0 +0 +0 +0 +1.255283e-08
1 +0 +0 +0 +2.421962e-08
2 +0 +0 +0 +1.320907e-08
3 +0 +0 +0 +7.724972e-09
4 +0 +0 +0 +4.801831e-09
5 +0 +0 +0 +3.039649e-09
6 +0 +0 +0 +1.975770e-09
7 +0 +0 +0 +1.303778e-09
8 +0 +0 +0 +8.683584e-10
9 +0 +0 +0 +5.815424e-10
10 +0 +0 +0 +3.962723e-10
11 +0 +0 +0 +2.595398e-10
12 +0 +0 +0 +1.786397e-10
13 +0 +0 +0 +1.172263e-10
14 +0 +0 +0 +7.911215e-11
15 +0 +0 +0 +5.213898e-11
16 +0 +0 +0 +3.894605e-11
17 +0 +0 +0 +2.583524e-11
18 +0 +0 +0 +2.044653e-11
19 +0 +0 +0 +1.760404e-11
20 +0 +0 +0 +1.259320e-11
21 +0 +0 +0 +8.940870e-12
22 +0 +0 +0 +7.322335e-12
23 +0 +0 +0 +6.442694e-12
24 +0 +0 +0 +4.806211e-12
25 +0 +0 +0 +3.502357e-12
26 +0 +0 +0 +3.673509e-12
27 +0 +0 +0 +2.937270e-12
28 +0 +0 +0 +8.060892e-13
29 +0 +0 +0 +6.538581e-13
30 +0 +0 +0 +6.831915e-13
31 +0 +0 +0 +6.471571e-13
32 +0 +0 +0 +7.635548e-13
33 +0 +0 +0 -1.221170e-13
34 +0 +0 +0 -7.486769e-14
35 +0 +0 +0 -5.573738e-14
36 +0 +0 +0 +4.381936e-13
37 +0 +0 +0 +1.747353e-13
38 +0 +0 +0 +3.603751e-13
39 +0 +0 +0 +2.839136e-13
40 +0 +0 +0 +3.415573e-13
41 +0 +0 +0 +3.866954e-13
42 +0 +0 +0 +5.905655e-13
43 +0 +0 +0 +4.873466e-13
44 +0 +0 +0 +1.194274e-13
45 +0 +0 +0 -1.636595e-13
46 +0 +0 +0 -1.715046e-13
47 +0 +0 +0 -1.768366e-13
48 +0 +0 +0 -1.017589e-13
49 +0 +0 +0 -1.892603e-13
50 +0 +0 +0 -2.498439e-13
51 +0 +0 +0 +1.236293e-14
52 +0 +0 +0 -5.174508e-14
53 +0 +0 +0 -1.299245e-13
54 +0 +0 +0 -8.799500e-14
55 +0 +0 +0 -1.193920e-13
56 +0 +0 +0 -2.162542e-13
57 +0 +0 +0 -1.003714e-13
58 +0 +0 +0 -1.330213e-13
59 +0 +0 +0 -7.610006e-14
60 +0 +0 +0 -5.966869e-14
61 +0 +0 +0 +4.379786e-14
62 +0 +0 +0 -4.949348e-14
63 +0 +0 +0 -6.717713e-14
