0 +0 +0 +0 +1.272417e-08
1 +0 +0 +0 +2.380469e-08
2 +0 +0 +0 +1.312651e-08
3 +0 +0 +0 +7.795432e-09
4 +0 +0 +0 +4.847836e-09
5 +0 +0 +0 +3.107609e-09
6 +0 +0 +0 +2.039339e-09
7 +0 +0 +0 +1.352009e-09
8 +0 +0 +0 +8.804735e-10
9 +0 +0 +0 +5.932828e-10
10 +0 +0 +0 +4.048151e-10
11 +0 +0 +0 +2.652944e-10
12 +0 +0 +0 +1.810430e-10
13 +0 +0 +0 +1.183671e-10
14 +0 +0 +0 +7.965449e-11
15 +0 +0 +0 +5.329107e-11
16 +0 +0 +0 +3.271929e-11
17 +0 +0 +0 +1.924360e-11
18 +0 +0 +0 +1.073110e-11
19 +0 +0 +0 +7.775919e-12
20 +0 +0 +0 +4.866568e-12
21 +0 +0 +0 +2.099208e-12
22 +0 +0 +0 +9.704385e-13
23 +0 +0 +0 +3.389749e-13
24 +0 +0 +0 -3.951155e-13
25 +0 +0 +0 -6.634707e-14
26 +0 +0 +0 -1.019951e-12
27 +0 +0 +0 -7.307119e-13
28 +0 +0 +0 -3.324812e-13
29 +0 +0 +0 +3.066341e-13
30 +0 +0 +0 +5.592426e-13
31 +0 +0 +0 +1.404475e-13
32 +0 +0 +0 +9.532395e-14
33 +0 +0 +0 +2.978494e-14
34 +0 +0 +0 -2.153920e-14
35 +0 +0 +0 -2.224283e-16
36 +0 +0 +0 -4.863038e-13
37 +0 +0 +0 -2.983993e-13
38 +0 +0 +0 -1.192259e-14
39 +0 +0 +0 +6.129097e-14
40 +0 +0 +0 -1.657550e-13
41 +0 +0 +0 -1.085203e-13
42 +0 +0 +0 -3.450776e-13
43 +0 +0 +0 -2.118890e-13
44 +0 +0 +0 -1.353467e-13
45 +0 +0 +0 -1.642199e-14
46 +0 +0 +0 -1.596007e-14
47 +0 +0 +0 +1.038145e-13
48 +0 +0 +0 +2.165302e-14
49 +0 +0 +0 +1.706776e-13
50 +0 +0 +0 +4.435552e-15
51 +0 +0 +0 -6.084022e-14
52 +0 +0 +0 -7.780939e-14
53 +0 +0 +0 -9.852943e-15
54 +0 +0 +0 -1.512570e-13
55 +0 +0 +0 -1.560699e-13
56 +0 +0 +0 -9.801551e-14
57 +0 +0 +0 -1.555204e-13
58 +0 +0 +0 -4.577385e-14
59 +0 +0 +0 -6.694638e-15
60 +0 +0 +0 +7.690491e-14
61 +0 +0 +0 +7.271261e-14
62 +0 +0 +0 +8.723019e-14
63 +0 +0 +0 +4.747356e-14
