0 +0 +0 +0 +1.340541e-08
1 +0 +0 +0 +2.436543e-08
2 +0 +0 +0 +1.355102e-08
3 +0 +0 +0 +8.125643e-09
4 +0 +0 +0 +5.082014e-09
5 +0 +0 +0 +3.275940e-09
6 +0 +0 +0 +2.064639e-09
7 +0 +0 +0 +1.375598e-09
8 +0 +0 +0 +9.391896e-10
9 +0 +0 +0 +6.167014e-10
10 +0 +0 +0 +4.178610e-10
11 +0 +0 +0 +2.631899e-10
12 +0 +0 +0 +1.777601e-10
13 +0 +0 +0 +1.176984e-10
14 +0 +0 +0 +7.418080e-11
15 +0 +0 +0 +4.998229e-11
16 +0 +0 +0 +3.226697e-11
17 +0 +0 +0 +2.291875e-11
18 +0 +0 +0 +1.908098e-11
19 +0 +0 +0 +1.576863e-11
20 +0 +0 +0 +1.009776e-11
21 +0 +0 +0 +7.186319e-12
22 +0 +0 +0 +6.003615e-12
23 +0 +0 +0 +6.931105e-12
24 +0 +0 +0 +5.664004e-12
25 +0 +0 +0 +3.027499e-12
26 +0 +0 +0 +3.013075e-12
27 +0 +0 +0 +1.855905e-12
28 +0 +0 +0 +1.173610e-12
29 +0 +0 +0 +3.691243e-13
30 +0 +0 +0 +2.693404e-13
31 +0 +0 +0 +1.789301e-13
32 +0 +0 +0 -4.906085e-13
33 +0 +0 +0 +3.633795e-13
34 +0 +0 +0 +1.575059e-13
35 +0 +0 +0 -7.034364e-14
36 +0 +0 +0 -3.523090e-13
37 +0 +0 +0 -5.935830e-13
38 +0 +0 +0 -3.450553e-13
39 +0 +0 +0 -3.551515e-13
40 +0 +0 +0 -1.981830e-13
41 +0 +0 +0 -2.754364e-13
42 +0 +0 +0 -2.213365e-13
43 +0 +0 +0 -2.151087e-14
44 +0 +0 +0 -1.870964e-13
45 +0 +0 +0 -1.450287e-13
46 +0 +0 +0 -1.691909e-13
47 +0 +0 +0 -3.693181e-13
48 +0 +0 +0 -4.585366e-13
49 +0 +0 +0 -3.599128e-13
50 +0 +0 +0 -4.121434e-13
51 +0 +0 +0 -4.661166e-13
52 +0 +0 +0 -4.014351e-13
53 +0 +0 +0 -3.801670e-13
54 +0 +0 +0 -3.293357e-13
55 +0 +0 +0 -1.400226e-13
56 +0 +0 +0 -7.931399e-14
57 +0 +0 +0 -1.197851e-13
58 +0 +0 +0 -1.238575e-13
59 +0 +0 +0 -7.504265e-14
60 +0 +0 +0 -7.302205e-14
61 +0 +0 +0 -3.486251e-14
62 +0 +0 +0 -9.701639e-14
63 +0 +0 +0 -4.808906e-14
