0 +0 +0 +0 +1.311836e-08
1 +0 +0 +0 +2.496082e-08
2 +0 +0 +0 +1.364334e-08
3 +0 +0 +0 +7.974174e-09
4 +0 +0 +0 +4.814770e-09
5 +0 +0 +0 +3.122327e-09
6 +0 +0 +0 +2.010020e-09
7 +0 +0 +0 +1.321568e-09
8 +0 +0 +0 +8.703112e-10
9 +0 +0 +0 +5.833152e-10
10 +0 +0 +0 +3.919619e-10
11 +0 +0 +0 +2.605730e-10
12 +0 +0 +0 +1.708565e-10
13 +0 +0 +0 +1.168715e-10
14 +0 +0 +0 +8.310316e-11
15 +0 +0 +0 +5.849836e-11
16 +0 +0 +0 +3.930142e-11
17 +0 +0 +0 +2.603137e-11
18 +0 +0 +0 +1.535854e-11
19 +0 +0 +0 +1.051271e-11
20 +0 +0 +0 +6.005659e-12
21 +0 +0 +0 +4.553271e-12
22 +0 +0 +0 +3.313139e-12
23 +0 +0 +0 +1.552486e-12
24 +0 +0 +0 +7.915007e-13
25 +0 +0 +0 +4.720332e-13
26 +0 +0 +0 +6.280750e-13
27 +0 +0 +0 +5.941674e-13
28 +0 +0 +0 +1.379971e-12
29 +0 +0 +0 +5.201225e-13
30 +0 +0 +0 +6.963609e-13
31 +0 +0 +0 +6.181707e-13
32 +0 +0 +0 +6.035978e-13
33 +0 +0 +0 +4.260834e-13
34 +0 +0 +0 -5.467055e-13
35 +0 +0 +0 -7.156014e-13
36 +0 +0 +0 -5.290563e-13
37 +0 +0 +0 -1.050182e-12
38 +0 +0 +0 -1.111153e-12
39 +0 +0 +0 -6.986528e-13
40 +0 +0 +0 -4.830777e-13
41 +0 +0 +0 -4.293894e-13
42 +0 +0 +0 -3.083801e-13
43 +0 +0 +0 -1.328995e-13
44 +0 +0 +0 +5.517935e-14
45 +0 +0 +0 +3.706435e-14
46 +0 +0 +0 -3.066431e-14
47 +0 +0 +0 -1.392044e-14
48 +0 +0 +0 +1.654743e-14
49 +0 +0 +0 +3.351676e-13
50 +0 +0 +0 +3.570932e-13
51 +0 +0 +0 +4.827356e-13
52 +0 +0 +0 +3.179978e-13
53 +0 +0 +0 +2.841710e-13
54 +0 +0 +0 +2.437087e-13
55 +0 +0 +0 +9.227748e-14
56 +0 +0 +0 +1.287620e-13
57 +0 +0 +0 +1.362377e-13
58 +0 +0 +0 +1.106887e-13
59 +0 +0 +0 +7.120507e-14
60 +0 +0 +0 +1.078141e-13
61 +0 +0 +0 +7.538017e-14
62 +0 +0 +0 +1.295497e-13
63 +0 +0 +0 +1.099312e-13
