0 +0 +0 +0 +1.282082e-08
1 +0 +0 +0 +2.358207e-08
2 +0 +0 +0 +1.297528e-08
3 +0 +0 +0 +7.652889e-09
4 +0 +0 +0 +4.637821e-09
5 +0 +0 +0 +2.942209e-09
6 +0 +0 +0 +1.917720e-09
7 +0 +0 +0 +1.235470e-09
8 +0 +0 +0 +8.413454e-10
9 +0 +0 +0 +5.754306e-10
10 +0 +0 +0 +3.842003e-10
11 +0 +0 +0 +2.611806e-10
12 +0 +0 +0 +1.828949e-10
13 +0 +0 +0 +1.204140e-10
14 +0 +0 +0 +8.223398e-11
15 +0 +0 +0 +5.103641e-11
16 +0 +0 +0 +3.295838e-11
17 +0 +0 +0 +2.271751e-11
18 +0 +0 +0 +1.675022e-11
19 +0 +0 +0 +1.168274e-11
20 +0 +0 +0 +9.379447e-12
21 +0 +0 +0 +5.897423e-12
22 +0 +0 +0 +4.431452e-12
23 +0 +0 +0 +2.624295e-12
24 +0 +0 +0 +1.164906e-12
25 +0 +0 +0 -7.575430e-13
26 +0 +0 +0 +4.286532e-13
27 +0 +0 +0 +7.928451e-13
28 +0 +0 +0 +1.051623e-12
29 +0 +0 +0 +1.226765e-12
30 +0 +0 +0 +2.296178e-12
31 +0 +0 +0 +2.094507e-12
32 +0 +0 +0 +2.039369e-12
33 +0 +0 +0 +1.863029e-12
34 +0 +0 +0 +8.197320e-13
35 +0 +0 +0 +7.337871e-13
36 +0 +0 +0 +6.368952e-13
37 +0 +0 +0 +4.188145e-13
38 +0 +0 +0 +3.362490e-13
39 +0 +0 +0 -4.532524e-14
40 +0 +0 +0 +1.853964e-13
41 +0 +0 +0 -7.679066e-14
42 +0 +0 +0 +1.329513e-13
43 +0 +0 +0 -2.050829e-14
44 +0 +0 +0 -1.536868e-14
45 +0 +0 +0 -1.108768e-13
46 +0 +0 +0 -2.096939e-13
47 +0 +0 +0 -1.866952e-13
48 +0 +0 +0 -1.526831e-13
49 +0 +0 +0 -2.715023e-13
50 +0 +0 +0 -3.791071e-13
51 +0 +0 +0 -2.614273e-13
52 +0 +0 +0 -1.329845e-13
53 +0 +0 +0 -1.046995e-13
54 +0 +0 +0 +1.318434e-14
55 +0 +0 +0 +1.210773e-13
56 +0 +0 +0 -6.837100e-14
57 +0 +0 +0 -8.633118e-14
58 +0 +0 +0 -1.149437e-13
59 +0 +0 +0 -1.808213e-15
60 +0 +0 +0 -2.675348e-14
61 +0 +0 +0 -1.769133e-13
62 +0 +0 +0 -2.595995e-13
63 +0 +0 +0 -1.221722e-13
