0 +0 +0 +0 +1.310288e-08
1 +0 +0 +0 +2.382359e-08
2 +0 +0 +0 +1.320394e-08
3 +0 +0 +0 +7.781158e-09
4 +0 +0 +0 +4.843824e-09
5 +0 +0 +0 +3.109946e-09
6 +0 +0 +0 +2.038898e-09
7 +0 +0 +0 +1.355512e-09
8 +0 +0 +0 +8.950104e-10
9 +0 +0 +0 +5.943204e-10
10 +0 +0 +0 +3.970086e-10
11 +0 +0 +0 +2.760447e-10
12 +0 +0 +0 +1.849974e-10
13 +0 +0 +0 +1.206004e-10
14 +0 +0 +0 +8.341309e-11
15 +0 +0 +0 +5.713402e-11
16 +0 +0 +0 +3.834364e-11
17 +0 +0 +0 +2.384051e-11
18 +0 +0 +0 +1.659605e-11
19 +0 +0 +0 +1.239847e-11
20 +0 +0 +0 +8.110127e-12
21 +0 +0 +0 +5.676697e-12
22 +0 +0 +0 +4.188147e-12
23 +0 +0 +0 +2.267471e-12
24 +0 +0 +0 -1.798028e-14
25 +0 +0 +0 -6.001822e-14
26 +0 +0 +0 +5.683781e-13
27 +0 +0 +0 +1.908815e-13
28 +0 +0 +0 +1.220031e-12
29 +0 +0 +0 +1.087397e-12
30 +0 +0 +0 +1.075389e-12
31 +0 +0 +0 +1.122000e-12
32 +0 +0 +0 +1.986362e-12
33 +0 +0 +0 +1.553513e-12
34 +0 +0 +0 +7.248531e-13
35 +0 +0 +0 +1.267383e-14
36 +0 +0 +0 +1.577286e-13
37 +0 +0 +0 +9.799179e-14
38 +0 +0 +0 +3.107174e-13
39 +0 +0 +0 +2.988112e-13
40 +0 +0 +0 +8.734779e-14
41 +0 +0 +0 +7.051683e-14
42 +0 +0 +0 -4.975813e-14
43 +0 +0 +0 -9.944450e-14
44 +0 +0 +0 -1.544150e-13
45 +0 +0 +0 -2.221877e-13
46 +0 +0 +0 -1.518943e-13
47 +0 +0 +0 -2.113875e-13
48 +0 +0 +0 -6.599511e-14
49 +0 +0 +0 +3.382626e-14
50 +0 +0 +0 +2.135399e-14
51 +0 +0 +0 -1.374765e-14
52 +0 +0 +0 -1.175709e-14
53 +0 +0 +0 +5.646774e-14
54 +0 +0 +0 +8.204037e-14
55 +0 +0 +0 +1.032834e-13
56 +0 +0 +0 +9.581013e-14
57 +0 +0 +0 +6.646560e-14
58 +0 +0 +0 -2.537256e-14
59 +0 +0 +0 +9.716190e-14
60 +0 +0 +0 +8.076212e-14
61 +0 +0 +0 +5.362755e-14
62 +0 +0 +0 -5.309729e-14
63 +0 +0 +0 -1.482121e-14
