0 +0 +0 +0 +1.295823e-08
1 +0 +0 +0 +2.363925e-08
2 +0 +0 +0 +1.282863e-08
3 +0 +0 +0 +7.703861e-09
4 +0 +0 +0 +4.757097e-09
5 +0 +0 +0 +3.048296e-09
6 +0 +0 +0 +2.009407e-09
7 +0 +0 +0 +1.279591e-09
8 +0 +0 +0 +8.796881e-10
9 +0 +0 +0 +5.998264e-10
10 +0 +0 +0 +4.099702e-10
11 +0 +0 +0 +2.836017e-10
12 +0 +0 +0 +1.944135e-10
13 +0 +0 +0 +1.412540e-10
14 +0 +0 +0 +9.982402e-11
15 +0 +0 +0 +7.180533e-11
16 +0 +0 +0 +5.329879e-11
17 +0 +0 +0 +3.799967e-11
18 +0 +0 +0 +2.441337e-11
19 +0 +0 +0 +1.529030e-11
20 +0 +0 +0 +8.884950e-12
21 +0 +0 +0 +6.022318e-12
22 +0 +0 +0 +4.645359e-12
23 +0 +0 +0 +3.147696e-12
24 +0 +0 +0 +1.286562e-12
25 +0 +0 +0 +1.561951e-12
26 +0 +0 +0 +3.848146e-14
27 +0 +0 +0 -2.520576e-13
28 +0 +0 +0 -5.626729e-13
29 +0 +0 +0 +1.876142e-15
30 +0 +0 +0 +3.400282e-13
31 +0 +0 +0 +9.842532e-14
32 +0 +0 +0 -4.773306e-13
33 +0 +0 +0 -2.105505e-13
34 +0 +0 +0 -1.039343e-13
35 +0 +0 +0 -1.674580e-13
36 +0 +0 +0 -5.003113e-13
37 +0 +0 +0 -1.051569e-13
38 +0 +0 +0 -1.930436e-13
39 +0 +0 +0 -1.910730e-13
40 +0 +0 +0 -9.762738e-15
41 +0 +0 +0 +1.683091e-13
42 +0 +0 +0 +2.599371e-13
43 +0 +0 +0 +6.166949e-14
44 +0 +0 +0 +4.292239e-14
45 +0 +0 +0 -1.680108e-13
46 +0 +0 +0 -2.700151e-13
47 +0 +0 +0 -2.087931e-13
48 +0 +0 +0 -2.296801e-13
49 +0 +0 +0 -1.709184e-13
50 +0 +0 +0 -1.029161e-13
51 +0 +0 +0 -2.338727e-13
52 +0 +0 +0 -2.598987e-13
53 +0 +0 +0 -9.920232e-14
54 +0 +0 +0 -5.832710e-14
55 +0 +0 +0 -2.019387e-14
56 +0 +0 +0 -1.962237e-14
57 +0 +0 +0 -4.521472e-14
58 +0 +0 +0 -1.476235e-14
59 +0 +0 +0 +2.397624e-14
60 +0 +0 +0 -4.111067e-14
61 +0 +0 +0 +3.870636e-14
62 +0 +0 +0 -6.847414e-14
63 +0 +0 +0 -6.228571e-14
