0 +0 +0 +0 +1.259462e-08
1 +0 +0 +0 +2.370058e-08
2 +0 +0 +0 +1.294718e-08
3 +0 +0 +0 +7.767566e-09
4 +0 +0 +0 +4.742474e-09
5 +0 +0 +0 +3.072562e-09
6 +0 +0 +0 +2.078879e-09
7 +0 +0 +0 +1.352462e-09
8 +0 +0 +0 +8.984028e-10
9 +0 +0 +0 +6.013879e-10
10 +0 +0 +0 +4.068537e-10
11 +0 +0 +0 +2.839018e-10
12 +0 +0 +0 +1.848549e-10
13 +0 +0 +0 +1.182372e-10
14 +0 +0 +0 +8.111711e-11
15 +0 +0 +0 +5.293072e-11
16 +0 +0 +0 +3.412019e-11
17 +0 +0 +0 +2.256238e-11
18 +0 +0 +0 +1.353843e-11
19 +0 +0 +0 +7.456741e-12
20 +0 +0 +0 +6.469926e-12
21 +0 +0 +0 +1.747957e-12
22 +0 +0 +0 +3.516857e-12
23 +0 +0 +0 +1.777384e-12
24 +0 +0 +0 +7.519810e-13
25 +0 +0 +0 +4.650445e-13
26 +0 +0 +0 +2.908938e-13
27 +0 +0 +0 +6.420547e-13
28 +0 +0 +0 -4.046309e-13
29 +0 +0 +0 -5.140872e-13
30 +0 +0 +0 -7.595274e-13
31 +0 +0 +0 +1.961940e-14
32 +0 +0 +0 +5.349291e-14
33 +0 +0 +0 +4.955270e-13
34 +0 +0 +0 +5.179240e-13
35 +0 +0 +0 +7.704849e-13
36 +0 +0 +0 +7.154794e-13
37 +0 +0 +0 +2.397763e-13
38 +0 +0 +0 -1.626820e-14
39 +0 +0 +0 +8.109624e-14
40 +0 +0 +0 +1.885121e-13
41 +0 +0 +0 +2.148643e-15
42 +0 +0 +0 +1.691519e-13
43 +0 +0 +0 +2.416628e-13
44 +0 +0 +0 +8.432811e-14
45 +0 +0 +0 +1.644102e-13
46 +0 +0 +0 +1.376875e-13
47 +0 +0 +0 +2.423809e-13
48 +0 +0 +0 +2.117705e-13
49 +0 +0 +0 +2.522575e-13
50 +0 +0 +0 +3.229237e-13
51 +0 +0 +0 +3.050928e-13
52 +0 +0 +0 +3.519183e-13
53 +0 +0 +0 +2.855315e-13
54 +0 +0 +0 +1.948381e-13
55 +0 +0 +0 +1.841840e-13
56 +0 +0 +0 +1.211279e-13
57 +0 +0 +0 +2.691319e-13
58 +0 +0 +0 +9.566293e-14
59 +0 +0 +0 +1.239195e-13
60 +0 +0 +0 +8.778817e-14
61 +0 +0 +0 +9.707742e-15
62 +0 +0 +0 +8.446096e-15
63 +0 +0 +0 -2.558521e-16
