0 +0 +0 +0 +1.336956e-08
1 +0 +0 +0 +2.396438e-08
2 +0 +0 +0 +1.337261e-08
3 +0 +0 +0 +7.989620e-09
4 +0 +0 +0 +4.994751e-09
5 +0 +0 +0 +3.176214e-09
6 +0 +0 +0 +2.088012e-09
7 +0 +0 +0 +1.382550e-09
8 +0 +0 +0 +9.216221e-10
9 +0 +0 +0 +6.351616e-10
10 +0 +0 +0 +4.263423e-10
11 +0 +0 +0 +2.885273e-10
12 +0 +0 +0 +1.967225e-10
13 +0 +0 +0 +1.357115e-10
14 +0 +0 +0 +9.243449e-11
15 +0 +0 +0 +6.426954e-11
16 +0 +0 +0 +4.474450e-11
17 +0 +0 +0 +3.033004e-11
18 +0 +0 +0 +2.034224e-11
19 +0 +0 +0 +1.163522e-11
20 +0 +0 +0 +6.217173e-12
21 +0 +0 +0 +4.997213e-12
22 +0 +0 +0 +3.043149e-12
23 +0 +0 +0 +6.785647e-13
24 +0 +0 +0 +2.549038e-13
25 +0 +0 +0 +2.658914e-14
26 +0 +0 +0 +9.539446e-13
27 +0 +0 +0 +7.335925e-13
28 +0 +0 +0 -1.163213e-13
29 +0 +0 +0 +1.421501e-13
30 +0 +0 +0 +1.911673e-13
31 +0 +0 +0 -3.555382e-14
32 +0 +0 +0 -1.626336e-13
33 +0 +0 +0 +2.212951e-13
34 +0 +0 +0 +6.955980e-13
35 +0 +0 +0 +3.855244e-13
36 +0 +0 +0 +4.878648e-14
37 +0 +0 +0 -5.136464e-13
38 +0 +0 +0 -2.287877e-13
39 +0 +0 +0 -3.157491e-14
40 +0 +0 +0 -5.945121e-14
41 +0 +0 +0 -1.528636e-13
42 +0 +0 +0 -2.846269e-13
43 +0 +0 +0 -2.181167e-13
44 +0 +0 +0 -1.733819e-13
45 +0 +0 +0 -4.492821e-14
46 +0 +0 +0 +4.593175e-14
47 +0 +0 +0 -7.123947e-14
48 +0 +0 +0 +1.210130e-13
49 +0 +0 +0 +1.466897e-13
50 +0 +0 +0 +1.356552e-13
51 +0 +0 +0 +1.522250e-13
52 +0 +0 +0 +2.127925e-14
53 +0 +0 +0 -1.065375e-13
54 +0 +0 +0 +1.380272e-14
55 +0 +0 +0 +1.892005e-13
56 +0 +0 +0 +1.703324e-13
57 +0 +0 +0 +1.983597e-13
58 +0 +0 +0 +2.181436e-13
59 +0 +0 +0 +2.729106e-13
60 +0 +0 +0 +1.474877e-13
61 +0 +0 +0 +1.698737e-13
62 +0 +0 +0 +1.582033e-13
63 +0 +0 +0 +1.180470e-13
