0 +0 +0 +0 +1.350788e-08
1 +0 +0 +0 +2.484290e-08
2 +0 +0 +0 +1.394806e-08
3 +0 +0 +0 +8.253810e-09
4 +0 +0 +0 +5.118691e-09
5 +0 +0 +0 +3.290635e-09
6 +0 +0 +0 +2.098761e-09
7 +0 +0 +0 +1.363608e-09
8 +0 +0 +0 +8.902678e-10
9 +0 +0 +0 +5.991935e-10
10 +0 +0 +0 +4.045161e-10
11 +0 +0 +0 +2.715598e-10
12 +0 +0 +0 +1.895105e-10
13 +0 +0 +0 +1.249111e-10
14 +0 +0 +0 +7.943148e-11
15 +0 +0 +0 +5.503201e-11
16 +0 +0 +0 +3.469858e-11
17 +0 +0 +0 +1.943526e-11
18 +0 +0 +0 +1.214351e-11
19 +0 +0 +0 +6.522908e-12
20 +0 +0 +0 +2.949400e-12
21 +0 +0 +0 +4.259525e-14
22 +0 +0 +0 -1.476394e-12
23 +0 +0 +0 -1.407750e-12
24 +0 +0 +0 -5.824791e-13
25 +0 +0 +0 -3.662857e-13
26 +0 +0 +0 +7.209792e-13
27 +0 +0 +0 -8.098598e-14
28 +0 +0 +0 -9.118423e-13
29 +0 +0 +0 -1.153086e-12
30 +0 +0 +0 -6.825108e-13
31 +0 +0 +0 -1.273751e-12
32 +0 +0 +0 -6.126299e-13
33 +0 +0 +0 -4.445458e-13
34 +0 +0 +0 +4.895729e-14
35 +0 +0 +0 -5.265213e-13
36 +0 +0 +0 -3.577122e-13
37 +0 +0 +0 -6.551871e-13
38 +0 +0 +0 -2.108572e-13
39 +0 +0 +0 -2.272204e-13
40 +0 +0 +0 +1.826279e-13
41 +0 +0 +0 +1.323854e-13
42 +0 +0 +0 -8.746677e-14
43 +0 +0 +0 -8.091541e-14
44 +0 +0 +0 +4.895247e-14
45 +0 +0 +0 +2.001015e-13
46 +0 +0 +0 +2.776706e-15
47 +0 +0 +0 +2.285763e-14
48 +0 +0 +0 -2.203068e-15
49 +0 +0 +0 -2.155197e-14
50 +0 +0 +0 -7.836679e-15
51 +0 +0 +0 +3.523448e-14
52 +0 +0 +0 -5.531158e-14
53 +0 +0 +0 -8.382318e-14
54 +0 +0 +0 -1.514877e-13
55 +0 +0 +0 -4.449719e-14
56 +0 +0 +0 -8.935446e-14
57 +0 +0 +0 +5.841245e-14
58 +0 +0 +0 +5.211922e-14
59 +0 +0 +0 +7.764142e-14
60 +0 +0 +0 +9.508770e-14
61 +0 +0 +0 +9.516030e-14
62 +0 +0 +0 +1.781966e-13
63 +0 +0 +0 +1.908343e-13
