0 +0 +0 +0 +1.403922e-08
1 +0 +0 +0 +2.478652e-08
2 +0 +0 +0 +1.401410e-08
3 +0 +0 +0 +8.190405e-09
4 +0 +0 +0 +4.988550e-09
5 +0 +0 +0 +3.256994e-09
6 +0 +0 +0 +2.124193e-09
7 +0 +0 +0 +1.370494e-09
8 +0 +0 +0 +9.185864e-10
9 +0 +0 +0 +6.156102e-10
10 +0 +0 +0 +4.175561e-10
11 +0 +0 +0 +2.968152e-10
12 +0 +0 +0 +2.119514e-10
13 +0 +0 +0 +1.451495e-10
14 +0 +0 +0 +9.948608e-11
15 +0 +0 +0 +6.343665e-11
16 +0 +0 +0 +4.378920e-11
17 +0 +0 +0 +2.929885e-11
18 +0 +0 +0 +1.948088e-11
19 +0 +0 +0 +1.481470e-11
20 +0 +0 +0 +9.833571e-12
21 +0 +0 +0 +6.138065e-12
22 +0 +0 +0 +5.427342e-12
23 +0 +0 +0 +3.255420e-12
24 +0 +0 +0 +1.530186e-12
25 +0 +0 +0 +7.167902e-13
26 +0 +0 +0 -1.267628e-12
27 +0 +0 +0 -1.159566e-12
28 +0 +0 +0 -8.808280e-13
29 +0 +0 +0 -1.432607e-12
30 +0 +0 +0 -1.082894e-12
31 +0 +0 +0 -5.629673e-14
32 +0 +0 +0 +7.532079e-14
33 +0 +0 +0 -1.356325e-13
34 +0 +0 +0 -2.374516e-13
35 +0 +0 +0 -6.574235e-14
36 +0 +0 +0 +2.668122e-13
37 +0 +0 +0 +1.812908e-13
38 +0 +0 +0 +2.029940e-13
39 +0 +0 +0 +3.868110e-13
40 +0 +0 +0 +3.276431e-13
41 +0 +0 +0 +4.093868e-13
42 +0 +0 +0 +4.283854e-13
43 +0 +0 +0 +1.431919e-13
44 +0 +0 +0 +8.020064e-14
45 +0 +0 +0 +2.515891e-13
46 +0 +0 +0 +1.714127e-13
47 +0 +0 +0 +5.851874e-14
48 +0 +0 +0 +9.908944e-14
49 +0 +0 +0 -3.733878e-14
50 +0 +0 +0 -7.524395e-14
51 +0 +0 +0 -9.111663e-15
52 +0 +0 +0 +9.710487e-14
53 +0 +0 +0 -2.886653e-14
54 +0 +0 +0 +8.307515e-15
55 +0 +0 +0 -5.993658e-14
56 +0 +0 +0 -1.155390e-13
57 +0 +0 +0 -2.132793e-13
58 +0 +0 +0 -2.029081e-13
59 +0 +0 +0 -1.426695e-13
60 +0 +0 +0 -1.328752e-13
61 +0 +0 +0 -1.693212e-13
62 +0 +0 +0 -2.060325e-13
63 +0 +0 +0 -1.292112e-13
