0 +0 +0 +0 +1.368231e-08
1 +0 +0 +0 +2.427031e-08
2 +0 +0 +0 +1.388772e-08
3 +0 +0 +0 +8.237650e-09
4 +0 +0 +0 +5.081880e-09
5 +0 +0 +0 +3.177958e-09
6 +0 +0 +0 +2.046999e-09
7 +0 +0 +0 +1.314495e-09
8 +0 +0 +0 +8.749468e-10
9 +0 +0 +0 +5.609642e-10
10 +0 +0 +0 +3.837391e-10
11 +0 +0 +0 +2.559243e-10
12 +0 +0 +0 +1.669740e-10
13 +0 +0 +0 +1.125115e-10
14 +0 +0 +0 +8.348832e-11
15 +0 +0 +0 +5.677435e-11
16 +0 +0 +0 +3.687048e-11
17 +0 +0 +0 +2.587480e-11
18 +0 +0 +0 +1.608152e-11
19 +0 +0 +0 +8.542467e-12
20 +0 +0 +0 +5.283458e-12
21 +0 +0 +0 +4.016990e-12
22 +0 +0 +0 +3.087673e-12
23 +0 +0 +0 +2.106089e-12
24 +0 +0 +0 +1.972651e-12
25 +0 +0 +0 +1.223934e-12
26 +0 +0 +0 +2.903337e-13
27 +0 +0 +0 +3.737542e-13
28 +0 +0 +0 +2.174496e-13
29 +0 +0 +0 -4.531720e-14
30 +0 +0 +0 +3.315945e-15
31 +0 +0 +0 +1.090015e-13
32 +0 +0 +0 +4.441252e-13
33 +0 +0 +0 +7.871265e-14
34 +0 +0 +0 -1.227016e-13
35 +0 +0 +0 -4.207501e-13
36 +0 +0 +0 -8.250802e-13
37 +0 +0 +0 -2.801919e-13
38 +0 +0 +0 -5.417370e-13
39 +0 +0 +0 -5.391025e-13
40 +0 +0 +0 -6.647962e-13
41 +0 +0 +0 -4.558464e-13
42 +0 +0 +0 -1.725893e-13
43 +0 +0 +0 -6.726871e-14
44 +0 +0 +0 -1.049875e-15
45 +0 +0 +0 +5.919779e-14
46 +0 +0 +0 +1.240990e-13
47 +0 +0 +0 +1.348163e-13
48 +0 +0 +0 -1.504226e-15
49 +0 +0 +0 -2.301656e-14
50 +0 +0 +0 -5.219922e-14
51 +0 +0 +0 -1.111647e-13
52 +0 +0 +0 -9.764138e-14
53 +0 +0 +0 -1.596586e-13
54 +0 +0 +0 -1.970813e-13
55 +0 +0 +0 -5.319331e-14
56 +0 +0 +0 -4.933428e-14
57 +0 +0 +0 -2.200088e-14
58 +0 +0 +0 -1.864283e-14
59 +0 +0 +0 -4.217764e-14
60 +0 +0 +0 -5.540396e-15
61 +0 +0 +0 -1.784016e-14
62 +0 +0 +0 +1.146048e-13
63 +0 +0 +0 +1.164004e-14
