0 +0 +0 +0 +1.204126e-08
1 +0 +0 +0 +2.344714e-08
2 +0 +0 +0 +1.289127e-08
3 +0 +0 +0 +7.402647e-09
4 +0 +0 +0 +4.585021e-09
5 +0 +0 +0 +2.891167e-09
6 +0 +0 +0 +1.861451e-09
7 +0 +0 +0 +1.231130e-09
8 +0 +0 +0 +7.924213e-10
9 +0 +0 +0 +5.334909e-10
10 +0 +0 +0 +3.628230e-10
11 +0 +0 +0 +2.366129e-10
12 +0 +0 +0 +1.626338e-10
13 +0 +0 +0 +1.106385e-10
14 +0 +0 +0 +7.306671e-11
15 +0 +0 +0 +5.226699e-11
16 +0 +0 +0 +3.610816e-11
17 +0 +0 +0 +2.583445e-11
18 +0 +0 +0 +1.734717e-11
19 +0 +0 +0 +1.075276e-11
20 +0 +0 +0 +7.623232e-12
21 +0 +0 +0 +4.767878e-12
22 +0 +0 +0 +5.251558e-12
23 +0 +0 +0 +3.071518e-12
24 +0 +0 +0 +3.973352e-12
25 +0 +0 +0 +1.728837e-12
26 +0 +0 +0 +1.158829e-12
27 +0 +0 +0 +1.025107e-12
28 +0 +0 +0 +5.613546e-13
29 +0 +0 +0 +8.117704e-13
30 +0 +0 +0 +3.540468e-13
31 +0 +0 +0 +1.026731e-13
32 +0 +0 +0 +1.210084e-15
33 +0 +0 +0 +1.846500e-13
34 +0 +0 +0 +2.498059e-13
35 +0 +0 +0 -2.424038e-13
36 +0 +0 +0 +2.866192e-14
37 +0 +0 +0 +1.407052e-13
38 +0 +0 +0 +1.181052e-13
39 +0 +0 +0 -1.121808e-13
40 +0 +0 +0 -1.607201e-13
41 +0 +0 +0 -5.912548e-14
42 +0 +0 +0 -1.240947e-13
43 +0 +0 +0 +2.301096e-13
44 +0 +0 +0 +1.635205e-13
45 +0 +0 +0 -1.369813e-13
46 +0 +0 +0 -2.210931e-13
47 +0 +0 +0 -2.767130e-13
48 +0 +0 +0 -4.144976e-13
49 +0 +0 +0 -3.252245e-13
50 +0 +0 +0 -1.412508e-13
51 +0 +0 +0 -1.005095e-13
52 +0 +0 +0 -1.705414e-13
53 +0 +0 +0 +4.013572e-15
54 +0 +0 +0 -4.561461e-14
55 +0 +0 +0 -5.176306e-14
56 +0 +0 +0 -4.887463e-14
57 +0 +0 +0 -7.817589e-14
58 +0 +0 +0 +9.308283e-14
59 +0 +0 +0 +3.325066e-14
60 +0 +0 +0 -9.705888e-15
61 +0 +0 +0 +6.387229e-14
62 +0 +0 +0 +3.000162e-14
63 +0 +0 +0 +7.680494e-14
