0 +0 +0 +0 +1.347328e-08
1 +0 +0 +0 +2.391323e-08
2 +0 +0 +0 +1.319454e-08
3 +0 +0 +0 +7.938998e-09
4 +0 +0 +0 +4.938352e-09
5 +0 +0 +0 +3.140574e-09
6 +0 +0 +0 +2.044704e-09
7 +0 +0 +0 +1.351242e-09
8 +0 +0 +0 +8.939028e-10
9 +0 +0 +0 +5.935193e-10
10 +0 +0 +0 +3.912493e-10
11 +0 +0 +0 +2.680182e-10
12 +0 +0 +0 +1.740184e-10
13 +0 +0 +0 +1.245487e-10
14 +0 +0 +0 +8.202989e-11
15 +0 +0 +0 +5.624293e-11
16 +0 +0 +0 +3.857743e-11
17 +0 +0 +0 +2.476391e-11
18 +0 +0 +0 +1.783136e-11
19 +0 +0 +0 +1.158711e-11
20 +0 +0 +0 +9.444745e-12
21 +0 +0 +0 +5.475517e-12
22 +0 +0 +0 +3.089636e-12
23 +0 +0 +0 +2.577677e-12
24 +0 +0 +0 +1.316114e-12
25 +0 +0 +0 +1.119058e-12
26 +0 +0 +0 +9.871409e-13
27 +0 +0 +0 +6.923930e-13
28 +0 +0 +0 +1.299897e-13
29 +0 +0 +0 +1.748328e-13
30 +0 +0 +0 +3.202869e-13
31 +0 +0 +0 +2.914826e-13
32 +0 +0 +0 -2.776692e-13
33 +0 +0 +0 -6.096712e-13
34 +0 +0 +0 -3.527969e-13
35 +0 +0 +0 +4.334187e-15
36 +0 +0 +0 -2.102506e-13
37 +0 +0 +0 -3.704411e-13
38 +0 +0 +0 +1.754467e-13
39 +0 +0 +0 +2.808278e-13
40 +0 +0 +0 +1.257409e-13
41 +0 +0 +0 -8.595048e-14
42 +0 +0 +0 -3.284677e-13
43 +0 +0 +0 -3.855117e-13
44 +0 +0 +0 -1.798769e-13
45 +0 +0 +0 -3.357201e-15
46 +0 +0 +0 +2.144255e-13
47 +0 +0 +0 +3.047780e-13
48 +0 +0 +0 +2.347564e-13
49 +0 +0 +0 +2.064968e-13
50 +0 +0 +0 +9.808783e-14
51 +0 +0 +0 +7.727325e-14
52 +0 +0 +0 +1.759623e-13
53 +0 +0 +0 +5.983082e-17
54 +0 +0 +0 +4.169004e-14
55 +0 +0 +0 +1.041465e-13
56 +0 +0 +0 +9.135267e-14
57 +0 +0 +0 -2.791134e-14
58 +0 +0 +0 +3.860909e-14
59 +0 +0 +0 +2.264799e-14
60 +0 +0 +0 -6.743136e-14
61 +0 +0 +0 +2.676122e-14
62 +0 +0 +0 -4.665041e-14
63 +0 +0 +0 +3.687324e-14
