0 +0 +0 +0 +1.326487e-08
1 +0 +0 +0 +2.544309e-08
2 +0 +0 +0 +1.386569e-08
3 +0 +0 +0 +8.239171e-09
4 +0 +0 +0 +5.149337e-09
5 +0 +0 +0 +3.332820e-09
6 +0 +0 +0 +2.144936e-09
7 +0 +0 +0 +1.425967e-09
8 +0 +0 +0 +9.408384e-10
9 +0 +0 +0 +6.387598e-10
10 +0 +0 +0 +4.138466e-10
11 +0 +0 +0 +2.697531e-10
12 +0 +0 +0 +1.854658e-10
13 +0 +0 +0 +1.198873e-10
14 +0 +0 +0 +7.740975e-11
15 +0 +0 +0 +5.077233e-11
16 +0 +0 +0 +3.408076e-11
17 +0 +0 +0 +2.600457e-11
18 +0 +0 +0 +1.855176e-11
19 +0 +0 +0 +1.272978e-11
20 +0 +0 +0 +1.172960e-11
21 +0 +0 +0 +7.257126e-12
22 +0 +0 +0 +2.459579e-12
23 +0 +0 +0 +2.065462e-12
24 +0 +0 +0 -2.431872e-14
25 +0 +0 +0 +2.819995e-14
26 +0 +0 +0 +1.824828e-13
27 +0 +0 +0 -5.306105e-13
28 +0 +0 +0 -3.651286e-13
29 +0 +0 +0 -1.088934e-12
30 +0 +0 +0 -1.328992e-12
31 +0 +0 +0 -9.852602e-13
32 +0 +0 +0 -6.224559e-13
33 +0 +0 +0 -2.386326e-13
34 +0 +0 +0 -4.786448e-13
35 +0 +0 +0 -1.859499e-14
36 +0 +0 +0 -2.530232e-13
37 +0 +0 +0 -2.032646e-13
38 +0 +0 +0 -1.807927e-13
39 +0 +0 +0 -2.371827e-13
40 +0 +0 +0 -3.453056e-13
41 +0 +0 +0 -1.199994e-13
42 +0 +0 +0 -4.935020e-13
43 +0 +0 +0 -4.744185e-13
44 +0 +0 +0 -3.502718e-13
45 +0 +0 +0 -1.990984e-13
46 +0 +0 +0 -2.949060e-13
47 +0 +0 +0 -1.871639e-13
48 +0 +0 +0 -4.722292e-14
49 +0 +0 +0 -3.638759e-14
50 +0 +0 +0 +1.452154e-13
51 +0 +0 +0 +1.129364e-13
52 +0 +0 +0 +7.786614e-14
53 +0 +0 +0 +5.545791e-14
54 +0 +0 +0 +1.098115e-13
55 +0 +0 +0 +1.311654e-13
56 +0 +0 +0 +2.417717e-14
57 +0 +0 +0 +1.021092e-13
58 +0 +0 +0 -7.019581e-14
59 +0 +0 +0 +7.187877e-14
60 +0 +0 +0 +8.602219e-14
61 +0 +0 +0 +1.824686e-13
62 +0 +0 +0 +1.703736e-13
63 +0 +0 +0 +1.334509e-13
