0 +0 +0 +0 +1.372542e-08
1 +0 +0 +0 +2.525632e-08
2 +0 +0 +0 +1.406534e-08
3 +0 +0 +0 +8.329553e-09
4 +0 +0 +0 +5.138566e-09
5 +0 +0 +0 +3.254998e-09
6 +0 +0 +0 +2.127734e-09
7 +0 +0 +0 +1.383298e-09
8 +0 +0 +0 +9.238674e-10
9 +0 +0 +0 +6.082045e-10
10 +0 +0 +0 +3.984766e-10
11 +0 +0 +0 +2.569144e-10
12 +0 +0 +0 +1.744779e-10
13 +0 +0 +0 +1.187304e-10
14 +0 +0 +0 +8.458687e-11
15 +0 +0 +0 +5.511744e-11
16 +0 +0 +0 +4.046247e-11
17 +0 +0 +0 +2.789288e-11
18 +0 +0 +0 +1.990368e-11
19 +0 +0 +0 +1.376903e-11
20 +0 +0 +0 +8.526546e-12
21 +0 +0 +0 +4.686524e-12
22 +0 +0 +0 +3.148913e-12
23 +0 +0 +0 +1.113223e-12
24 +0 +0 +0 +1.977221e-12
25 +0 +0 +0 +1.473355e-12
26 +0 +0 +0 +1.055761e-12
27 +0 +0 +0 +5.638104e-13
28 +0 +0 +0 +6.724805e-13
29 +0 +0 +0 +5.456860e-13
30 +0 +0 +0 +6.884398e-13
31 +0 +0 +0 -1.735568e-13
32 +0 +0 +0 -4.106423e-13
33 +0 +0 +0 +2.048057e-13
34 +0 +0 +0 -6.569519e-13
35 +0 +0 +0 -8.372366e-13
36 +0 +0 +0 -9.038770e-13
37 +0 +0 +0 -5.526662e-13
38 +0 +0 +0 -4.305597e-13
39 +0 +0 +0 -3.906672e-13
40 +0 +0 +0 -1.321093e-13
41 +0 +0 +0 +1.173891e-13
42 +0 +0 +0 +4.328523e-13
43 +0 +0 +0 +2.212743e-13
44 +0 +0 +0 +3.920845e-13
45 +0 +0 +0 +3.067011e-13
46 +0 +0 +0 +1.779194e-13
47 +0 +0 +0 +1.157973e-13
48 +0 +0 +0 +1.339383e-13
49 +0 +0 +0 +1.706578e-14
50 +0 +0 +0 +9.760832e-14
51 +0 +0 +0 +2.683918e-14
52 +0 +0 +0 +2.963493e-14
53 +0 +0 +0 -1.648674e-14
54 +0 +0 +0 -2.197970e-14
55 +0 +0 +0 -1.412916e-13
56 +0 +0 +0 -9.668140e-14
57 +0 +0 +0 +2.962514e-14
58 +0 +0 +0 -1.285368e-14
59 +0 +0 +0 +2.698208e-14
60 +0 +0 +0 +6.331191e-14
61 +0 +0 +0 +1.028302e-13
62 +0 +0 +0 +3.515021e-14
63 +0 +0 +0 +7.098105e-14
