0 +0 +0 +0 +1.347248e-08
1 +0 +0 +0 +2.411951e-08
2 +0 +0 +0 +1.342937e-08
3 +0 +0 +0 +7.921169e-09
4 +0 +0 +0 +4.870539e-09
5 +0 +0 +0 +3.204399e-09
6 +0 +0 +0 +2.137433e-09
7 +0 +0 +0 +1.419048e-09
8 +0 +0 +0 +9.273792e-10
9 +0 +0 +0 +6.094249e-10
10 +0 +0 +0 +3.971098e-10
11 +0 +0 +0 +2.814340e-10
12 +0 +0 +0 +1.950351e-10
13 +0 +0 +0 +1.248851e-10
14 +0 +0 +0 +8.961612e-11
15 +0 +0 +0 +5.733009e-11
16 +0 +0 +0 +3.821272e-11
17 +0 +0 +0 +2.389597e-11
18 +0 +0 +0 +1.594052e-11
19 +0 +0 +0 +9.801052e-12
20 +0 +0 +0 +6.293419e-12
21 +0 +0 +0 +3.976545e-12
22 +0 +0 +0 +3.086352e-12
23 +0 +0 +0 +3.873546e-12
24 +0 +0 +0 +1.647539e-12
25 +0 +0 +0 +2.923572e-12
26 +0 +0 +0 +2.903942e-12
27 +0 +0 +0 +1.709969e-12
28 +0 +0 +0 +5.703046e-13
29 +0 +0 +0 +4.130994e-13
30 +0 +0 +0 +5.258554e-13
31 +0 +0 +0 -4.663201e-13
32 +0 +0 +0 +2.428180e-13
33 +0 +0 +0 +4.081014e-13
34 +0 +0 +0 +7.157437e-13
35 +0 +0 +0 +4.652919e-13
36 +0 +0 +0 +5.631009e-13
37 +0 +0 +0 +5.503070e-13
38 +0 +0 +0 +4.705830e-13
39 +0 +0 +0 +4.380091e-13
40 +0 +0 +0 +6.499598e-13
41 +0 +0 +0 +4.379370e-13
42 +0 +0 +0 +4.263638e-13
43 +0 +0 +0 +4.422317e-13
44 +0 +0 +0 +4.577422e-13
45 +0 +0 +0 +2.159727e-13
46 +0 +0 +0 +3.013177e-13
47 +0 +0 +0 +2.601127e-13
48 +0 +0 +0 +1.724423e-13
49 +0 +0 +0 +4.870550e-14
50 +0 +0 +0 -9.963945e-15
51 +0 +0 +0 -5.615743e-14
52 +0 +0 +0 -1.878541e-15
53 +0 +0 +0 -5.363409e-14
54 +0 +0 +0 +5.120674e-14
55 +0 +0 +0 +4.048051e-14
56 +0 +0 +0 +1.977155e-14
57 +0 +0 +0 -3.768767e-14
58 +0 +0 +0 -3.909227e-14
59 +0 +0 +0 +5.697701e-14
60 +0 +0 +0 +1.172042e-13
61 +0 +0 +0 +5.849975e-14
62 +0 +0 +0 +1.414721e-13
63 +0 +0 +0 +5.688704e-14
