0 +0 +0 +0 +1.381311e-08
1 +0 +0 +0 +2.465962e-08
2 +0 +0 +0 +1.365483e-08
3 +0 +0 +0 +8.156058e-09
4 +0 +0 +0 +5.164342e-09
5 +0 +0 +0 +3.229640e-09
6 +0 +0 +0 +2.109487e-09
7 +0 +0 +0 +1.404430e-09
8 +0 +0 +0 +9.375819e-10
9 +0 +0 +0 +6.302389e-10
10 +0 +0 +0 +4.329934e-10
11 +0 +0 +0 +2.986154e-10
12 +0 +0 +0 +2.054228e-10
13 +0 +0 +0 +1.415744e-10
14 +0 +0 +0 +9.606470e-11
15 +0 +0 +0 +6.443780e-11
16 +0 +0 +0 +4.596887e-11
17 +0 +0 +0 +3.160418e-11
18 +0 +0 +0 +1.925120e-11
19 +0 +0 +0 +1.390937e-11
20 +0 +0 +0 +9.309858e-12
21 +0 +0 +0 +6.304233e-12
22 +0 +0 +0 +4.796528e-12
23 +0 +0 +0 +2.501009e-12
24 +0 +0 +0 +1.910893e-12
25 +0 +0 +0 +2.252596e-14
26 +0 +0 +0 -1.900193e-14
27 +0 +0 +0 -5.638060e-13
28 +0 +0 +0 -1.086684e-12
29 +0 +0 +0 -1.358620e-12
30 +0 +0 +0 -1.071796e-12
31 +0 +0 +0 -8.295287e-13
32 +0 +0 +0 -1.022936e-12
33 +0 +0 +0 -3.256159e-13
34 +0 +0 +0 -6.772273e-13
35 +0 +0 +0 -7.688566e-13
36 +0 +0 +0 -4.471200e-13
37 +0 +0 +0 -8.177545e-13
38 +0 +0 +0 -8.615767e-13
39 +0 +0 +0 -8.220345e-13
40 +0 +0 +0 -7.312607e-13
41 +0 +0 +0 -7.165481e-13
42 +0 +0 +0 -5.374831e-13
43 +0 +0 +0 -3.006967e-13
44 +0 +0 +0 -2.268844e-13
45 +0 +0 +0 -7.605825e-14
46 +0 +0 +0 -5.347301e-15
47 +0 +0 +0 -1.122697e-13
48 +0 +0 +0 +3.268397e-14
49 +0 +0 +0 -5.067350e-14
50 +0 +0 +0 -8.757938e-14
51 +0 +0 +0 -1.422685e-13
52 +0 +0 +0 -2.247014e-14
53 +0 +0 +0 +2.581695e-14
54 +0 +0 +0 +6.416225e-14
55 +0 +0 +0 +1.144900e-14
56 +0 +0 +0 +3.583476e-14
57 +0 +0 +0 +4.714227e-14
58 +0 +0 +0 +4.394660e-14
59 +0 +0 +0 -3.962996e-14
60 +0 +0 +0 -1.469492e-13
61 +0 +0 +0 -3.307701e-14
62 +0 +0 +0 -4.492510e-14
63 +0 +0 +0 -3.738682e-14
