0 +0 +0 +0 +1.340104e-08
1 +0 +0 +0 +2.506632e-08
2 +0 +0 +0 +1.394389e-08
3 +0 +0 +0 +8.265608e-09
4 +0 +0 +0 +5.050931e-09
5 +0 +0 +0 +3.200106e-09
6 +0 +0 +0 +2.102893e-09
7 +0 +0 +0 +1.399544e-09
8 +0 +0 +0 +9.165116e-10
9 +0 +0 +0 +6.146282e-10
10 +0 +0 +0 +4.137540e-10
11 +0 +0 +0 +2.775468e-10
12 +0 +0 +0 +1.848027e-10
13 +0 +0 +0 +1.261162e-10
14 +0 +0 +0 +7.961641e-11
15 +0 +0 +0 +5.367905e-11
16 +0 +0 +0 +3.681732e-11
17 +0 +0 +0 +2.290187e-11
18 +0 +0 +0 +1.700961e-11
19 +0 +0 +0 +1.040734e-11
20 +0 +0 +0 +6.575768e-12
21 +0 +0 +0 +5.800412e-12
22 +0 +0 +0 +3.467056e-12
23 +0 +0 +0 +2.295776e-12
24 +0 +0 +0 +1.994724e-12
25 +0 +0 +0 +2.483795e-12
26 +0 +0 +0 +1.556668e-12
27 +0 +0 +0 +7.316392e-13
28 +0 +0 +0 +8.102741e-13
29 +0 +0 +0 +1.110765e-12
30 +0 +0 +0 +1.602389e-12
31 +0 +0 +0 +1.763797e-12
32 +0 +0 +0 +2.005730e-12
33 +0 +0 +0 +1.564570e-12
34 +0 +0 +0 +1.174797e-12
35 +0 +0 +0 +9.063122e-13
36 +0 +0 +0 +6.162762e-13
37 +0 +0 +0 +5.674742e-13
38 +0 +0 +0 +3.467521e-13
39 +0 +0 +0 +6.699124e-13
40 +0 +0 +0 +5.108484e-13
41 +0 +0 +0 +2.067885e-13
42 +0 +0 +0 +2.872298e-13
43 +0 +0 +0 +3.161294e-13
44 +0 +0 +0 +2.925732e-14
45 +0 +0 +0 +1.015406e-13
46 +0 +0 +0 -1.159031e-13
47 +0 +0 +0 +6.870578e-14
48 +0 +0 +0 -1.429646e-13
49 +0 +0 +0 -1.704990e-13
50 +0 +0 +0 +8.196381e-14
51 +0 +0 +0 +3.030461e-14
52 +0 +0 +0 -7.896417e-14
53 +0 +0 +0 -9.747026e-14
54 +0 +0 +0 -3.480127e-14
55 +0 +0 +0 -1.143578e-13
56 +0 +0 +0 +8.889780e-14
57 +0 +0 +0 +1.624122e-13
58 +0 +0 +0 +1.546669e-13
59 +0 +0 +0 +1.646468e-13
60 +0 +0 +0 +1.472915e-13
61 +0 +0 +0 +1.292598e-13
62 +0 +0 +0 +9.455191e-14
63 +0 +0 +0 -5.344354e-14
