0 +0 +0 +0 +1.327834e-08
1 +0 +0 +0 +2.418195e-08
2 +0 +0 +0 +1.359195e-08
3 +0 +0 +0 +7.938376e-09
4 +0 +0 +0 +5.071538e-09
5 +0 +0 +0 +3.248147e-09
6 +0 +0 +0 +2.026347e-09
7 +0 +0 +0 +1.340312e-09
8 +0 +0 +0 +8.784001e-10
9 +0 +0 +0 +6.011206e-10
10 +0 +0 +0 +3.902083e-10
11 +0 +0 +0 +2.563601e-10
12 +0 +0 +0 +1.733954e-10
13 +0 +0 +0 +1.200678e-10
14 +0 +0 +0 +7.989023e-11
15 +0 +0 +0 +5.974095e-11
16 +0 +0 +0 +3.790959e-11
17 +0 +0 +0 +2.860220e-11
18 +0 +0 +0 +2.211301e-11
19 +0 +0 +0 +1.695773e-11
20 +0 +0 +0 +1.314522e-11
21 +0 +0 +0 +9.148948e-12
22 +0 +0 +0 +7.468214e-12
23 +0 +0 +0 +5.735057e-12
24 +0 +0 +0 +4.192473e-12
25 +0 +0 +0 +3.120152e-12
26 +0 +0 +0 +9.746296e-13
27 +0 +0 +0 +2.057956e-12
28 +0 +0 +0 +1.547367e-12
29 +0 +0 +0 +9.948033e-13
30 +0 +0 +0 +1.055849e-12
31 +0 +0 +0 +4.647757e-13
32 +0 +0 +0 -2.729898e-13
33 +0 +0 +0 -5.096869e-13
34 +0 +0 +0 -4.949438e-13
35 +0 +0 +0 -9.129861e-13
36 +0 +0 +0 -8.890947e-13
37 +0 +0 +0 -1.036195e-12
38 +0 +0 +0 -1.046284e-12
39 +0 +0 +0 -7.318153e-13
40 +0 +0 +0 -7.606821e-13
41 +0 +0 +0 -3.845688e-13
42 +0 +0 +0 -2.016668e-13
43 +0 +0 +0 -1.285573e-13
44 +0 +0 +0 +7.733709e-15
45 +0 +0 +0 -4.322438e-14
46 +0 +0 +0 -2.720893e-13
47 +0 +0 +0 -1.730996e-13
48 +0 +0 +0 -8.744772e-14
49 +0 +0 +0 -3.469202e-14
50 +0 +0 +0 -9.064710e-15
51 +0 +0 +0 -6.116443e-14
52 +0 +0 +0 +1.322813e-14
53 +0 +0 +0 +1.235770e-13
54 +0 +0 +0 +2.248270e-13
55 +0 +0 +0 +9.264585e-14
56 +0 +0 +0 +1.305349e-14
57 +0 +0 +0 +7.826416e-14
58 +0 +0 +0 -1.631563e-14
59 +0 +0 +0 +2.380245e-14
60 +0 +0 +0 -4.912366e-14
61 +0 +0 +0 -8.207767e-14
62 +0 +0 +0 -1.005795e-14
63 +0 +0 +0 -2.402411e-14
