0 +0 +0 +0 +1.313937e-08
1 +0 +0 +0 +2.462339e-08
2 +0 +0 +0 +1.368008e-08
3 +0 +0 +0 +8.242952e-09
4 +0 +0 +0 +5.134308e-09
5 +0 +0 +0 +3.219472e-09
6 +0 +0 +0 +2.057819e-09
7 +0 +0 +0 +1.384464e-09
8 +0 +0 +0 +8.908078e-10
9 +0 +0 +0 +6.070345e-10
10 +0 +0 +0 +4.047233e-10
11 +0 +0 +0 +2.628853e-10
12 +0 +0 +0 +1.859338e-10
13 +0 +0 +0 +1.222764e-10
14 +0 +0 +0 +8.017348e-11
15 +0 +0 +0 +6.052455e-11
16 +0 +0 +0 +4.513574e-11
17 +0 +0 +0 +2.836756e-11
18 +0 +0 +0 +1.870518e-11
19 +0 +0 +0 +1.378504e-11
20 +0 +0 +0 +8.200470e-12
21 +0 +0 +0 +7.863655e-12
22 +0 +0 +0 +5.371731e-12
23 +0 +0 +0 +3.438719e-12
24 +0 +0 +0 +3.233436e-12
25 +0 +0 +0 +1.892114e-12
26 +0 +0 +0 +7.304440e-13
27 +0 +0 +0 +5.803747e-13
28 +0 +0 +0 +7.313165e-14
29 +0 +0 +0 -3.094701e-13
30 +0 +0 +0 +1.037582e-13
31 +0 +0 +0 -5.764766e-13
32 +0 +0 +0 -2.246926e-13
33 +0 +0 +0 +4.077433e-13
34 +0 +0 +0 +1.243473e-13
35 +0 +0 +0 +8.020919e-13
36 +0 +0 +0 +4.360106e-13
37 +0 +0 +0 +1.024619e-13
38 +0 +0 +0 +2.131784e-13
39 +0 +0 +0 +1.696560e-13
40 +0 +0 +0 +7.162040e-14
41 +0 +0 +0 -7.276537e-14
42 +0 +0 +0 -2.208726e-13
43 +0 +0 +0 -1.256080e-13
44 +0 +0 +0 -2.394848e-13
45 +0 +0 +0 -2.150429e-13
46 +0 +0 +0 -2.870582e-13
47 +0 +0 +0 -3.176880e-13
48 +0 +0 +0 -1.450692e-13
49 +0 +0 +0 -1.265760e-13
50 +0 +0 +0 -1.861098e-13
51 +0 +0 +0 -5.298720e-14
52 +0 +0 +0 -1.585513e-13
53 +0 +0 +0 -1.452694e-13
54 +0 +0 +0 -1.606306e-13
55 +0 +0 +0 -1.852303e-14
56 +0 +0 +0 +2.237152e-14
57 +0 +0 +0 +7.197402e-14
58 +0 +0 +0 -1.423546e-14
59 +0 +0 +0 +5.707654e-14
60 +0 +0 +0 -1.706951e-14
61 +0 +0 +0 -6.236996e-14
62 +0 +0 +0 -6.066066e-14
63 +0 +0 +0 -1.002399e-13
