0 +0 +0 +0 +1.322359e-08
1 +0 +0 +0 +2.414500e-08
2 +0 +0 +0 +1.331081e-08
3 +0 +0 +0 +7.807990e-09
4 +0 +0 +0 +4.781713e-09
5 +0 +0 +0 +2.964495e-09
6 +0 +0 +0 +2.030535e-09
7 +0 +0 +0 +1.346964e-09
8 +0 +0 +0 +8.899055e-10
9 +0 +0 +0 +6.146695e-10
10 +0 +0 +0 +4.128865e-10
11 +0 +0 +0 +2.723790e-10
12 +0 +0 +0 +1.791568e-10
13 +0 +0 +0 +1.196727e-10
14 +0 +0 +0 +8.002069e-11
15 +0 +0 +0 +5.284402e-11
16 +0 +0 +0 +3.531653e-11
17 +0 +0 +0 +2.458826e-11
18 +0 +0 +0 +1.602132e-11
19 +0 +0 +0 +9.118591e-12
20 +0 +0 +0 +6.657826e-12
21 +0 +0 +0 +3.539775e-12
22 +0 +0 +0 +2.640099e-12
23 +0 +0 +0 +1.633814e-13
24 +0 +0 +0 +5.745048e-14
25 +0 +0 +0 -7.142344e-13
26 +0 +0 +0 +2.222746e-13
27 +0 +0 +0 +9.524871e-14
28 +0 +0 +0 +2.085435e-13
29 +0 +0 +0 +4.807481e-13
30 +0 +0 +0 +1.042089e-12
31 +0 +0 +0 +8.587743e-13
32 +0 +0 +0 +1.118554e-12
33 +0 +0 +0 +9.247478e-13
34 +0 +0 +0 +7.476760e-13
35 +0 +0 +0 +4.663251e-13
36 +0 +0 +0 -1.907541e-13
37 +0 +0 +0 +6.708097e-14
38 +0 +0 +0 -2.451573e-13
39 +0 +0 +0 -1.867145e-13
40 +0 +0 +0 -3.553867e-13
41 +0 +0 +0 -3.335334e-13
42 +0 +0 +0 -4.267481e-13
43 +0 +0 +0 -3.784106e-13
44 +0 +0 +0 -1.050523e-13
45 +0 +0 +0 -1.377730e-13
46 +0 +0 +0 -7.060968e-14
47 +0 +0 +0 -2.204096e-13
48 +0 +0 +0 -1.658489e-13
49 +0 +0 +0 -1.617613e-13
50 +0 +0 +0 -9.937732e-14
51 +0 +0 +0 -1.821361e-13
52 +0 +0 +0 -1.691190e-13
53 +0 +0 +0 -5.397273e-14
54 +0 +0 +0 -3.639439e-14
55 +0 +0 +0 +3.896747e-14
56 +0 +0 +0 +1.047857e-13
57 +0 +0 +0 +8.784653e-14
58 +0 +0 +0 +7.589481e-14
59 +0 +0 +0 -2.174235e-14
60 +0 +0 +0 -8.271893e-14
61 +0 +0 +0 -1.206871e-13
62 +0 +0 +0 -3.452626e-14
63 +0 +0 +0 -9.009592e-14
