0 +0 +0 +0 +1.340330e-08
1 +0 +0 +0 +2.467787e-08
2 +0 +0 +0 +1.382871e-08
3 +0 +0 +0 +8.180614e-09
4 +0 +0 +0 +5.156314e-09
5 +0 +0 +0 +3.345683e-09
6 +0 +0 +0 +2.104515e-09
7 +0 +0 +0 +1.370256e-09
8 +0 +0 +0 +9.124761e-10
9 +0 +0 +0 +6.053462e-10
10 +0 +0 +0 +3.922376e-10
11 +0 +0 +0 +2.597461e-10
12 +0 +0 +0 +1.792881e-10
13 +0 +0 +0 +1.210303e-10
14 +0 +0 +0 +8.066752e-11
15 +0 +0 +0 +5.144147e-11
16 +0 +0 +0 +3.040682e-11
17 +0 +0 +0 +2.341858e-11
18 +0 +0 +0 +1.594604e-11
19 +0 +0 +0 +1.309292e-11
20 +0 +0 +0 +1.170031e-11
21 +0 +0 +0 +8.034720e-12
22 +0 +0 +0 +4.760160e-12
23 +0 +0 +0 +4.219213e-12
24 +0 +0 +0 +2.764498e-12
25 +0 +0 +0 +2.277209e-12
26 +0 +0 +0 +2.435503e-12
27 +0 +0 +0 +2.142681e-12
28 +0 +0 +0 +1.996085e-12
29 +0 +0 +0 +1.133378e-12
30 +0 +0 +0 +9.495523e-13
31 +0 +0 +0 +3.693084e-13
32 +0 +0 +0 +1.659124e-14
33 +0 +0 +0 +1.201912e-13
34 +0 +0 +0 +1.904997e-14
35 +0 +0 +0 +2.545557e-14
36 +0 +0 +0 +5.814702e-13
37 +0 +0 +0 +4.896231e-13
38 +0 +0 +0 +2.018941e-13
39 +0 +0 +0 +2.903116e-13
40 +0 +0 +0 +2.201359e-13
41 +0 +0 +0 +3.090752e-13
42 +0 +0 +0 +3.162006e-14
43 +0 +0 +0 +3.053731e-13
44 +0 +0 +0 +3.880778e-13
45 +0 +0 +0 +2.467624e-13
46 +0 +0 +0 +2.594144e-13
47 +0 +0 +0 +2.481821e-13
48 +0 +0 +0 +2.448090e-13
49 +0 +0 +0 -7.819780e-14
50 +0 +0 +0 -6.551325e-14
51 +0 +0 +0 -5.510315e-14
52 +0 +0 +0 -4.667212e-14
53 +0 +0 +0 -1.064689e-13
54 +0 +0 +0 -1.453920e-13
55 +0 +0 +0 -1.544159e-13
56 +0 +0 +0 -1.348546e-13
57 +0 +0 +0 -9.001721e-14
58 +0 +0 +0 -6.729208e-14
59 +0 +0 +0 -5.624867e-14
60 +0 +0 +0 -7.121405e-14
61 +0 +0 +0 -8.320523e-14
62 +0 +0 +0 -8.226278e-14
63 +0 +0 +0 -1.810621e-13
