0 +0 +0 +0 +1.354012e-08
1 +0 +0 +0 +2.432566e-08
2 +0 +0 +0 +1.364138e-08
3 +0 +0 +0 +7.877462e-09
4 +0 +0 +0 +4.816908e-09
5 +0 +0 +0 +3.054500e-09
6 +0 +0 +0 +1.918749e-09
7 +0 +0 +0 +1.288031e-09
8 +0 +0 +0 +8.806021e-10
9 +0 +0 +0 +5.734539e-10
10 +0 +0 +0 +3.629275e-10
11 +0 +0 +0 +2.508593e-10
12 +0 +0 +0 +1.683774e-10
13 +0 +0 +0 +1.099212e-10
14 +0 +0 +0 +7.504609e-11
15 +0 +0 +0 +5.023151e-11
16 +0 +0 +0 +3.330276e-11
17 +0 +0 +0 +2.512209e-11
18 +0 +0 +0 +1.752226e-11
19 +0 +0 +0 +1.272104e-11
20 +0 +0 +0 +7.701397e-12
21 +0 +0 +0 +2.785495e-12
22 +0 +0 +0 +2.070754e-12
23 +0 +0 +0 -3.059760e-13
24 +0 +0 +0 +1.395793e-13
25 +0 +0 +0 +5.326120e-13
26 +0 +0 +0 +3.257914e-13
27 +0 +0 +0 +9.927842e-13
28 +0 +0 +0 +1.726290e-13
29 +0 +0 +0 -8.685366e-13
30 +0 +0 +0 -1.314257e-12
31 +0 +0 +0 -1.154127e-12
32 +0 +0 +0 -6.455735e-13
33 +0 +0 +0 -5.390150e-13
34 +0 +0 +0 +2.262915e-13
35 +0 +0 +0 +7.670931e-13
36 +0 +0 +0 +7.681631e-13
37 +0 +0 +0 +7.744743e-13
38 +0 +0 +0 +3.792446e-13
39 +0 +0 +0 +2.901492e-13
40 +0 +0 +0 -1.379672e-14
41 +0 +0 +0 -3.759794e-14
42 +0 +0 +0 -2.546428e-14
43 +0 +0 +0 +5.704521e-14
44 +0 +0 +0 -9.903929e-14
45 +0 +0 +0 +1.542441e-14
46 +0 +0 +0 -4.879632e-15
47 +0 +0 +0 -1.223100e-13
48 +0 +0 +0 -1.264348e-13
49 +0 +0 +0 -4.691667e-14
50 +0 +0 +0 +1.063926e-13
51 +0 +0 +0 +1.938102e-13
52 +0 +0 +0 +1.907247e-13
53 +0 +0 +0 +1.505690e-13
54 +0 +0 +0 +1.096670e-13
55 +0 +0 +0 +1.719924e-13
56 +0 +0 +0 +1.113040e-13
57 +0 +0 +0 -5.398185e-15
58 +0 +0 +0 -1.406278e-14
59 +0 +0 +0 +8.850043e-14
60 +0 +0 +0 +6.373797e-14
61 +0 +0 +0 +7.757226e-15
62 +0 +0 +0 -2.435275e-14
63 +0 +0 +0 -2.366037e-14
