0 +0 +0 +0 +1.353454e-08
1 +0 +0 +0 +2.413614e-08
2 +0 +0 +0 +1.317676e-08
3 +0 +0 +0 +7.848221e-09
4 +0 +0 +0 +4.896289e-09
5 +0 +0 +0 +3.117575e-09
6 +0 +0 +0 +2.036004e-09
7 +0 +0 +0 +1.332529e-09
8 +0 +0 +0 +9.092224e-10
9 +0 +0 +0 +5.803540e-10
10 +0 +0 +0 +3.810266e-10
11 +0 +0 +0 +2.524255e-10
12 +0 +0 +0 +1.713172e-10
13 +0 +0 +0 +1.135848e-10
14 +0 +0 +0 +7.449854e-11
15 +0 +0 +0 +5.004924e-11
16 +0 +0 +0 +3.488816e-11
17 +0 +0 +0 +2.626583e-11
18 +0 +0 +0 +1.687642e-11
19 +0 +0 +0 +1.183816e-11
20 +0 +0 +0 +8.786670e-12
21 +0 +0 +0 +7.460275e-12
22 +0 +0 +0 +4.638861e-12
23 +0 +0 +0 +2.160036e-12
24 +0 +0 +0 +2.423812e-12
25 +0 +0 +0 +7.855550e-13
26 +0 +0 +0 +6.416119e-13
27 +0 +0 +0 -3.548000e-14
28 +0 +0 +0 +1.723429e-13
29 +0 +0 +0 -1.407374e-13
30 +0 +0 +0 +3.155346e-13
31 +0 +0 +0 +3.105133e-13
32 +0 +0 +0 -1.010494e-13
33 +0 +0 +0 +2.054339e-13
34 +0 +0 +0 +2.655360e-13
35 +0 +0 +0 +2.731963e-13
36 +0 +0 +0 +1.744255e-13
37 +0 +0 +0 -7.961069e-14
38 +0 +0 +0 -2.923510e-13
39 +0 +0 +0 -2.139062e-13
40 +0 +0 +0 -6.865622e-14
41 +0 +0 +0 -2.662176e-13
42 +0 +0 +0 -6.671862e-14
43 +0 +0 +0 -1.449770e-14
44 +0 +0 +0 -8.603515e-14
45 +0 +0 +0 -1.668185e-13
46 +0 +0 +0 -1.238106e-13
47 +0 +0 +0 -1.920207e-13
48 +0 +0 +0 -1.180288e-13
49 +0 +0 +0 -1.754659e-13
50 +0 +0 +0 -2.013384e-13
51 +0 +0 +0 -7.724717e-14
52 +0 +0 +0 -2.472920e-14
53 +0 +0 +0 -4.573785e-14
54 +0 +0 +0 +4.538433e-14
55 +0 +0 +0 -2.713039e-14
56 +0 +0 +0 -2.511530e-15
57 +0 +0 +0 +1.955566e-14
58 +0 +0 +0 +9.789443e-14
59 +0 +0 +0 -1.126487e-13
60 +0 +0 +0 +9.195904e-14
61 +0 +0 +0 +9.187693e-14
62 +0 +0 +0 +9.256582e-14
63 +0 +0 +0 +1.580367e-13
