0 +0 +0 +0 +1.341155e-08
1 +0 +0 +0 +2.465235e-08
2 +0 +0 +0 +1.362223e-08
3 +0 +0 +0 +7.981656e-09
4 +0 +0 +0 +4.911389e-09
5 +0 +0 +0 +3.074210e-09
6 +0 +0 +0 +2.012867e-09
7 +0 +0 +0 +1.307309e-09
8 +0 +0 +0 +8.551296e-10
9 +0 +0 +0 +5.588733e-10
10 +0 +0 +0 +3.776880e-10
11 +0 +0 +0 +2.600119e-10
12 +0 +0 +0 +1.690148e-10
13 +0 +0 +0 +1.142693e-10
14 +0 +0 +0 +7.530573e-11
15 +0 +0 +0 +5.397702e-11
16 +0 +0 +0 +3.790849e-11
17 +0 +0 +0 +2.397593e-11
18 +0 +0 +0 +1.573570e-11
19 +0 +0 +0 +1.207061e-11
20 +0 +0 +0 +8.277534e-12
21 +0 +0 +0 +5.145715e-12
22 +0 +0 +0 +4.201934e-12
23 +0 +0 +0 +2.435007e-12
24 +0 +0 +0 +1.456739e-12
25 +0 +0 +0 +1.688202e-12
26 +0 +0 +0 +2.288349e-12
27 +0 +0 +0 +2.223389e-12
28 +0 +0 +0 +1.332177e-12
29 +0 +0 +0 +1.230519e-13
30 +0 +0 +0 +4.287256e-13
31 +0 +0 +0 +4.127472e-13
32 +0 +0 +0 +3.096195e-13
33 +0 +0 +0 -1.952904e-13
34 +0 +0 +0 -1.397816e-13
35 +0 +0 +0 +4.608790e-14
36 +0 +0 +0 +4.609559e-14
37 +0 +0 +0 +2.396051e-13
38 +0 +0 +0 +4.236554e-14
39 +0 +0 +0 -6.889618e-14
40 +0 +0 +0 -2.029917e-13
41 +0 +0 +0 -4.030160e-13
42 +0 +0 +0 +1.424519e-13
43 +0 +0 +0 +1.446066e-13
44 +0 +0 +0 +2.378119e-13
45 +0 +0 +0 +6.488426e-14
46 +0 +0 +0 +3.873891e-14
47 +0 +0 +0 +1.292064e-13
48 +0 +0 +0 +5.185811e-14
49 +0 +0 +0 +8.037147e-14
50 +0 +0 +0 -1.326558e-13
51 +0 +0 +0 -1.705477e-13
52 +0 +0 +0 -2.566082e-13
53 +0 +0 +0 -1.089783e-13
54 +0 +0 +0 -6.107905e-14
55 +0 +0 +0 -1.170046e-13
56 +0 +0 +0 -1.812978e-13
57 +0 +0 +0 -1.425620e-13
58 +0 +0 +0 -1.555493e-13
59 +0 +0 +0 +8.265908e-15
60 +0 +0 +0 +1.392622e-13
61 +0 +0 +0 +2.064810e-13
62 +0 +0 +0 +1.099578e-13
63 +0 +0 +0 +7.863350e-14
