0 +0 +0 +0 +1.337541e-08
1 +0 +0 +0 +2.457158e-08
2 +0 +0 +0 +1.320041e-08
3 +0 +0 +0 +7.695327e-09
4 +0 +0 +0 +4.833938e-09
5 +0 +0 +0 +3.143601e-09
6 +0 +0 +0 +2.053750e-09
7 +0 +0 +0 +1.344298e-09
8 +0 +0 +0 +8.907849e-10
9 +0 +0 +0 +5.880379e-10
10 +0 +0 +0 +3.984038e-10
11 +0 +0 +0 +2.802991e-10
12 +0 +0 +0 +1.883714e-10
13 +0 +0 +0 +1.264316e-10
14 +0 +0 +0 +8.547441e-11
15 +0 +0 +0 +5.551119e-11
16 +0 +0 +0 +3.676856e-11
17 +0 +0 +0 +2.189536e-11
18 +0 +0 +0 +1.695410e-11
19 +0 +0 +0 +1.048253e-11
20 +0 +0 +0 +8.950688e-12
21 +0 +0 +0 +7.642828e-12
22 +0 +0 +0 +5.137069e-12
23 +0 +0 +0 +4.656200e-12
24 +0 +0 +0 +4.755667e-12
25 +0 +0 +0 +3.257791e-12
26 +0 +0 +0 +2.313135e-12
27 +0 +0 +0 +1.778057e-12
28 +0 +0 +0 +4.927732e-13
29 +0 +0 +0 +3.157329e-13
30 +0 +0 +0 +4.100648e-13
31 +0 +0 +0 +7.251401e-13
32 +0 +0 +0 +3.673376e-13
33 +0 +0 +0 +2.912988e-13
34 +0 +0 +0 +4.121653e-13
35 +0 +0 +0 +2.704765e-13
36 +0 +0 +0 +5.905676e-13
37 +0 +0 +0 +4.726503e-13
38 +0 +0 +0 +5.487222e-13
39 +0 +0 +0 +2.990396e-13
40 +0 +0 +0 +3.472399e-13
41 +0 +0 +0 +4.239299e-13
42 +0 +0 +0 +3.606019e-13
43 +0 +0 +0 +3.298551e-13
44 +0 +0 +0 +1.480913e-13
45 +0 +0 +0 -9.548478e-14
46 +0 +0 +0 +5.115880e-14
47 +0 +0 +0 +1.482119e-13
48 +0 +0 +0 +1.134047e-13
49 +0 +0 +0 -8.640514e-15
50 +0 +0 +0 -7.720076e-14
51 +0 +0 +0 -1.162058e-13
52 +0 +0 +0 +2.265872e-14
53 +0 +0 +0 +5.847275e-14
54 +0 +0 +0 +8.016431e-14
55 +0 +0 +0 +8.347702e-14
56 +0 +0 +0 +9.499174e-14
57 +0 +0 +0 +7.717306e-14
58 +0 +0 +0 +1.426669e-13
59 +0 +0 +0 +1.768874e-13
60 +0 +0 +0 +1.631083e-13
61 +0 +0 +0 +1.159830e-13
62 +0 +0 +0 +1.287818e-13
63 +0 +0 +0 +8.217712e-14
