0 +0 +0 +0 +1.305417e-08
1 +0 +0 +0 +2.347863e-08
2 +0 +0 +0 +1.300310e-08
3 +0 +0 +0 +7.721521e-09
4 +0 +0 +0 +4.613356e-09
5 +0 +0 +0 +2.946970e-09
6 +0 +0 +0 +1.937703e-09
7 +0 +0 +0 +1.287030e-09
8 +0 +0 +0 +8.633044e-10
9 +0 +0 +0 +5.989199e-10
10 +0 +0 +0 +3.966256e-10
11 +0 +0 +0 +2.636318e-10
12 +0 +0 +0 +1.686783e-10
13 +0 +0 +0 +1.193426e-10
14 +0 +0 +0 +7.958038e-11
15 +0 +0 +0 +5.533486e-11
16 +0 +0 +0 +3.408006e-11
17 +0 +0 +0 +2.264226e-11
18 +0 +0 +0 +1.549927e-11
19 +0 +0 +0 +1.013897e-11
20 +0 +0 +0 +7.321950e-12
21 +0 +0 +0 +5.196346e-12
22 +0 +0 +0 +4.550129e-12
23 +0 +0 +0 +3.929237e-12
24 +0 +0 +0 +2.673867e-12
25 +0 +0 +0 +1.727439e-12
26 +0 +0 +0 +1.762497e-12
27 +0 +0 +0 +6.445810e-13
28 +0 +0 +0 +5.818818e-13
29 +0 +0 +0 +5.864631e-13
30 +0 +0 +0 +1.684230e-13
31 +0 +0 +0 -1.716574e-13
32 +0 +0 +0 +5.327178e-13
33 +0 +0 +0 +6.671872e-13
34 +0 +0 +0 +5.545325e-13
35 +0 +0 +0 -4.418368e-14
36 +0 +0 +0 +1.366481e-13
37 +0 +0 +0 -5.248202e-14
38 +0 +0 +0 -8.251871e-14
39 +0 +0 +0 +3.273701e-13
40 +0 +0 +0 +3.018659e-13
41 +0 +0 +0 -8.913930e-15
42 +0 +0 +0 -1.393870e-13
43 +0 +0 +0 -9.251481e-14
44 +0 +0 +0 -1.921894e-13
45 +0 +0 +0 -2.039921e-13
46 +0 +0 +0 -1.596600e-13
47 +0 +0 +0 -1.192204e-13
48 +0 +0 +0 -2.085242e-13
49 +0 +0 +0 +5.011983e-14
50 +0 +0 +0 +2.151301e-14
51 +0 +0 +0 +5.173608e-14
52 +0 +0 +0 +4.267307e-14
53 +0 +0 +0 -2.183451e-14
54 +0 +0 +0 -2.416768e-14
55 +0 +0 +0 -9.488559e-14
56 +0 +0 +0 -5.177863e-14
57 +0 +0 +0 -6.560949e-14
58 +0 +0 +0 -1.281888e-13
59 +0 +0 +0 -6.049397e-14
60 +0 +0 +0 -8.526775e-14
61 +0 +0 +0 -8.874923e-14
62 +0 +0 +0 -1.370469e-13
63 +0 +0 +0 -6.210049e-14
