0 +0 +0 +0 +1.300849e-08
1 +0 +0 +0 +2.427202e-08
2 +0 +0 +0 +1.343402e-08
3 +0 +0 +0 +7.927749e-09
4 +0 +0 +0 +4.921687e-09
5 +0 +0 +0 +3.067856e-09
6 +0 +0 +0 +2.003349e-09
7 +0 +0 +0 +1.323961e-09
8 +0 +0 +0 +8.800016e-10
9 +0 +0 +0 +5.992513e-10
10 +0 +0 +0 +4.172940e-10
11 +0 +0 +0 +2.823639e-10
12 +0 +0 +0 +1.929272e-10
13 +0 +0 +0 +1.334998e-10
14 +0 +0 +0 +9.214638e-11
15 +0 +0 +0 +6.024755e-11
16 +0 +0 +0 +4.151469e-11
17 +0 +0 +0 +2.611043e-11
18 +0 +0 +0 +1.806918e-11
19 +0 +0 +0 +1.188038e-11
20 +0 +0 +0 +7.958316e-12
21 +0 +0 +0 +6.940599e-12
22 +0 +0 +0 +4.019275e-12
23 +0 +0 +0 +1.741299e-12
24 +0 +0 +0 +8.585911e-13
25 +0 +0 +0 -1.465257e-12
26 +0 +0 +0 -2.300295e-12
27 +0 +0 +0 -2.323745e-12
28 +0 +0 +0 -1.963530e-12
29 +0 +0 +0 -1.560103e-12
30 +0 +0 +0 -1.482103e-12
31 +0 +0 +0 -1.215334e-12
32 +0 +0 +0 -1.387192e-12
33 +0 +0 +0 -6.931797e-13
34 +0 +0 +0 -6.812763e-13
35 +0 +0 +0 -5.985899e-13
36 +0 +0 +0 -6.711473e-13
37 +0 +0 +0 -6.323609e-13
38 +0 +0 +0 -2.684804e-13
39 +0 +0 +0 -6.697000e-14
40 +0 +0 +0 -4.254948e-13
41 +0 +0 +0 -2.024312e-13
42 +0 +0 +0 -4.357392e-14
43 +0 +0 +0 -2.035558e-13
44 +0 +0 +0 -2.557773e-13
45 +0 +0 +0 -2.578147e-13
46 +0 +0 +0 -8.635454e-14
47 +0 +0 +0 +2.431232e-13
48 +0 +0 +0 +1.876773e-13
49 +0 +0 +0 +1.691587e-13
50 +0 +0 +0 +3.278443e-13
51 +0 +0 +0 +3.433641e-13
52 +0 +0 +0 +1.348627e-13
53 +0 +0 +0 +1.001857e-13
54 +0 +0 +0 -1.742617e-14
55 +0 +0 +0 -4.867701e-14
56 +0 +0 +0 +8.336561e-14
57 +0 +0 +0 +3.861642e-14
58 +0 +0 +0 -1.178909e-13
59 +0 +0 +0 -5.894301e-14
60 +0 +0 +0 -5.321295e-15
61 +0 +0 +0 -4.721583e-14
62 +0 +0 +0 -7.134570e-14
63 +0 +0 +0 -1.388556e-13
