0 +0 +0 +0 +1.427602e-08
1 +0 +0 +0 +2.480261e-08
2 +0 +0 +0 +1.402752e-08
3 +0 +0 +0 +8.121183e-09
4 +0 +0 +0 +4.936692e-09
5 +0 +0 +0 +3.207189e-09
6 +0 +0 +0 +2.050573e-09
7 +0 +0 +0 +1.327050e-09
8 +0 +0 +0 +8.734752e-10
9 +0 +0 +0 +5.800556e-10
10 +0 +0 +0 +3.985294e-10
11 +0 +0 +0 +2.687233e-10
12 +0 +0 +0 +1.849592e-10
13 +0 +0 +0 +1.313701e-10
14 +0 +0 +0 +8.685893e-11
15 +0 +0 +0 +5.749882e-11
16 +0 +0 +0 +3.760854e-11
17 +0 +0 +0 +2.504112e-11
18 +0 +0 +0 +1.672543e-11
19 +0 +0 +0 +1.069288e-11
20 +0 +0 +0 +8.259372e-12
21 +0 +0 +0 +6.515225e-12
22 +0 +0 +0 +4.968919e-12
23 +0 +0 +0 +3.882740e-12
24 +0 +0 +0 +2.651828e-12
25 +0 +0 +0 +1.864660e-12
26 +0 +0 +0 +1.396450e-12
27 +0 +0 +0 -2.799409e-13
28 +0 +0 +0 -5.475077e-13
29 +0 +0 +0 -5.205931e-14
30 +0 +0 +0 -1.078890e-12
31 +0 +0 +0 -6.113586e-13
32 +0 +0 +0 -3.843810e-13
33 +0 +0 +0 -8.629535e-13
34 +0 +0 +0 -7.138197e-13
35 +0 +0 +0 -2.287082e-13
36 +0 +0 +0 -5.346166e-13
37 +0 +0 +0 -5.803452e-13
38 +0 +0 +0 -2.323041e-13
39 +0 +0 +0 +2.482345e-13
40 +0 +0 +0 +3.563469e-13
41 +0 +0 +0 +4.650112e-13
42 +0 +0 +0 +1.152758e-13
43 +0 +0 +0 -1.375543e-13
44 +0 +0 +0 -2.598345e-13
45 +0 +0 +0 -3.757368e-13
46 +0 +0 +0 -4.256104e-13
47 +0 +0 +0 -6.644530e-13
48 +0 +0 +0 -3.780877e-13
49 +0 +0 +0 -3.666296e-13
50 +0 +0 +0 -3.111011e-13
51 +0 +0 +0 -1.746441e-13
52 +0 +0 +0 -3.171451e-13
53 +0 +0 +0 -2.749096e-13
54 +0 +0 +0 -1.141812e-13
55 +0 +0 +0 -2.269005e-14
56 +0 +0 +0 -8.760079e-15
57 +0 +0 +0 +7.467577e-14
58 +0 +0 +0 +1.483649e-14
59 +0 +0 +0 +9.855737e-14
60 +0 +0 +0 +9.532788e-14
61 +0 +0 +0 +7.395157e-14
62 +0 +0 +0 +8.830771e-14
63 +0 +0 +0 +1.005730e-13
