0 +0 +0 +0 +1.288580e-08
1 +0 +0 +0 +2.399543e-08
2 +0 +0 +0 +1.339742e-08
3 +0 +0 +0 +7.725727e-09
4 +0 +0 +0 +4.616993e-09
5 +0 +0 +0 +3.013544e-09
6 +0 +0 +0 +1.950688e-09
7 +0 +0 +0 +1.254808e-09
8 +0 +0 +0 +8.363898e-10
9 +0 +0 +0 +5.615524e-10
10 +0 +0 +0 +3.707118e-10
11 +0 +0 +0 +2.531958e-10
12 +0 +0 +0 +1.628776e-10
13 +0 +0 +0 +1.050436e-10
14 +0 +0 +0 +7.612055e-11
15 +0 +0 +0 +5.540057e-11
16 +0 +0 +0 +3.171499e-11
17 +0 +0 +0 +2.705668e-11
18 +0 +0 +0 +1.719518e-11
19 +0 +0 +0 +1.065628e-11
20 +0 +0 +0 +6.277572e-12
21 +0 +0 +0 +2.681158e-12
22 +0 +0 +0 +6.992965e-13
23 +0 +0 +0 +5.353616e-13
24 +0 +0 +0 -1.145674e-13
25 +0 +0 +0 -2.525629e-13
26 +0 +0 +0 +1.731664e-13
27 +0 +0 +0 +1.781633e-14
28 +0 +0 +0 +3.940239e-14
29 +0 +0 +0 +1.319183e-13
30 +0 +0 +0 +1.839105e-13
31 +0 +0 +0 +1.580301e-13
32 +0 +0 +0 +3.501162e-13
33 +0 +0 +0 -3.687239e-13
34 +0 +0 +0 -2.847806e-13
35 +0 +0 +0 -6.111888e-13
36 +0 +0 +0 -4.604690e-13
37 +0 +0 +0 -4.915679e-13
38 +0 +0 +0 -3.133362e-13
39 +0 +0 +0 -2.004215e-13
40 +0 +0 +0 +8.121279e-14
41 +0 +0 +0 -1.819978e-14
42 +0 +0 +0 -2.324661e-13
43 +0 +0 +0 -8.106473e-14
44 +0 +0 +0 -2.058448e-13
45 +0 +0 +0 -1.686678e-13
46 +0 +0 +0 -9.352530e-14
47 +0 +0 +0 -6.109614e-14
48 +0 +0 +0 -4.916672e-14
49 +0 +0 +0 -2.291097e-14
50 +0 +0 +0 -3.131710e-14
51 +0 +0 +0 +5.047952e-14
52 +0 +0 +0 -5.276435e-14
53 +0 +0 +0 -1.112245e-13
54 +0 +0 +0 -9.184784e-14
55 +0 +0 +0 +5.717529e-14
56 +0 +0 +0 +4.406658e-14
57 +0 +0 +0 +3.893432e-14
58 +0 +0 +0 +3.145094e-14
59 +0 +0 +0 +3.684856e-14
60 +0 +0 +0 +5.782146e-14
61 +0 +0 +0 -7.525020e-15
62 +0 +0 +0 -5.066190e-14
63 +0 +0 +0 -1.482377e-15
