0 +0 +0 +0 +1.324503e-08
1 +0 +0 +0 +2.472749e-08
2 +0 +0 +0 +1.374078e-08
3 +0 +0 +0 +8.100463e-09
4 +0 +0 +0 +4.939645e-09
5 +0 +0 +0 +3.183106e-09
6 +0 +0 +0 +2.072548e-09
7 +0 +0 +0 +1.364862e-09
8 +0 +0 +0 +9.248035e-10
9 +0 +0 +0 +6.234113e-10
10 +0 +0 +0 +4.179679e-10
11 +0 +0 +0 +2.801898e-10
12 +0 +0 +0 +1.826153e-10
13 +0 +0 +0 +1.242225e-10
14 +0 +0 +0 +8.342116e-11
15 +0 +0 +0 +5.434229e-11
16 +0 +0 +0 +3.590901e-11
17 +0 +0 +0 +2.662693e-11
18 +0 +0 +0 +1.961593e-11
19 +0 +0 +0 +1.388225e-11
20 +0 +0 +0 +9.552092e-12
21 +0 +0 +0 +5.185772e-12
22 +0 +0 +0 +3.732238e-12
23 +0 +0 +0 +1.552128e-12
24 +0 +0 +0 +1.432200e-12
25 +0 +0 +0 +8.692087e-14
26 +0 +0 +0 -3.752524e-13
27 +0 +0 +0 -4.047276e-13
28 +0 +0 +0 -1.165870e-13
29 +0 +0 +0 +2.340637e-13
30 +0 +0 +0 +3.650919e-13
31 +0 +0 +0 +3.204106e-13
32 +0 +0 +0 +1.076407e-13
33 +0 +0 +0 -1.613277e-14
34 +0 +0 +0 +3.156636e-13
35 +0 +0 +0 -5.713233e-14
36 +0 +0 +0 +3.874951e-14
37 +0 +0 +0 -2.612014e-13
38 +0 +0 +0 +3.223614e-13
39 +0 +0 +0 +2.384711e-13
40 +0 +0 +0 -1.206115e-13
41 +0 +0 +0 +5.718719e-14
42 +0 +0 +0 -9.300131e-14
43 +0 +0 +0 -7.368774e-14
44 +0 +0 +0 -5.906691e-14
45 +0 +0 +0 -4.498240e-14
46 +0 +0 +0 -2.884223e-13
47 +0 +0 +0 +1.075118e-15
48 +0 +0 +0 +1.125923e-13
49 +0 +0 +0 +2.546768e-13
50 +0 +0 +0 +1.341518e-13
51 +0 +0 +0 +1.035592e-13
52 +0 +0 +0 -2.200740e-14
53 +0 +0 +0 -3.797800e-14
54 +0 +0 +0 -7.974159e-14
55 +0 +0 +0 -4.085519e-14
56 +0 +0 +0 -2.120647e-14
57 +0 +0 +0 +1.296284e-13
58 +0 +0 +0 +1.004906e-13
59 +0 +0 +0 +9.582106e-14
60 +0 +0 +0 +1.198902e-13
61 +0 +0 +0 +1.934548e-13
62 +0 +0 +0 +1.724578e-13
63 +0 +0 +0 +1.181093e-13
