0 +0 +0 +0 +1.356783e-08
1 +0 +0 +0 +2.522710e-08
2 +0 +0 +0 +1.411778e-08
3 +0 +0 +0 +8.502229e-09
4 +0 +0 +0 +5.213111e-09
5 +0 +0 +0 +3.275752e-09
6 +0 +0 +0 +2.150805e-09
7 +0 +0 +0 +1.362972e-09
8 +0 +0 +0 +9.115712e-10
9 +0 +0 +0 +6.023118e-10
10 +0 +0 +0 +3.980125e-10
11 +0 +0 +0 +2.670832e-10
12 +0 +0 +0 +1.770447e-10
13 +0 +0 +0 +1.189586e-10
14 +0 +0 +0 +8.494749e-11
15 +0 +0 +0 +6.233582e-11
16 +0 +0 +0 +4.470158e-11
17 +0 +0 +0 +3.518182e-11
18 +0 +0 +0 +2.686307e-11
19 +0 +0 +0 +1.948672e-11
20 +0 +0 +0 +1.557183e-11
21 +0 +0 +0 +1.140250e-11
22 +0 +0 +0 +9.226678e-12
23 +0 +0 +0 +6.598993e-12
24 +0 +0 +0 +5.203518e-12
25 +0 +0 +0 +3.211425e-12
26 +0 +0 +0 +3.076649e-12
27 +0 +0 +0 +2.034986e-12
28 +0 +0 +0 +1.852821e-12
29 +0 +0 +0 +1.299624e-12
30 +0 +0 +0 +1.239080e-12
31 +0 +0 +0 +6.142527e-13
32 +0 +0 +0 +1.025166e-12
33 +0 +0 +0 +6.608685e-13
34 +0 +0 +0 +4.893327e-13
35 +0 +0 +0 +3.891346e-13
36 +0 +0 +0 +2.870780e-13
37 +0 +0 +0 +2.468066e-13
38 +0 +0 +0 +5.767238e-13
39 +0 +0 +0 +1.503673e-13
40 +0 +0 +0 +2.180934e-13
41 +0 +0 +0 +4.454367e-13
42 +0 +0 +0 +3.748589e-13
43 +0 +0 +0 +3.189812e-13
44 +0 +0 +0 +2.335573e-13
45 +0 +0 +0 +4.057737e-13
46 +0 +0 +0 +3.072285e-13
47 +0 +0 +0 +1.180260e-13
48 +0 +0 +0 +1.506667e-13
49 +0 +0 +0 +5.751281e-14
50 +0 +0 +0 +5.485741e-14
51 +0 +0 +0 +5.864575e-14
52 +0 +0 +0 +9.847702e-14
53 +0 +0 +0 +3.624877e-13
54 +0 +0 +0 +2.480918e-13
55 +0 +0 +0 +3.402146e-13
56 +0 +0 +0 +7.724306e-14
57 +0 +0 +0 +2.670701e-14
58 +0 +0 +0 -2.520049e-14
59 +0 +0 +0 -6.600917e-15
60 +0 +0 +0 -4.114146e-14
61 +0 +0 +0 +1.534550e-14
62 +0 +0 +0 +4.439409e-14
63 +0 +0 +0 -1.151101e-15
