0 +0 +0 +0 +1.252649e-08
1 +0 +0 +0 +2.380656e-08
2 +0 +0 +0 +1.303103e-08
3 +0 +0 +0 +7.545042e-09
4 +0 +0 +0 +4.673493e-09
5 +0 +0 +0 +2.987008e-09
6 +0 +0 +0 +2.008749e-09
7 +0 +0 +0 +1.346646e-09
8 +0 +0 +0 +8.925014e-10
9 +0 +0 +0 +5.968236e-10
10 +0 +0 +0 +3.989649e-10
11 +0 +0 +0 +2.798048e-10
12 +0 +0 +0 +1.946463e-10
13 +0 +0 +0 +1.240290e-10
14 +0 +0 +0 +9.013163e-11
15 +0 +0 +0 +6.527610e-11
16 +0 +0 +0 +4.158312e-11
17 +0 +0 +0 +2.653862e-11
18 +0 +0 +0 +1.545600e-11
19 +0 +0 +0 +1.059836e-11
20 +0 +0 +0 +7.020310e-12
21 +0 +0 +0 +4.119298e-12
22 +0 +0 +0 +2.293057e-12
23 +0 +0 +0 +6.994442e-13
24 +0 +0 +0 -7.495263e-15
25 +0 +0 +0 -7.882147e-13
26 +0 +0 +0 -9.028133e-15
27 +0 +0 +0 -5.179214e-13
28 +0 +0 +0 -5.819316e-13
29 +0 +0 +0 -1.025509e-12
30 +0 +0 +0 -1.018407e-12
31 +0 +0 +0 -1.041845e-12
32 +0 +0 +0 -7.409251e-13
33 +0 +0 +0 -2.619228e-13
34 +0 +0 +0 -5.245962e-13
35 +0 +0 +0 -5.046560e-13
36 +0 +0 +0 -4.656247e-13
37 +0 +0 +0 -6.013418e-13
38 +0 +0 +0 -1.511913e-13
39 +0 +0 +0 -2.784687e-13
40 +0 +0 +0 -3.436899e-13
41 +0 +0 +0 -6.019766e-14
42 +0 +0 +0 -8.513463e-15
43 +0 +0 +0 -9.860215e-14
44 +0 +0 +0 +2.528794e-14
45 +0 +0 +0 -3.738942e-14
46 +0 +0 +0 -9.681408e-14
47 +0 +0 +0 +1.455837e-16
48 +0 +0 +0 +5.545625e-14
49 +0 +0 +0 -4.592675e-14
50 +0 +0 +0 -5.237019e-14
51 +0 +0 +0 -2.624393e-15
52 +0 +0 +0 -2.746735e-14
53 +0 +0 +0 +1.533628e-16
54 +0 +0 +0 -1.957531e-14
55 +0 +0 +0 +1.154754e-13
56 +0 +0 +0 -4.092956e-14
57 +0 +0 +0 +1.266773e-15
58 +0 +0 +0 +1.273786e-13
59 +0 +0 +0 +3.420937e-14
60 +0 +0 +0 +1.449530e-14
61 +0 +0 +0 +2.131682e-14
62 +0 +0 +0 +7.918110e-14
63 +0 +0 +0 +5.692559e-14
