0 +0 +0 +0 +1.310460e-08
1 +0 +0 +0 +2.372722e-08
2 +0 +0 +0 +1.326544e-08
3 +0 +0 +0 +7.885737e-09
4 +0 +0 +0 +4.903989e-09
5 +0 +0 +0 +3.097476e-09
6 +0 +0 +0 +1.949712e-09
7 +0 +0 +0 +1.259617e-09
8 +0 +0 +0 +8.516506e-10
9 +0 +0 +0 +5.728559e-10
10 +0 +0 +0 +3.806251e-10
11 +0 +0 +0 +2.565766e-10
12 +0 +0 +0 +1.736518e-10
13 +0 +0 +0 +1.152371e-10
14 +0 +0 +0 +7.783556e-11
15 +0 +0 +0 +4.832250e-11
16 +0 +0 +0 +3.450724e-11
17 +0 +0 +0 +2.285276e-11
18 +0 +0 +0 +1.544037e-11
19 +0 +0 +0 +9.894526e-12
20 +0 +0 +0 +6.920298e-12
21 +0 +0 +0 +5.388723e-12
22 +0 +0 +0 +4.481270e-12
23 +0 +0 +0 +3.163851e-12
24 +0 +0 +0 +1.311229e-12
25 +0 +0 +0 +7.541427e-13
26 +0 +0 +0 +9.766835e-13
27 +0 +0 +0 +1.240586e-12
28 +0 +0 +0 +6.533663e-13
29 +0 +0 +0 +5.627583e-13
30 +0 +0 +0 +5.807852e-13
31 +0 +0 +0 -7.945438e-14
32 +0 +0 +0 +1.160558e-13
33 +0 +0 +0 +3.047873e-13
34 +0 +0 +0 +5.170968e-13
35 +0 +0 +0 +5.315419e-13
36 +0 +0 +0 -3.609683e-13
37 +0 +0 +0 -2.923346e-13
38 +0 +0 +0 -4.468593e-14
39 +0 +0 +0 -4.356599e-13
40 +0 +0 +0 -3.250357e-13
41 +0 +0 +0 -2.748525e-13
42 +0 +0 +0 -2.749960e-13
43 +0 +0 +0 -3.740166e-13
44 +0 +0 +0 -2.841490e-13
45 +0 +0 +0 -3.199132e-13
46 +0 +0 +0 +2.075267e-14
47 +0 +0 +0 -1.621964e-13
48 +0 +0 +0 -5.150220e-14
49 +0 +0 +0 -9.943359e-14
50 +0 +0 +0 +5.992601e-15
51 +0 +0 +0 +3.410799e-14
52 +0 +0 +0 +1.093553e-13
53 +0 +0 +0 +1.740879e-14
54 +0 +0 +0 -1.945542e-14
55 +0 +0 +0 -8.611915e-14
56 +0 +0 +0 -5.667604e-14
57 +0 +0 +0 -1.287817e-14
58 +0 +0 +0 +1.421414e-14
59 +0 +0 +0 -1.005355e-15
60 +0 +0 +0 +9.052060e-14
61 +0 +0 +0 +1.350867e-13
62 +0 +0 +0 +8.662236e-14
63 +0 +0 +0 +1.678599e-13
