0 +0 +0 +0 +1.281950e-08
1 +0 +0 +0 +2.457630e-08
2 +0 +0 +0 +1.341874e-08
3 +0 +0 +0 +7.873669e-09
4 +0 +0 +0 +4.819903e-09
5 +0 +0 +0 +3.085184e-09
6 +0 +0 +0 +1.945006e-09
7 +0 +0 +0 +1.284624e-09
8 +0 +0 +0 +8.540048e-10
9 +0 +0 +0 +5.430386e-10
10 +0 +0 +0 +3.606383e-10
11 +0 +0 +0 +2.460607e-10
12 +0 +0 +0 +1.717001e-10
13 +0 +0 +0 +1.119923e-10
14 +0 +0 +0 +7.486856e-11
15 +0 +0 +0 +5.543820e-11
16 +0 +0 +0 +3.904414e-11
17 +0 +0 +0 +2.618874e-11
18 +0 +0 +0 +1.599909e-11
19 +0 +0 +0 +1.224181e-11
20 +0 +0 +0 +7.729425e-12
21 +0 +0 +0 +6.093268e-12
22 +0 +0 +0 +4.589182e-12
23 +0 +0 +0 +3.809567e-12
24 +0 +0 +0 +3.214033e-12
25 +0 +0 +0 +1.394443e-12
26 +0 +0 +0 +7.833387e-13
27 +0 +0 +0 -6.938890e-14
28 +0 +0 +0 +1.452032e-13
29 +0 +0 +0 +7.288575e-14
30 +0 +0 +0 +4.347725e-14
31 +0 +0 +0 -1.316187e-13
32 +0 +0 +0 -6.789005e-13
33 +0 +0 +0 -4.888860e-13
34 +0 +0 +0 -6.039726e-13
35 +0 +0 +0 -8.958677e-13
36 +0 +0 +0 -9.328866e-13
37 +0 +0 +0 -8.778693e-13
38 +0 +0 +0 -2.163906e-13
39 +0 +0 +0 -1.525687e-13
40 +0 +0 +0 -6.217987e-14
41 +0 +0 +0 +4.397891e-14
42 +0 +0 +0 +2.059658e-13
43 +0 +0 +0 +1.985561e-13
44 +0 +0 +0 +7.247376e-14
45 +0 +0 +0 +1.902002e-13
46 +0 +0 +0 +2.465845e-13
47 +0 +0 +0 +1.861415e-13
48 +0 +0 +0 +3.182833e-13
49 +0 +0 +0 +2.158094e-13
50 +0 +0 +0 +2.468679e-13
51 +0 +0 +0 +1.489563e-13
52 +0 +0 +0 -4.153786e-15
53 +0 +0 +0 +3.404383e-14
54 +0 +0 +0 +8.826312e-14
55 +0 +0 +0 -4.882708e-15
56 +0 +0 +0 -5.191842e-14
57 +0 +0 +0 -1.325080e-14
58 +0 +0 +0 -8.243813e-14
59 +0 +0 +0 -9.838374e-14
60 +0 +0 +0 -8.058694e-14
61 +0 +0 +0 -5.646726e-14
62 +0 +0 +0 -1.092149e-13
63 +0 +0 +0 -1.172829e-13
