0 +0 +0 +0 +1.273387e-08
1 +0 +0 +0 +2.377973e-08
2 +0 +0 +0 +1.322044e-08
3 +0 +0 +0 +7.713773e-09
4 +0 +0 +0 +4.792492e-09
5 +0 +0 +0 +3.060284e-09
6 +0 +0 +0 +2.015675e-09
7 +0 +0 +0 +1.332713e-09
8 +0 +0 +0 +9.101537e-10
9 +0 +0 +0 +5.962900e-10
10 +0 +0 +0 +4.005040e-10
11 +0 +0 +0 +2.563535e-10
12 +0 +0 +0 +1.714318e-10
13 +0 +0 +0 +1.167163e-10
14 +0 +0 +0 +8.018535e-11
15 +0 +0 +0 +5.817720e-11
16 +0 +0 +0 +3.880915e-11
17 +0 +0 +0 +2.602576e-11
18 +0 +0 +0 +1.774827e-11
19 +0 +0 +0 +1.157795e-11
20 +0 +0 +0 +6.877311e-12
21 +0 +0 +0 +4.968942e-12
22 +0 +0 +0 +3.611735e-12
23 +0 +0 +0 +1.980647e-12
24 +0 +0 +0 +2.219797e-12
25 +0 +0 +0 +1.584820e-12
26 +0 +0 +0 +1.640965e-12
27 +0 +0 +0 +1.345920e-12
28 +0 +0 +0 +1.385642e-12
29 +0 +0 +0 +1.663229e-12
30 +0 +0 +0 +1.662567e-12
31 +0 +0 +0 +1.669815e-12
32 +0 +0 +0 +3.864646e-13
33 +0 +0 +0 +3.101113e-13
34 +0 +0 +0 -3.388007e-14
35 +0 +0 +0 -6.349967e-14
36 +0 +0 +0 -7.656927e-13
37 +0 +0 +0 -4.588671e-13
38 +0 +0 +0 -4.222405e-13
39 +0 +0 +0 -2.048346e-13
40 +0 +0 +0 -5.867219e-14
41 +0 +0 +0 +6.064434e-14
42 +0 +0 +0 -5.796426e-14
43 +0 +0 +0 +2.357601e-14
44 +0 +0 +0 -9.071978e-14
45 +0 +0 +0 +4.958376e-14
46 +0 +0 +0 +2.457330e-13
47 +0 +0 +0 +1.708646e-13
48 +0 +0 +0 +3.111463e-14
49 +0 +0 +0 -4.932847e-14
50 +0 +0 +0 +5.083747e-14
51 +0 +0 +0 +7.310156e-14
52 +0 +0 +0 -2.350631e-14
53 +0 +0 +0 -1.758600e-14
54 +0 +0 +0 +2.061726e-14
55 +0 +0 +0 +9.239036e-14
56 +0 +0 +0 -1.587954e-14
57 +0 +0 +0 +7.602167e-15
58 +0 +0 +0 +9.668008e-14
59 +0 +0 +0 +2.752702e-14
60 +0 +0 +0 -5.380431e-15
61 +0 +0 +0 -4.530543e-14
62 +0 +0 +0 +5.382327e-14
63 +0 +0 +0 -2.978468e-14
