0 +0 +0 +0 +1.251887e-08
1 +0 +0 +0 +2.518920e-08
2 +0 +0 +0 +1.400907e-08
3 +0 +0 +0 +8.001324e-09
4 +0 +0 +0 +4.908076e-09
5 +0 +0 +0 +3.125315e-09
6 +0 +0 +0 +2.017134e-09
7 +0 +0 +0 +1.321524e-09
8 +0 +0 +0 +8.485504e-10
9 +0 +0 +0 +5.692934e-10
10 +0 +0 +0 +3.761040e-10
11 +0 +0 +0 +2.546488e-10
12 +0 +0 +0 +1.665311e-10
13 +0 +0 +0 +1.047724e-10
14 +0 +0 +0 +7.239654e-11
15 +0 +0 +0 +5.230317e-11
16 +0 +0 +0 +3.450403e-11
17 +0 +0 +0 +2.191397e-11
18 +0 +0 +0 +1.503082e-11
19 +0 +0 +0 +1.001393e-11
20 +0 +0 +0 +7.223150e-12
21 +0 +0 +0 +6.050254e-12
22 +0 +0 +0 +5.258440e-12
23 +0 +0 +0 +5.700997e-12
24 +0 +0 +0 +4.148179e-12
25 +0 +0 +0 +3.103922e-12
26 +0 +0 +0 +2.641509e-12
27 +0 +0 +0 +3.409930e-12
28 +0 +0 +0 +3.065141e-12
29 +0 +0 +0 +2.508541e-12
30 +0 +0 +0 +1.730576e-12
31 +0 +0 +0 +1.756717e-12
32 +0 +0 +0 +8.977780e-13
33 +0 +0 +0 +3.308977e-13
34 +0 +0 +0 -9.119201e-14
35 +0 +0 +0 +4.355846e-15
36 +0 +0 +0 -2.335083e-13
37 +0 +0 +0 -3.862326e-14
38 +0 +0 +0 -1.215342e-13
39 +0 +0 +0 -7.719368e-14
40 +0 +0 +0 -3.760776e-13
41 +0 +0 +0 -1.851308e-13
42 +0 +0 +0 -1.322013e-13
43 +0 +0 +0 -4.128296e-14
44 +0 +0 +0 -4.084996e-14
45 +0 +0 +0 +7.274832e-14
46 +0 +0 +0 -2.559663e-15
47 +0 +0 +0 +2.196064e-14
48 +0 +0 +0 -6.856208e-15
49 +0 +0 +0 -6.781096e-14
50 +0 +0 +0 +8.781273e-14
51 +0 +0 +0 +1.283906e-14
52 +0 +0 +0 +1.675503e-14
53 +0 +0 +0 +1.688026e-13
54 +0 +0 +0 +1.944603e-13
55 +0 +0 +0 +1.803361e-13
56 +0 +0 +0 +2.197930e-13
57 +0 +0 +0 +1.798986e-13
58 +0 +0 +0 +1.029215e-13
59 +0 +0 +0 +7.837043e-14
60 +0 +0 +0 +3.238622e-14
61 +0 +0 +0 +5.783973e-14
62 +0 +0 +0 +4.938004e-14
63 +0 +0 +0 +3.269643e-14
