0 +0 +0 +0 +1.342691e-08
1 +0 +0 +0 +2.450858e-08
2 +0 +0 +0 +1.350331e-08
3 +0 +0 +0 +8.068766e-09
4 +0 +0 +0 +4.989517e-09
5 +0 +0 +0 +3.237330e-09
6 +0 +0 +0 +2.138455e-09
7 +0 +0 +0 +1.414932e-09
8 +0 +0 +0 +9.383773e-10
9 +0 +0 +0 +6.513440e-10
10 +0 +0 +0 +4.423542e-10
11 +0 +0 +0 +2.914625e-10
12 +0 +0 +0 +2.034673e-10
13 +0 +0 +0 +1.390238e-10
14 +0 +0 +0 +9.637488e-11
15 +0 +0 +0 +6.619331e-11
16 +0 +0 +0 +4.473922e-11
17 +0 +0 +0 +2.871003e-11
18 +0 +0 +0 +1.940909e-11
19 +0 +0 +0 +1.224217e-11
20 +0 +0 +0 +1.054854e-11
21 +0 +0 +0 +7.170637e-12
22 +0 +0 +0 +4.151452e-12
23 +0 +0 +0 +2.852431e-12
24 +0 +0 +0 +1.927439e-12
25 +0 +0 +0 +1.523595e-12
26 +0 +0 +0 -1.282769e-13
27 +0 +0 +0 -6.502172e-13
28 +0 +0 +0 -2.896147e-15
29 +0 +0 +0 -3.806854e-14
30 +0 +0 +0 +2.661948e-14
31 +0 +0 +0 +4.664029e-13
32 +0 +0 +0 +4.051725e-13
33 +0 +0 +0 +3.090452e-13
34 +0 +0 +0 +5.520716e-14
35 +0 +0 +0 +6.614754e-16
36 +0 +0 +0 +4.879523e-13
37 +0 +0 +0 -1.466659e-13
38 +0 +0 +0 -2.927282e-14
39 +0 +0 +0 -1.815382e-13
40 +0 +0 +0 +2.531854e-14
41 +0 +0 +0 -8.116857e-14
42 +0 +0 +0 -2.133114e-13
43 +0 +0 +0 -3.421803e-13
44 +0 +0 +0 -2.718523e-13
45 +0 +0 +0 -1.103769e-13
46 +0 +0 +0 +8.595195e-14
47 +0 +0 +0 +2.884048e-13
48 +0 +0 +0 +2.857369e-13
49 +0 +0 +0 +2.037489e-13
50 +0 +0 +0 +3.366396e-13
51 +0 +0 +0 +3.333465e-13
52 +0 +0 +0 +2.013257e-13
53 +0 +0 +0 -1.542848e-14
54 +0 +0 +0 +5.504538e-14
55 +0 +0 +0 -3.086293e-14
56 +0 +0 +0 +7.338115e-14
57 +0 +0 +0 +4.830631e-14
58 +0 +0 +0 +1.662512e-13
59 +0 +0 +0 +1.940448e-13
60 +0 +0 +0 +1.218245e-13
61 +0 +0 +0 -5.740410e-15
62 +0 +0 +0 -6.579716e-14
63 +0 +0 +0 -7.295427e-14
