0 +0 +0 +0 +1.286258e-08
1 +0 +0 +0 +2.395639e-08
2 +0 +0 +0 +1.358040e-08
3 +0 +0 +0 +8.126466e-09
4 +0 +0 +0 +5.055408e-09
5 +0 +0 +0 +3.159704e-09
6 +0 +0 +0 +2.050524e-09
7 +0 +0 +0 +1.289151e-09
8 +0 +0 +0 +8.429792e-10
9 +0 +0 +0 +5.692351e-10
10 +0 +0 +0 +3.983129e-10
11 +0 +0 +0 +2.726921e-10
12 +0 +0 +0 +1.810985e-10
13 +0 +0 +0 +1.203950e-10
14 +0 +0 +0 +8.393994e-11
15 +0 +0 +0 +5.735887e-11
16 +0 +0 +0 +3.952490e-11
17 +0 +0 +0 +2.590991e-11
18 +0 +0 +0 +1.829066e-11
19 +0 +0 +0 +1.512341e-11
20 +0 +0 +0 +1.134384e-11
21 +0 +0 +0 +6.348779e-12
22 +0 +0 +0 +6.231944e-12
23 +0 +0 +0 +5.245117e-12
24 +0 +0 +0 +4.622683e-12
25 +0 +0 +0 +3.416232e-12
26 +0 +0 +0 +2.733850e-12
27 +0 +0 +0 +3.068298e-12
28 +0 +0 +0 +1.905019e-12
29 +0 +0 +0 +4.182744e-13
30 +0 +0 +0 +2.300540e-14
31 +0 +0 +0 -2.694525e-13
32 +0 +0 +0 +3.672709e-14
33 +0 +0 +0 +5.878615e-14
34 +0 +0 +0 -2.628998e-13
35 +0 +0 +0 -1.028775e-13
36 +0 +0 +0 +1.450433e-13
37 +0 +0 +0 -3.594640e-13
38 +0 +0 +0 -3.497741e-13
39 +0 +0 +0 -4.062759e-13
40 +0 +0 +0 -4.802143e-13
41 +0 +0 +0 -3.887943e-13
42 +0 +0 +0 -2.902246e-13
43 +0 +0 +0 -2.840362e-13
44 +0 +0 +0 -4.070184e-13
45 +0 +0 +0 -3.756222e-13
46 +0 +0 +0 -2.084933e-14
47 +0 +0 +0 +9.268969e-15
48 +0 +0 +0 -1.358196e-13
49 +0 +0 +0 -3.059647e-13
50 +0 +0 +0 -1.014025e-13
51 +0 +0 +0 -1.067794e-13
52 +0 +0 +0 -2.483907e-14
53 +0 +0 +0 -3.224979e-14
54 +0 +0 +0 -1.032847e-13
55 +0 +0 +0 -3.711983e-14
56 +0 +0 +0 -1.426991e-13
57 +0 +0 +0 -1.321877e-13
58 +0 +0 +0 -3.794865e-14
59 +0 +0 +0 +1.591856e-13
60 +0 +0 +0 +1.725150e-13
61 +0 +0 +0 +1.708296e-13
62 +0 +0 +0 +1.937229e-13
63 +0 +0 +0 +2.369140e-13
