0 +0 +0 +0 +1.208096e-08
1 +0 +0 +0 +2.341280e-08
2 +0 +0 +0 +1.271362e-08
3 +0 +0 +0 +7.385306e-09
4 +0 +0 +0 +4.593369e-09
5 +0 +0 +0 +2.976629e-09
6 +0 +0 +0 +1.937623e-09
7 +0 +0 +0 +1.273907e-09
8 +0 +0 +0 +8.396735e-10
9 +0 +0 +0 +5.536215e-10
10 +0 +0 +0 +3.741271e-10
11 +0 +0 +0 +2.571719e-10
12 +0 +0 +0 +1.683868e-10
13 +0 +0 +0 +1.074784e-10
14 +0 +0 +0 +6.937869e-11
15 +0 +0 +0 +4.919027e-11
16 +0 +0 +0 +3.066831e-11
17 +0 +0 +0 +2.152339e-11
18 +0 +0 +0 +1.409578e-11
19 +0 +0 +0 +9.542784e-12
20 +0 +0 +0 +6.218943e-12
21 +0 +0 +0 +1.971561e-12
22 +0 +0 +0 -7.369166e-13
23 +0 +0 +0 -1.282027e-12
24 +0 +0 +0 -1.367916e-12
25 +0 +0 +0 -8.262334e-13
26 +0 +0 +0 +3.173142e-13
27 +0 +0 +0 +1.121142e-13
28 +0 +0 +0 +2.467505e-13
29 +0 +0 +0 -2.049145e-13
30 +0 +0 +0 -3.485266e-13
31 +0 +0 +0 +7.737715e-14
32 +0 +0 +0 -2.395776e-13
33 +0 +0 +0 -1.706934e-13
34 +0 +0 +0 -3.734128e-13
35 +0 +0 +0 -3.344933e-13
36 +0 +0 +0 -2.611400e-13
37 +0 +0 +0 -3.238003e-13
38 +0 +0 +0 +7.905319e-14
39 +0 +0 +0 -2.162460e-13
40 +0 +0 +0 -2.787422e-13
41 +0 +0 +0 +2.449550e-14
42 +0 +0 +0 +6.649226e-16
43 +0 +0 +0 -8.277673e-14
44 +0 +0 +0 -2.525956e-13
45 +0 +0 +0 -1.154989e-13
46 +0 +0 +0 -3.871263e-14
47 +0 +0 +0 -1.560217e-13
48 +0 +0 +0 +1.123375e-13
49 +0 +0 +0 +1.771768e-14
50 +0 +0 +0 +1.831381e-13
51 +0 +0 +0 +1.660906e-13
52 +0 +0 +0 +7.662041e-14
53 +0 +0 +0 +6.838587e-14
54 +0 +0 +0 -2.686302e-14
55 +0 +0 +0 +1.806256e-14
56 +0 +0 +0 +7.136389e-14
57 +0 +0 +0 +1.629747e-13
58 +0 +0 +0 +9.860166e-14
59 +0 +0 +0 +5.691335e-14
60 +0 +0 +0 +2.764359e-15
61 +0 +0 +0 -3.381824e-14
62 +0 +0 +0 -4.294243e-14
63 +0 +0 +0 +2.100694e-14
