0 +0 +0 +0 +1.311459e-08
1 +0 +0 +0 +2.416731e-08
2 +0 +0 +0 +1.337534e-08
3 +0 +0 +0 +7.796420e-09
4 +0 +0 +0 +4.891553e-09
5 +0 +0 +0 +3.031075e-09
6 +0 +0 +0 +1.995104e-09
7 +0 +0 +0 +1.361458e-09
8 +0 +0 +0 +9.153113e-10
9 +0 +0 +0 +6.062732e-10
10 +0 +0 +0 +4.059796e-10
11 +0 +0 +0 +2.687462e-10
12 +0 +0 +0 +1.819266e-10
13 +0 +0 +0 +1.211761e-10
14 +0 +0 +0 +8.380463e-11
15 +0 +0 +0 +5.985375e-11
16 +0 +0 +0 +3.869165e-11
17 +0 +0 +0 +2.598622e-11
18 +0 +0 +0 +1.572881e-11
19 +0 +0 +0 +1.098369e-11
20 +0 +0 +0 +9.066180e-12
21 +0 +0 +0 +4.173169e-12
22 +0 +0 +0 +2.236933e-12
23 +0 +0 +0 +2.352006e-12
24 +0 +0 +0 +2.196201e-12
25 +0 +0 +0 +4.806775e-13
26 +0 +0 +0 +9.065701e-13
27 +0 +0 +0 -8.930518e-14
28 +0 +0 +0 -7.636240e-13
29 +0 +0 +0 -9.143313e-13
30 +0 +0 +0 -1.980023e-13
31 +0 +0 +0 -5.459129e-13
32 +0 +0 +0 -6.649858e-13
33 +0 +0 +0 -3.746706e-13
34 +0 +0 +0 -6.010413e-13
35 +0 +0 +0 -1.328212e-13
36 +0 +0 +0 +2.291608e-13
37 +0 +0 +0 +9.322854e-13
38 +0 +0 +0 +6.432640e-13
39 +0 +0 +0 +8.607126e-13
40 +0 +0 +0 +5.915273e-13
41 +0 +0 +0 +3.390041e-13
42 +0 +0 +0 +4.354347e-13
43 +0 +0 +0 +1.788863e-13
44 +0 +0 +0 -1.149773e-13
45 +0 +0 +0 -2.361397e-13
46 +0 +0 +0 -2.568578e-13
47 +0 +0 +0 -1.427696e-13
48 +0 +0 +0 -2.104837e-13
49 +0 +0 +0 -3.700720e-13
50 +0 +0 +0 -1.699350e-13
51 +0 +0 +0 -5.439742e-14
52 +0 +0 +0 -1.077547e-13
53 +0 +0 +0 -3.332600e-14
54 +0 +0 +0 -5.170761e-14
55 +0 +0 +0 -2.000971e-13
56 +0 +0 +0 -1.488614e-13
57 +0 +0 +0 -1.467302e-13
58 +0 +0 +0 -1.790912e-13
59 +0 +0 +0 -1.589134e-13
60 +0 +0 +0 -3.226826e-14
61 +0 +0 +0 -3.321670e-14
62 +0 +0 +0 -1.067092e-14
63 +0 +0 +0 +5.415326e-14
