0 +0 +0 +0 +1.268956e-08
1 +0 +0 +0 +2.447461e-08
2 +0 +0 +0 +1.346413e-08
3 +0 +0 +0 +8.054038e-09
4 +0 +0 +0 +5.030808e-09
5 +0 +0 +0 +3.219277e-09
6 +0 +0 +0 +2.123154e-09
7 +0 +0 +0 +1.403080e-09
8 +0 +0 +0 +9.071511e-10
9 +0 +0 +0 +6.027900e-10
10 +0 +0 +0 +4.074819e-10
11 +0 +0 +0 +2.732350e-10
12 +0 +0 +0 +1.899374e-10
13 +0 +0 +0 +1.252184e-10
14 +0 +0 +0 +8.499608e-11
15 +0 +0 +0 +5.792924e-11
16 +0 +0 +0 +4.028145e-11
17 +0 +0 +0 +2.832684e-11
18 +0 +0 +0 +1.789113e-11
19 +0 +0 +0 +1.522804e-11
20 +0 +0 +0 +7.206993e-12
21 +0 +0 +0 +5.443065e-12
22 +0 +0 +0 +5.386647e-12
23 +0 +0 +0 +4.287161e-12
24 +0 +0 +0 +3.791118e-12
25 +0 +0 +0 +2.329391e-12
26 +0 +0 +0 +2.473330e-12
27 +0 +0 +0 +1.978837e-12
28 +0 +0 +0 +8.522303e-13
29 +0 +0 +0 +8.813599e-13
30 +0 +0 +0 +2.343809e-13
31 +0 +0 +0 -1.097531e-13
32 +0 +0 +0 -2.056834e-13
33 +0 +0 +0 +4.064265e-13
34 +0 +0 +0 -1.138725e-14
35 +0 +0 +0 -4.272258e-13
36 +0 +0 +0 -6.434544e-13
37 +0 +0 +0 -2.300258e-13
38 +0 +0 +0 -2.242956e-13
39 +0 +0 +0 +4.465049e-15
40 +0 +0 +0 +2.771356e-13
41 +0 +0 +0 +3.785704e-13
42 +0 +0 +0 +2.993702e-13
43 +0 +0 +0 +2.636682e-13
44 +0 +0 +0 +3.212476e-13
45 +0 +0 +0 +1.649330e-13
46 +0 +0 +0 +7.657988e-14
47 +0 +0 +0 +2.687905e-14
48 +0 +0 +0 +1.000451e-13
49 +0 +0 +0 +1.017001e-13
50 +0 +0 +0 +1.876556e-13
51 +0 +0 +0 +5.957152e-14
52 +0 +0 +0 +1.318637e-14
53 +0 +0 +0 -5.405944e-14
54 +0 +0 +0 -2.512825e-13
55 +0 +0 +0 -2.184512e-13
56 +0 +0 +0 -1.203193e-13
57 +0 +0 +0 -2.234727e-13
58 +0 +0 +0 -1.765499e-13
59 +0 +0 +0 -1.004524e-13
60 +0 +0 +0 -1.391486e-13
61 +0 +0 +0 -1.527462e-13
62 +0 +0 +0 -9.976264e-14
63 +0 +0 +0 -1.519522e-13
