0 +0 +0 +0 +1.334545e-08
1 +0 +0 +0 +2.369101e-08
2 +0 +0 +0 +1.307951e-08
3 +0 +0 +0 +7.731108e-09
4 +0 +0 +0 +4.898666e-09
5 +0 +0 +0 +3.082278e-09
6 +0 +0 +0 +1.992434e-09
7 +0 +0 +0 +1.307355e-09
8 +0 +0 +0 +8.605840e-10
9 +0 +0 +0 +5.599945e-10
10 +0 +0 +0 +3.743571e-10
11 +0 +0 +0 +2.436289e-10
12 +0 +0 +0 +1.715099e-10
13 +0 +0 +0 +1.172218e-10
14 +0 +0 +0 +7.471514e-11
15 +0 +0 +0 +5.278555e-11
16 +0 +0 +0 +3.592397e-11
17 +0 +0 +0 +2.142915e-11
18 +0 +0 +0 +1.536164e-11
19 +0 +0 +0 +9.183439e-12
20 +0 +0 +0 +4.949332e-12
21 +0 +0 +0 +2.621152e-12
22 +0 +0 +0 +2.423334e-12
23 +0 +0 +0 +2.391696e-12
24 +0 +0 +0 +2.345284e-12
25 +0 +0 +0 +1.128824e-12
26 +0 +0 +0 +4.746876e-13
27 +0 +0 +0 -3.682809e-14
28 +0 +0 +0 +2.372224e-13
29 +0 +0 +0 -1.131942e-13
30 +0 +0 +0 -7.248226e-14
31 +0 +0 +0 -6.385623e-13
32 +0 +0 +0 -6.436122e-14
33 +0 +0 +0 -1.936691e-13
34 +0 +0 +0 -1.694855e-13
35 +0 +0 +0 -4.549570e-13
36 +0 +0 +0 -4.302380e-13
37 +0 +0 +0 -2.809843e-13
38 +0 +0 +0 -1.779131e-13
39 +0 +0 +0 -1.960774e-14
40 +0 +0 +0 +2.103748e-13
41 +0 +0 +0 +3.330896e-13
42 +0 +0 +0 +4.058270e-13
43 +0 +0 +0 +3.087292e-13
44 +0 +0 +0 +3.382124e-13
45 +0 +0 +0 +2.137128e-13
46 +0 +0 +0 +7.891747e-14
47 +0 +0 +0 +1.666816e-13
48 +0 +0 +0 +5.458525e-15
49 +0 +0 +0 -3.099363e-14
50 +0 +0 +0 +9.938905e-14
51 +0 +0 +0 +3.112362e-14
52 +0 +0 +0 -3.080023e-14
53 +0 +0 +0 -7.788827e-14
54 +0 +0 +0 -4.098341e-14
55 +0 +0 +0 +8.868186e-14
56 +0 +0 +0 +9.057730e-14
57 +0 +0 +0 +7.504174e-14
58 +0 +0 +0 +1.611219e-13
59 +0 +0 +0 +1.484440e-13
60 +0 +0 +0 +1.194728e-13
61 +0 +0 +0 +1.143055e-13
62 +0 +0 +0 +3.403015e-14
63 +0 +0 +0 -1.284935e-13
