0 +0 +0 +0 +1.237389e-08
1 +0 +0 +0 +2.429123e-08
2 +0 +0 +0 +1.356245e-08
3 +0 +0 +0 +7.903483e-09
4 +0 +0 +0 +4.943672e-09
5 +0 +0 +0 +3.183704e-09
6 +0 +0 +0 +2.088145e-09
7 +0 +0 +0 +1.365398e-09
8 +0 +0 +0 +8.869035e-10
9 +0 +0 +0 +5.970603e-10
10 +0 +0 +0 +4.062354e-10
11 +0 +0 +0 +2.702652e-10
12 +0 +0 +0 +1.838377e-10
13 +0 +0 +0 +1.277023e-10
14 +0 +0 +0 +8.198091e-11
15 +0 +0 +0 +5.659561e-11
16 +0 +0 +0 +3.911639e-11
17 +0 +0 +0 +2.823230e-11
18 +0 +0 +0 +1.884432e-11
19 +0 +0 +0 +1.211148e-11
20 +0 +0 +0 +6.980100e-12
21 +0 +0 +0 +6.465787e-12
22 +0 +0 +0 +4.007448e-12
23 +0 +0 +0 +2.185951e-12
24 +0 +0 +0 +1.493341e-12
25 +0 +0 +0 +5.414648e-14
26 +0 +0 +0 +7.430207e-13
27 +0 +0 +0 -6.914468e-14
28 +0 +0 +0 +9.451658e-14
29 +0 +0 +0 +7.579437e-14
30 +0 +0 +0 +6.440014e-13
31 +0 +0 +0 +1.899278e-13
32 +0 +0 +0 +6.922334e-13
33 +0 +0 +0 +6.333191e-13
34 +0 +0 +0 +1.030565e-13
35 +0 +0 +0 +3.512609e-13
36 +0 +0 +0 +3.983828e-13
37 +0 +0 +0 +2.729474e-13
38 +0 +0 +0 +1.603622e-13
39 +0 +0 +0 -1.649932e-14
40 +0 +0 +0 -1.115973e-13
41 +0 +0 +0 -2.283611e-13
42 +0 +0 +0 -1.796667e-13
43 +0 +0 +0 -1.905857e-13
44 +0 +0 +0 -6.221134e-14
45 +0 +0 +0 +1.255990e-13
46 +0 +0 +0 -1.176963e-13
47 +0 +0 +0 -8.295614e-15
48 +0 +0 +0 -1.710947e-13
49 +0 +0 +0 -1.729276e-13
50 +0 +0 +0 -2.510540e-14
51 +0 +0 +0 -1.354831e-13
52 +0 +0 +0 -1.306968e-13
53 +0 +0 +0 -2.595394e-13
54 +0 +0 +0 -2.054328e-13
55 +0 +0 +0 -4.365565e-14
56 +0 +0 +0 -7.814806e-14
57 +0 +0 +0 +4.637799e-14
58 +0 +0 +0 +3.986097e-14
59 +0 +0 +0 +1.049903e-13
60 +0 +0 +0 +1.625867e-13
61 +0 +0 +0 +1.301052e-13
62 +0 +0 +0 +1.360720e-13
63 +0 +0 +0 +1.207707e-13
