0 +0 +0 +0 +1.337766e-08
1 +0 +0 +0 +2.406115e-08
2 +0 +0 +0 +1.344383e-08
3 +0 +0 +0 +7.996712e-09
4 +0 +0 +0 +4.944006e-09
5 +0 +0 +0 +3.108834e-09
6 +0 +0 +0 +2.088374e-09
7 +0 +0 +0 +1.398831e-09
8 +0 +0 +0 +9.153183e-10
9 +0 +0 +0 +5.885396e-10
10 +0 +0 +0 +3.980457e-10
11 +0 +0 +0 +2.892482e-10
12 +0 +0 +0 +1.969721e-10
13 +0 +0 +0 +1.370576e-10
14 +0 +0 +0 +9.407769e-11
15 +0 +0 +0 +6.537573e-11
16 +0 +0 +0 +4.361781e-11
17 +0 +0 +0 +3.054085e-11
18 +0 +0 +0 +2.198200e-11
19 +0 +0 +0 +1.764111e-11
20 +0 +0 +0 +9.233061e-12
21 +0 +0 +0 +7.752075e-12
22 +0 +0 +0 +7.095944e-12
23 +0 +0 +0 +5.968476e-12
24 +0 +0 +0 +4.534660e-12
25 +0 +0 +0 +4.176535e-12
26 +0 +0 +0 +2.610894e-12
27 +0 +0 +0 +1.715274e-12
28 +0 +0 +0 +1.749876e-12
29 +0 +0 +0 +1.306851e-12
30 +0 +0 +0 +1.579156e-12
31 +0 +0 +0 +1.848298e-12
32 +0 +0 +0 +1.476896e-12
33 +0 +0 +0 +1.213919e-12
34 +0 +0 +0 +7.251933e-13
35 +0 +0 +0 +3.559953e-13
36 +0 +0 +0 +4.198218e-13
37 +0 +0 +0 +2.752871e-13
38 +0 +0 +0 +1.149844e-14
39 +0 +0 +0 -1.136792e-14
40 +0 +0 +0 +1.461845e-13
41 +0 +0 +0 -9.976188e-14
42 +0 +0 +0 -7.677473e-14
43 +0 +0 +0 +1.275714e-13
44 +0 +0 +0 +2.039994e-13
45 +0 +0 +0 +1.911063e-15
46 +0 +0 +0 +3.728666e-14
47 +0 +0 +0 -5.784984e-15
48 +0 +0 +0 -1.966172e-14
49 +0 +0 +0 -1.668363e-13
50 +0 +0 +0 -2.010555e-13
51 +0 +0 +0 -5.833334e-14
52 +0 +0 +0 +4.847670e-14
53 +0 +0 +0 +1.167229e-13
54 +0 +0 +0 +1.609846e-13
55 +0 +0 +0 +1.604433e-13
56 +0 +0 +0 +1.087867e-13
57 +0 +0 +0 +6.823861e-14
58 +0 +0 +0 +3.616151e-14
59 +0 +0 +0 +9.145890e-14
60 +0 +0 +0 +1.240455e-14
61 +0 +0 +0 +5.305438e-14
62 +0 +0 +0 +6.410726e-14
63 +0 +0 +0 +1.117324e-13
