0 +0 +0 +0 +1.287299e-08
1 +0 +0 +0 +2.402807e-08
2 +0 +0 +0 +1.328656e-08
3 +0 +0 +0 +7.754293e-09
4 +0 +0 +0 +4.925164e-09
5 +0 +0 +0 +3.123568e-09
6 +0 +0 +0 +2.053880e-09
7 +0 +0 +0 +1.325877e-09
8 +0 +0 +0 +8.777516e-10
9 +0 +0 +0 +5.996646e-10
10 +0 +0 +0 +4.042121e-10
11 +0 +0 +0 +2.681158e-10
12 +0 +0 +0 +1.826925e-10
13 +0 +0 +0 +1.232299e-10
14 +0 +0 +0 +8.667783e-11
15 +0 +0 +0 +5.804517e-11
16 +0 +0 +0 +3.742724e-11
17 +0 +0 +0 +2.720481e-11
18 +0 +0 +0 +1.965075e-11
19 +0 +0 +0 +1.215592e-11
20 +0 +0 +0 +9.925244e-12
21 +0 +0 +0 +7.790668e-12
22 +0 +0 +0 +4.956087e-12
23 +0 +0 +0 +3.034548e-12
24 +0 +0 +0 +3.370962e-12
25 +0 +0 +0 +2.000125e-12
26 +0 +0 +0 +2.027767e-12
27 +0 +0 +0 +2.257827e-12
28 +0 +0 +0 +1.056676e-12
29 +0 +0 +0 +8.107546e-13
30 +0 +0 +0 +1.285569e-12
31 +0 +0 +0 +7.502099e-13
32 +0 +0 +0 +6.897357e-13
33 +0 +0 +0 +9.089805e-13
34 +0 +0 +0 +1.030138e-12
35 +0 +0 +0 +1.025945e-12
36 +0 +0 +0 +4.695184e-13
37 +0 +0 +0 +4.410018e-13
38 +0 +0 +0 +4.859145e-13
39 +0 +0 +0 +2.301637e-13
40 +0 +0 +0 +4.870965e-15
41 +0 +0 +0 -1.799431e-13
42 +0 +0 +0 -1.951713e-13
43 +0 +0 +0 -3.511091e-13
44 +0 +0 +0 -1.743224e-13
45 +0 +0 +0 +2.980042e-15
46 +0 +0 +0 +2.407817e-13
47 +0 +0 +0 +2.036623e-13
48 +0 +0 +0 +1.444378e-14
49 +0 +0 +0 -8.196984e-14
50 +0 +0 +0 -1.624396e-13
51 +0 +0 +0 -1.106853e-13
52 +0 +0 +0 -9.286096e-15
53 +0 +0 +0 +1.512767e-14
54 +0 +0 +0 +2.501546e-14
55 +0 +0 +0 +1.309238e-13
56 +0 +0 +0 +6.555002e-14
57 +0 +0 +0 +5.188164e-14
58 +0 +0 +0 -5.400455e-14
59 +0 +0 +0 -3.213570e-14
60 +0 +0 +0 -1.406056e-13
61 +0 +0 +0 -1.755672e-13
62 +0 +0 +0 -2.124812e-13
63 +0 +0 +0 -1.273788e-13
