0 +0 +0 +0 +1.387785e-08
1 +0 +0 +0 +2.463181e-08
2 +0 +0 +0 +1.384524e-08
3 +0 +0 +0 +8.284036e-09
4 +0 +0 +0 +5.031234e-09
5 +0 +0 +0 +3.158320e-09
6 +0 +0 +0 +2.062215e-09
7 +0 +0 +0 +1.342007e-09
8 +0 +0 +0 +9.019513e-10
9 +0 +0 +0 +6.068191e-10
10 +0 +0 +0 +4.069893e-10
11 +0 +0 +0 +2.682182e-10
12 +0 +0 +0 +1.810136e-10
13 +0 +0 +0 +1.158528e-10
14 +0 +0 +0 +7.969180e-11
15 +0 +0 +0 +5.175142e-11
16 +0 +0 +0 +3.937503e-11
17 +0 +0 +0 +3.053370e-11
18 +0 +0 +0 +2.061369e-11
19 +0 +0 +0 +1.307356e-11
20 +0 +0 +0 +7.335958e-12
21 +0 +0 +0 +2.236986e-12
22 +0 +0 +0 +2.278725e-13
23 +0 +0 +0 +3.347143e-13
24 +0 +0 +0 +6.671153e-14
25 +0 +0 +0 -6.288179e-13
26 +0 +0 +0 -3.286436e-13
27 +0 +0 +0 +4.125494e-13
28 +0 +0 +0 -1.657812e-13
29 +0 +0 +0 -1.519768e-13
30 +0 +0 +0 -4.789605e-13
31 +0 +0 +0 -5.877711e-13
32 +0 +0 +0 -1.255724e-12
33 +0 +0 +0 -9.907678e-13
34 +0 +0 +0 -5.726121e-13
35 +0 +0 +0 -1.431365e-13
36 +0 +0 +0 +6.559047e-14
37 +0 +0 +0 +9.797199e-14
38 +0 +0 +0 -1.444498e-13
39 +0 +0 +0 -1.013474e-13
40 +0 +0 +0 -5.758700e-13
41 +0 +0 +0 -1.007200e-13
42 +0 +0 +0 -1.406440e-13
43 +0 +0 +0 +9.144622e-14
44 +0 +0 +0 +1.039829e-13
45 +0 +0 +0 -5.369624e-14
46 +0 +0 +0 -4.899115e-14
47 +0 +0 +0 -1.681241e-13
48 +0 +0 +0 -2.410542e-13
49 +0 +0 +0 -1.335821e-13
50 +0 +0 +0 -3.444505e-14
51 +0 +0 +0 +4.969501e-14
52 +0 +0 +0 +1.532773e-14
53 +0 +0 +0 +1.033689e-13
54 +0 +0 +0 +1.596369e-13
55 +0 +0 +0 +1.191975e-13
56 +0 +0 +0 +1.815220e-13
57 +0 +0 +0 +1.703922e-13
58 +0 +0 +0 +2.060988e-13
59 +0 +0 +0 +2.329694e-13
60 +0 +0 +0 +2.921444e-13
61 +0 +0 +0 +2.824286e-13
62 +0 +0 +0 +2.268395e-13
63 +0 +0 +0 +1.637128e-13
