0 +0 +0 +0 +1.285553e-08
1 +0 +0 +0 +2.445609e-08
2 +0 +0 +0 +1.360167e-08
3 +0 +0 +0 +7.977564e-09
4 +0 +0 +0 +4.941722e-09
5 +0 +0 +0 +3.171644e-09
6 +0 +0 +0 +2.092241e-09
7 +0 +0 +0 +1.360673e-09
8 +0 +0 +0 +9.226877e-10
9 +0 +0 +0 +6.204543e-10
10 +0 +0 +0 +4.102688e-10
11 +0 +0 +0 +2.789818e-10
12 +0 +0 +0 +1.847728e-10
13 +0 +0 +0 +1.245899e-10
14 +0 +0 +0 +8.008076e-11
15 +0 +0 +0 +5.248699e-11
16 +0 +0 +0 +3.230127e-11
17 +0 +0 +0 +1.860104e-11
18 +0 +0 +0 +1.038438e-11
19 +0 +0 +0 +6.597171e-12
20 +0 +0 +0 +4.974036e-12
21 +0 +0 +0 +5.028752e-12
22 +0 +0 +0 +5.038257e-12
23 +0 +0 +0 +4.541111e-12
24 +0 +0 +0 +4.516974e-12
25 +0 +0 +0 +4.427995e-12
26 +0 +0 +0 +3.304759e-12
27 +0 +0 +0 +2.271876e-12
28 +0 +0 +0 +2.230819e-12
29 +0 +0 +0 +1.806843e-12
30 +0 +0 +0 +1.675349e-12
31 +0 +0 +0 +8.126217e-13
32 +0 +0 +0 +4.523975e-13
33 +0 +0 +0 +5.868320e-13
34 +0 +0 +0 +3.610723e-13
35 +0 +0 +0 -8.459778e-14
36 +0 +0 +0 +2.275637e-13
37 +0 +0 +0 +6.843475e-13
38 +0 +0 +0 +5.148805e-13
39 +0 +0 +0 +2.929030e-13
40 +0 +0 +0 +4.264819e-13
41 +0 +0 +0 +3.043325e-13
42 +0 +0 +0 +1.962870e-13
43 +0 +0 +0 +2.816840e-13
44 +0 +0 +0 +3.531591e-13
45 +0 +0 +0 +1.881695e-13
46 +0 +0 +0 -6.201720e-14
47 +0 +0 +0 +1.935131e-13
48 +0 +0 +0 +4.356242e-14
49 +0 +0 +0 +3.657071e-14
50 +0 +0 +0 +9.172699e-15
51 +0 +0 +0 +1.146313e-13
52 +0 +0 +0 +2.208004e-14
53 +0 +0 +0 +4.873054e-15
54 +0 +0 +0 +1.453112e-13
55 +0 +0 +0 +1.891484e-13
56 +0 +0 +0 +2.519090e-13
57 +0 +0 +0 +1.536752e-13
58 +0 +0 +0 -1.693531e-14
59 +0 +0 +0 -7.019188e-14
60 +0 +0 +0 -4.958593e-14
61 +0 +0 +0 -5.867773e-14
62 +0 +0 +0 -1.033053e-13
63 +0 +0 +0 -2.179909e-13
