0 +0 +0 +0 +1.330626e-08
1 +0 +0 +0 +2.432249e-08
2 +0 +0 +0 +1.341709e-08
3 +0 +0 +0 +7.874122e-09
4 +0 +0 +0 +4.995147e-09
5 +0 +0 +0 +3.098966e-09
6 +0 +0 +0 +1.999345e-09
7 +0 +0 +0 +1.313805e-09
8 +0 +0 +0 +8.746779e-10
9 +0 +0 +0 +5.843317e-10
10 +0 +0 +0 +4.021454e-10
11 +0 +0 +0 +2.702099e-10
12 +0 +0 +0 +1.763064e-10
13 +0 +0 +0 +1.228043e-10
14 +0 +0 +0 +8.544586e-11
15 +0 +0 +0 +6.021648e-11
16 +0 +0 +0 +4.062987e-11
17 +0 +0 +0 +2.513124e-11
18 +0 +0 +0 +1.700819e-11
19 +0 +0 +0 +8.549007e-12
20 +0 +0 +0 +3.748664e-12
21 +0 +0 +0 +3.371013e-13
22 +0 +0 +0 -6.755411e-13
23 +0 +0 +0 +4.079915e-13
24 +0 +0 +0 -8.821560e-13
25 +0 +0 +0 -1.303481e-12
26 +0 +0 +0 -7.609939e-13
27 +0 +0 +0 +1.033693e-12
28 +0 +0 +0 -1.661304e-13
29 +0 +0 +0 +4.798132e-13
30 +0 +0 +0 +6.741092e-13
31 +0 +0 +0 +2.477971e-13
32 +0 +0 +0 -2.440422e-13
33 +0 +0 +0 +6.274993e-13
34 +0 +0 +0 +5.727916e-13
35 +0 +0 +0 +8.778737e-14
36 +0 +0 +0 +4.098258e-13
37 +0 +0 +0 +1.143382e-13
38 +0 +0 +0 -2.061346e-13
39 +0 +0 +0 -4.928771e-13
40 +0 +0 +0 -2.958034e-13
41 +0 +0 +0 -2.356638e-13
42 +0 +0 +0 -2.676397e-13
43 +0 +0 +0 -2.513021e-13
44 +0 +0 +0 -4.039995e-13
45 +0 +0 +0 -6.891988e-14
46 +0 +0 +0 -1.993161e-13
47 +0 +0 +0 -1.212546e-13
48 +0 +0 +0 -1.461260e-13
49 +0 +0 +0 -3.206795e-13
50 +0 +0 +0 -1.413261e-13
51 +0 +0 +0 -1.819684e-13
52 +0 +0 +0 -6.035484e-14
53 +0 +0 +0 -7.618479e-14
54 +0 +0 +0 -5.630307e-14
55 +0 +0 +0 -8.092228e-14
56 +0 +0 +0 -8.438017e-15
57 +0 +0 +0 -4.547427e-14
58 +0 +0 +0 +1.125063e-14
59 +0 +0 +0 -3.469238e-14
60 +0 +0 +0 -3.243886e-15
61 +0 +0 +0 +4.975297e-14
62 +0 +0 +0 +7.288421e-14
63 +0 +0 +0 +4.352442e-14
