0 +0 +0 +0 +1.344060e-08
1 +0 +0 +0 +2.357051e-08
2 +0 +0 +0 +1.318872e-08
3 +0 +0 +0 +7.810318e-09
4 +0 +0 +0 +4.709708e-09
5 +0 +0 +0 +3.095071e-09
6 +0 +0 +0 +2.015670e-09
7 +0 +0 +0 +1.329812e-09
8 +0 +0 +0 +8.741256e-10
9 +0 +0 +0 +5.887361e-10
10 +0 +0 +0 +3.893703e-10
11 +0 +0 +0 +2.661151e-10
12 +0 +0 +0 +1.755885e-10
13 +0 +0 +0 +1.192840e-10
14 +0 +0 +0 +7.919922e-11
15 +0 +0 +0 +4.978553e-11
16 +0 +0 +0 +3.033831e-11
17 +0 +0 +0 +1.989443e-11
18 +0 +0 +0 +1.442677e-11
19 +0 +0 +0 +8.525434e-12
20 +0 +0 +0 +5.484338e-12
21 +0 +0 +0 +3.598840e-12
22 +0 +0 +0 +3.462178e-12
23 +0 +0 +0 +1.937590e-12
24 +0 +0 +0 +2.434034e-13
25 +0 +0 +0 -1.991648e-13
26 +0 +0 +0 -4.213170e-13
27 +0 +0 +0 -4.021819e-13
28 +0 +0 +0 -7.336346e-14
29 +0 +0 +0 -1.068807e-13
30 +0 +0 +0 -4.529716e-13
31 +0 +0 +0 -7.191684e-13
32 +0 +0 +0 -5.205065e-13
33 +0 +0 +0 -6.291897e-13
34 +0 +0 +0 -6.421836e-13
35 +0 +0 +0 -3.655391e-13
36 +0 +0 +0 -2.930274e-13
37 +0 +0 +0 -2.254827e-13
38 +0 +0 +0 +7.325637e-15
39 +0 +0 +0 +2.855472e-13
40 +0 +0 +0 +2.156375e-13
41 +0 +0 +0 +4.213277e-13
42 +0 +0 +0 +2.790397e-13
43 +0 +0 +0 +3.158365e-13
44 +0 +0 +0 +6.915222e-14
45 +0 +0 +0 +9.740392e-14
46 +0 +0 +0 -2.956497e-14
47 +0 +0 +0 -7.047429e-14
48 +0 +0 +0 -8.194856e-14
49 +0 +0 +0 -2.405000e-15
50 +0 +0 +0 +4.581044e-14
51 +0 +0 +0 +1.251322e-13
52 +0 +0 +0 +8.140724e-14
53 +0 +0 +0 +8.359774e-14
54 +0 +0 +0 +3.145756e-15
55 +0 +0 +0 -1.571472e-13
56 +0 +0 +0 -1.690308e-13
57 +0 +0 +0 -1.685395e-13
58 +0 +0 +0 -1.309214e-13
59 +0 +0 +0 -1.073810e-13
60 +0 +0 +0 -5.795788e-14
61 +0 +0 +0 +5.071445e-14
62 +0 +0 +0 -3.254509e-15
63 +0 +0 +0 +2.666988e-14
