0 +0 +0 +0 +1.212245e-08
1 +0 +0 +0 +2.399666e-08
2 +0 +0 +0 +1.311499e-08
3 +0 +0 +0 +7.667743e-09
4 +0 +0 +0 +4.782618e-09
5 +0 +0 +0 +2.991716e-09
6 +0 +0 +0 +1.944370e-09
7 +0 +0 +0 +1.269514e-09
8 +0 +0 +0 +8.111892e-10
9 +0 +0 +0 +5.293729e-10
10 +0 +0 +0 +3.567139e-10
11 +0 +0 +0 +2.357625e-10
12 +0 +0 +0 +1.600564e-10
13 +0 +0 +0 +1.073316e-10
14 +0 +0 +0 +6.714693e-11
15 +0 +0 +0 +4.419668e-11
16 +0 +0 +0 +2.911245e-11
17 +0 +0 +0 +1.856879e-11
18 +0 +0 +0 +1.221039e-11
19 +0 +0 +0 +1.138481e-11
20 +0 +0 +0 +7.824679e-12
21 +0 +0 +0 +7.654498e-12
22 +0 +0 +0 +3.928734e-12
23 +0 +0 +0 +4.109023e-12
24 +0 +0 +0 +3.519936e-12
25 +0 +0 +0 +2.794213e-12
26 +0 +0 +0 +1.558555e-12
27 +0 +0 +0 +6.332009e-13
28 +0 +0 +0 +3.779147e-13
29 +0 +0 +0 +6.250803e-13
30 +0 +0 +0 +1.085407e-12
31 +0 +0 +0 +1.121053e-12
32 +0 +0 +0 +1.077336e-12
33 +0 +0 +0 +1.302798e-12
34 +0 +0 +0 +1.032932e-12
35 +0 +0 +0 +2.502391e-13
36 +0 +0 +0 +7.222888e-14
37 +0 +0 +0 -9.154680e-14
38 +0 +0 +0 +6.099334e-14
39 +0 +0 +0 +2.079611e-13
40 +0 +0 +0 +1.417813e-13
41 +0 +0 +0 -1.187663e-13
42 +0 +0 +0 -9.136199e-14
43 +0 +0 +0 +6.842535e-14
44 +0 +0 +0 -2.567235e-14
45 +0 +0 +0 -1.837312e-13
46 +0 +0 +0 -1.388389e-13
47 +0 +0 +0 -1.989449e-14
48 +0 +0 +0 +6.082753e-14
49 +0 +0 +0 -1.390960e-15
50 +0 +0 +0 -5.661826e-14
51 +0 +0 +0 +2.194422e-14
52 +0 +0 +0 +1.065695e-13
53 +0 +0 +0 +2.632495e-14
54 +0 +0 +0 -4.604739e-14
55 +0 +0 +0 -6.639000e-14
56 +0 +0 +0 +1.856324e-14
57 +0 +0 +0 +6.877634e-14
58 +0 +0 +0 -6.488292e-15
59 +0 +0 +0 -2.938886e-14
60 +0 +0 +0 -5.202161e-14
61 +0 +0 +0 -8.909375e-14
62 +0 +0 +0 -5.945499e-14
63 +0 +0 +0 -5.509921e-14
