0 +0 +0 +0 +1.402436e-08
1 +0 +0 +0 +2.550856e-08
2 +0 +0 +0 +1.396573e-08
3 +0 +0 +0 +8.161238e-09
4 +0 +0 +0 +5.214104e-09
5 +0 +0 +0 +3.316197e-09
6 +0 +0 +0 +2.120847e-09
7 +0 +0 +0 +1.407997e-09
8 +0 +0 +0 +9.321952e-10
9 +0 +0 +0 +6.321567e-10
10 +0 +0 +0 +4.206751e-10
11 +0 +0 +0 +2.710420e-10
12 +0 +0 +0 +1.777715e-10
13 +0 +0 +0 +1.182181e-10
14 +0 +0 +0 +7.760427e-11
15 +0 +0 +0 +5.291730e-11
16 +0 +0 +0 +3.333741e-11
17 +0 +0 +0 +2.041269e-11
18 +0 +0 +0 +1.208934e-11
19 +0 +0 +0 +7.830969e-12
20 +0 +0 +0 +6.006626e-12
21 +0 +0 +0 +3.398029e-12
22 +0 +0 +0 +2.594686e-12
23 +0 +0 +0 +1.810799e-12
24 +0 +0 +0 +8.445633e-13
25 +0 +0 +0 -8.519975e-14
26 +0 +0 +0 +4.039806e-14
27 +0 +0 +0 -4.830043e-13
28 +0 +0 +0 -1.779304e-13
29 +0 +0 +0 -1.367743e-12
30 +0 +0 +0 -1.262616e-12
31 +0 +0 +0 -7.184324e-13
32 +0 +0 +0 -6.151327e-13
33 +0 +0 +0 -9.118851e-13
34 +0 +0 +0 -1.325787e-12
35 +0 +0 +0 -9.513490e-13
36 +0 +0 +0 -1.317507e-12
37 +0 +0 +0 -9.075102e-13
38 +0 +0 +0 -8.847781e-13
39 +0 +0 +0 -7.648065e-13
40 +0 +0 +0 -7.396371e-13
41 +0 +0 +0 -4.171798e-13
42 +0 +0 +0 -2.022975e-13
43 +0 +0 +0 -6.744540e-14
44 +0 +0 +0 +9.139784e-14
45 +0 +0 +0 -1.450055e-13
46 +0 +0 +0 -4.101002e-13
47 +0 +0 +0 -4.763288e-13
48 +0 +0 +0 -3.340679e-13
49 +0 +0 +0 -2.444115e-13
50 +0 +0 +0 +1.654182e-14
51 +0 +0 +0 +1.070958e-14
52 +0 +0 +0 +2.941943e-14
53 +0 +0 +0 +8.873552e-14
54 +0 +0 +0 -5.484605e-14
55 +0 +0 +0 +1.476034e-13
56 +0 +0 +0 +1.036638e-13
57 +0 +0 +0 +1.119137e-13
58 +0 +0 +0 +9.367200e-14
59 +0 +0 +0 +9.127472e-14
60 +0 +0 +0 +1.843644e-14
61 +0 +0 +0 -5.956730e-14
62 +0 +0 +0 -5.062985e-14
63 +0 +0 +0 +1.747858e-14
