0 +0 +0 +0 +1.212463e-08
1 +0 +0 +0 +2.448161e-08
2 +0 +0 +0 +1.344419e-08
3 +0 +0 +0 +7.877807e-09
4 +0 +0 +0 +4.941044e-09
5 +0 +0 +0 +3.085892e-09
6 +0 +0 +0 +1.990969e-09
7 +0 +0 +0 +1.322393e-09
8 +0 +0 +0 +8.774777e-10
9 +0 +0 +0 +5.905852e-10
10 +0 +0 +0 +3.880115e-10
11 +0 +0 +0 +2.578956e-10
12 +0 +0 +0 +1.815587e-10
13 +0 +0 +0 +1.260671e-10
14 +0 +0 +0 +8.411315e-11
15 +0 +0 +0 +5.815210e-11
16 +0 +0 +0 +4.298771e-11
17 +0 +0 +0 +2.873472e-11
18 +0 +0 +0 +1.853913e-11
19 +0 +0 +0 +1.014270e-11
20 +0 +0 +0 +8.235039e-12
21 +0 +0 +0 +4.695004e-12
22 +0 +0 +0 +3.296574e-12
23 +0 +0 +0 +1.732295e-12
24 +0 +0 +0 +2.023144e-12
25 +0 +0 +0 +1.933784e-12
26 +0 +0 +0 +1.640955e-12
27 +0 +0 +0 +2.062252e-12
28 +0 +0 +0 +9.498359e-13
29 +0 +0 +0 +1.121473e-12
30 +0 +0 +0 +7.425044e-13
31 +0 +0 +0 +8.654295e-13
32 +0 +0 +0 +2.375435e-13
33 +0 +0 +0 +2.496243e-13
34 +0 +0 +0 -1.536436e-13
35 +0 +0 +0 -8.870642e-14
36 +0 +0 +0 -2.119762e-13
37 +0 +0 +0 +1.851278e-13
38 +0 +0 +0 -1.817155e-13
39 +0 +0 +0 -2.686753e-13
40 +0 +0 +0 +5.151733e-15
41 +0 +0 +0 -7.576485e-14
42 +0 +0 +0 -2.363748e-14
43 +0 +0 +0 +2.442950e-13
44 +0 +0 +0 +1.392575e-13
45 +0 +0 +0 +1.945505e-13
46 +0 +0 +0 +1.663481e-13
47 +0 +0 +0 +9.425376e-14
48 +0 +0 +0 +1.268542e-15
49 +0 +0 +0 -1.479870e-13
50 +0 +0 +0 -1.146910e-13
51 +0 +0 +0 +2.428427e-14
52 +0 +0 +0 -9.428206e-14
53 +0 +0 +0 -2.860322e-14
54 +0 +0 +0 -3.059118e-14
55 +0 +0 +0 +4.116335e-14
56 +0 +0 +0 +6.524017e-14
57 +0 +0 +0 +5.181788e-14
58 +0 +0 +0 +8.598738e-14
59 +0 +0 +0 +1.355118e-13
60 +0 +0 +0 +9.872299e-14
61 +0 +0 +0 +3.652008e-15
62 +0 +0 +0 +7.670900e-14
63 +0 +0 +0 +1.256479e-13
