0 +0 +0 +0 +1.232422e-08
1 +0 +0 +0 +2.339122e-08
2 +0 +0 +0 +1.316942e-08
3 +0 +0 +0 +7.686760e-09
4 +0 +0 +0 +4.719700e-09
5 +0 +0 +0 +3.038075e-09
6 +0 +0 +0 +1.923306e-09
7 +0 +0 +0 +1.270508e-09
8 +0 +0 +0 +8.710518e-10
9 +0 +0 +0 +5.790962e-10
10 +0 +0 +0 +4.035723e-10
11 +0 +0 +0 +2.730012e-10
12 +0 +0 +0 +1.882934e-10
13 +0 +0 +0 +1.278894e-10
14 +0 +0 +0 +8.745241e-11
15 +0 +0 +0 +6.144304e-11
16 +0 +0 +0 +3.826993e-11
17 +0 +0 +0 +2.694163e-11
18 +0 +0 +0 +1.726952e-11
19 +0 +0 +0 +1.266484e-11
20 +0 +0 +0 +6.971117e-12
21 +0 +0 +0 +4.248354e-12
22 +0 +0 +0 +3.348546e-12
23 +0 +0 +0 +2.557082e-12
24 +0 +0 +0 +1.406907e-12
25 +0 +0 +0 +1.292282e-12
26 +0 +0 +0 +4.390875e-13
27 +0 +0 +0 +3.124750e-13
28 +0 +0 +0 +1.194098e-13
29 +0 +0 +0 +1.454965e-13
30 +0 +0 +0 +2.083642e-13
31 +0 +0 +0 +6.668338e-13
32 +0 +0 +0 +5.215213e-13
33 +0 +0 +0 +6.666994e-13
34 +0 +0 +0 +7.357174e-13
35 +0 +0 +0 +8.153593e-13
36 +0 +0 +0 +9.643849e-13
37 +0 +0 +0 +7.395496e-13
38 +0 +0 +0 +2.062556e-13
39 +0 +0 +0 -2.538477e-15
40 +0 +0 +0 -3.587243e-13
41 +0 +0 +0 -1.758548e-13
42 +0 +0 +0 -2.830330e-13
43 +0 +0 +0 -2.978261e-13
44 +0 +0 +0 +2.090169e-14
45 +0 +0 +0 -2.630378e-14
46 +0 +0 +0 +1.117232e-13
47 +0 +0 +0 +1.835159e-13
48 +0 +0 +0 +1.514173e-14
49 +0 +0 +0 +9.752119e-14
50 +0 +0 +0 -2.479244e-14
51 +0 +0 +0 -5.807389e-14
52 +0 +0 +0 -1.386296e-13
53 +0 +0 +0 -4.141318e-14
54 +0 +0 +0 -1.759787e-14
55 +0 +0 +0 -3.328517e-14
56 +0 +0 +0 -6.756281e-14
57 +0 +0 +0 -1.027565e-13
58 +0 +0 +0 -1.642738e-13
59 +0 +0 +0 -1.123686e-13
60 +0 +0 +0 -8.408091e-14
61 +0 +0 +0 -1.104406e-13
62 +0 +0 +0 -1.511262e-13
63 +0 +0 +0 -1.110539e-13
