0 +0 +0 +0 +1.275996e-08
1 +0 +0 +0 +2.425704e-08
2 +0 +0 +0 +1.345122e-08
3 +0 +0 +0 +8.156724e-09
4 +0 +0 +0 +5.117766e-09
5 +0 +0 +0 +3.268430e-09
6 +0 +0 +0 +2.080301e-09
7 +0 +0 +0 +1.390333e-09
8 +0 +0 +0 +9.426066e-10
9 +0 +0 +0 +6.287096e-10
10 +0 +0 +0 +4.188138e-10
11 +0 +0 +0 +2.860363e-10
12 +0 +0 +0 +1.971240e-10
13 +0 +0 +0 +1.374906e-10
14 +0 +0 +0 +9.225181e-11
15 +0 +0 +0 +6.436096e-11
16 +0 +0 +0 +4.189088e-11
17 +0 +0 +0 +2.725689e-11
18 +0 +0 +0 +1.597389e-11
19 +0 +0 +0 +1.115181e-11
20 +0 +0 +0 +9.630819e-12
21 +0 +0 +0 +6.993067e-12
22 +0 +0 +0 +6.776715e-12
23 +0 +0 +0 +6.420530e-12
24 +0 +0 +0 +4.625025e-12
25 +0 +0 +0 +3.860620e-12
26 +0 +0 +0 +2.415367e-12
27 +0 +0 +0 +2.120410e-12
28 +0 +0 +0 +9.828202e-13
29 +0 +0 +0 +6.755363e-13
30 +0 +0 +0 +1.001621e-12
31 +0 +0 +0 +1.157689e-12
32 +0 +0 +0 +6.206517e-13
33 +0 +0 +0 +6.262699e-13
34 +0 +0 +0 +1.114671e-12
35 +0 +0 +0 +1.034618e-12
36 +0 +0 +0 +5.995307e-13
37 +0 +0 +0 +3.633838e-13
38 +0 +0 +0 +5.568087e-13
39 +0 +0 +0 +3.851013e-13
40 +0 +0 +0 +4.044896e-13
41 +0 +0 +0 +3.022019e-13
42 +0 +0 +0 +4.318894e-13
43 +0 +0 +0 +4.453825e-13
44 +0 +0 +0 +2.909782e-13
45 +0 +0 +0 +1.213775e-13
46 +0 +0 +0 +2.172975e-13
47 +0 +0 +0 -2.649277e-14
48 +0 +0 +0 -6.626854e-14
49 +0 +0 +0 -8.857304e-14
50 +0 +0 +0 -5.791410e-14
51 +0 +0 +0 -3.756983e-14
52 +0 +0 +0 +2.585532e-14
53 +0 +0 +0 +8.112765e-14
54 +0 +0 +0 +2.565339e-14
55 +0 +0 +0 +5.201883e-15
56 +0 +0 +0 -3.115862e-14
57 +0 +0 +0 +5.501927e-14
58 +0 +0 +0 +1.591998e-13
59 +0 +0 +0 +1.743896e-13
60 +0 +0 +0 +1.635175e-13
61 +0 +0 +0 +8.614370e-14
62 +0 +0 +0 +3.065253e-14
63 +0 +0 +0 +8.048409e-14
