0 +0 +0 +0 +1.368796e-08
1 +0 +0 +0 +2.529507e-08
2 +0 +0 +0 +1.417165e-08
3 +0 +0 +0 +8.382493e-09
4 +0 +0 +0 +5.130452e-09
5 +0 +0 +0 +3.221269e-09
6 +0 +0 +0 +2.090508e-09
7 +0 +0 +0 +1.407422e-09
8 +0 +0 +0 +9.467480e-10
9 +0 +0 +0 +6.460602e-10
10 +0 +0 +0 +4.628289e-10
11 +0 +0 +0 +3.099347e-10
12 +0 +0 +0 +2.078883e-10
13 +0 +0 +0 +1.410426e-10
14 +0 +0 +0 +1.038386e-10
15 +0 +0 +0 +7.418546e-11
16 +0 +0 +0 +4.391704e-11
17 +0 +0 +0 +3.346687e-11
18 +0 +0 +0 +2.164574e-11
19 +0 +0 +0 +1.549506e-11
20 +0 +0 +0 +1.109393e-11
21 +0 +0 +0 +7.575388e-12
22 +0 +0 +0 +5.310945e-12
23 +0 +0 +0 +6.654051e-12
24 +0 +0 +0 +4.820580e-12
25 +0 +0 +0 +3.315062e-12
26 +0 +0 +0 +7.552859e-13
27 +0 +0 +0 +3.926939e-13
28 +0 +0 +0 +9.612481e-13
29 +0 +0 +0 -7.669380e-13
30 +0 +0 +0 -3.492591e-13
31 +0 +0 +0 -1.226444e-12
32 +0 +0 +0 -1.124096e-12
33 +0 +0 +0 -6.353510e-13
34 +0 +0 +0 -5.869225e-13
35 +0 +0 +0 -6.673864e-13
36 +0 +0 +0 -2.899598e-13
37 +0 +0 +0 +9.517595e-14
38 +0 +0 +0 +1.933211e-13
39 +0 +0 +0 +2.013362e-13
40 +0 +0 +0 +5.299178e-13
41 +0 +0 +0 +1.644569e-13
42 +0 +0 +0 +1.748268e-13
43 +0 +0 +0 +8.968199e-14
44 +0 +0 +0 +2.200631e-13
45 +0 +0 +0 +3.460988e-13
46 +0 +0 +0 +1.852370e-13
47 +0 +0 +0 +3.235105e-13
48 +0 +0 +0 +3.584076e-13
49 +0 +0 +0 +3.245513e-13
50 +0 +0 +0 +2.011742e-13
51 +0 +0 +0 +8.685404e-14
52 +0 +0 +0 +1.948550e-13
53 +0 +0 +0 +1.228923e-14
54 +0 +0 +0 -3.434439e-14
55 +0 +0 +0 -1.137744e-13
56 +0 +0 +0 -1.543535e-13
57 +0 +0 +0 -1.204980e-13
58 +0 +0 +0 +6.591208e-15
59 +0 +0 +0 -8.371179e-14
60 +0 +0 +0 -3.045815e-14
61 +0 +0 +0 -1.685025e-14
62 +0 +0 +0 -4.505173e-14
63 +0 +0 +0 -8.771639e-14
