0 +0 +0 +0 +1.345598e-08
1 +0 +0 +0 +2.379918e-08
2 +0 +0 +0 +1.326752e-08
3 +0 +0 +0 +7.833780e-09
4 +0 +0 +0 +4.847220e-09
5 +0 +0 +0 +3.123097e-09
6 +0 +0 +0 +2.058910e-09
7 +0 +0 +0 +1.339168e-09
8 +0 +0 +0 +8.648363e-10
9 +0 +0 +0 +5.694399e-10
10 +0 +0 +0 +3.886295e-10
11 +0 +0 +0 +2.603258e-10
12 +0 +0 +0 +1.820273e-10
13 +0 +0 +0 +1.245197e-10
14 +0 +0 +0 +8.975967e-11
15 +0 +0 +0 +6.098988e-11
16 +0 +0 +0 +4.226530e-11
17 +0 +0 +0 +2.552809e-11
18 +0 +0 +0 +1.821963e-11
19 +0 +0 +0 +1.136079e-11
20 +0 +0 +0 +6.779881e-12
21 +0 +0 +0 +6.505665e-12
22 +0 +0 +0 +4.469688e-12
23 +0 +0 +0 +2.946061e-12
24 +0 +0 +0 +1.621136e-12
25 +0 +0 +0 +1.388759e-12
26 +0 +0 +0 +9.894594e-13
27 +0 +0 +0 +7.587388e-13
28 +0 +0 +0 +2.096955e-13
29 +0 +0 +0 -3.670178e-13
30 +0 +0 +0 +8.040261e-13
31 +0 +0 +0 +6.667373e-13
32 +0 +0 +0 +7.917708e-14
33 +0 +0 +0 +4.728889e-13
34 +0 +0 +0 +9.914970e-14
35 +0 +0 +0 -7.177888e-14
36 +0 +0 +0 +1.472884e-13
37 +0 +0 +0 +2.748828e-13
38 +0 +0 +0 +1.000601e-13
39 +0 +0 +0 +8.032644e-14
40 +0 +0 +0 +2.378731e-13
41 +0 +0 +0 +1.387299e-13
42 +0 +0 +0 +3.231825e-14
43 +0 +0 +0 -4.375802e-14
44 +0 +0 +0 -1.606523e-13
45 +0 +0 +0 -5.826684e-15
46 +0 +0 +0 +6.800734e-14
47 +0 +0 +0 +1.667538e-13
48 +0 +0 +0 +1.426698e-13
49 +0 +0 +0 +1.252796e-13
50 +0 +0 +0 +2.965192e-13
51 +0 +0 +0 +3.664662e-13
52 +0 +0 +0 +1.033370e-13
53 +0 +0 +0 +1.157185e-13
54 +0 +0 +0 -4.807102e-14
55 +0 +0 +0 -8.818105e-14
56 +0 +0 +0 -6.842266e-14
57 +0 +0 +0 +2.223126e-14
58 +0 +0 +0 +9.368037e-14
59 +0 +0 +0 +9.053803e-14
60 +0 +0 +0 -2.252649e-14
61 +0 +0 +0 -3.437656e-14
62 +0 +0 +0 -1.027365e-13
63 +0 +0 +0 -1.513581e-13
