0 +0 +0 +0 +1.338969e-08
1 +0 +0 +0 +2.446788e-08
2 +0 +0 +0 +1.369690e-08
3 +0 +0 +0 +8.190073e-09
4 +0 +0 +0 +5.125444e-09
5 +0 +0 +0 +3.286934e-09
6 +0 +0 +0 +2.145460e-09
7 +0 +0 +0 +1.421691e-09
8 +0 +0 +0 +9.411746e-10
9 +0 +0 +0 +6.087006e-10
10 +0 +0 +0 +4.063572e-10
11 +0 +0 +0 +2.900899e-10
12 +0 +0 +0 +1.890655e-10
13 +0 +0 +0 +1.369217e-10
14 +0 +0 +0 +9.449641e-11
15 +0 +0 +0 +6.418142e-11
16 +0 +0 +0 +4.550680e-11
17 +0 +0 +0 +2.943011e-11
18 +0 +0 +0 +1.722224e-11
19 +0 +0 +0 +1.423101e-11
20 +0 +0 +0 +1.014196e-11
21 +0 +0 +0 +8.217004e-12
22 +0 +0 +0 +5.962166e-12
23 +0 +0 +0 +3.737149e-12
24 +0 +0 +0 +1.308172e-12
25 +0 +0 +0 +1.020798e-12
26 +0 +0 +0 +5.467744e-13
27 +0 +0 +0 +6.245267e-13
28 +0 +0 +0 +5.893418e-13
29 +0 +0 +0 +9.914026e-13
30 +0 +0 +0 +7.525691e-13
31 +0 +0 +0 +4.931454e-13
32 +0 +0 +0 +9.910907e-13
33 +0 +0 +0 +8.192965e-13
34 +0 +0 +0 +5.203592e-13
35 +0 +0 +0 -1.256880e-13
36 +0 +0 +0 -2.842491e-13
37 +0 +0 +0 -4.482613e-13
38 +0 +0 +0 -3.859016e-13
39 +0 +0 +0 -3.744767e-13
40 +0 +0 +0 -3.764895e-13
41 +0 +0 +0 -3.656157e-13
42 +0 +0 +0 -7.497174e-14
43 +0 +0 +0 +4.234207e-14
44 +0 +0 +0 +1.557757e-13
45 +0 +0 +0 +2.152333e-13
46 +0 +0 +0 +2.706962e-13
47 +0 +0 +0 +7.668351e-14
48 +0 +0 +0 -4.156046e-14
49 +0 +0 +0 -1.558032e-13
50 +0 +0 +0 -1.160878e-13
51 +0 +0 +0 -1.878169e-13
52 +0 +0 +0 -2.182385e-13
53 +0 +0 +0 -1.801332e-13
54 +0 +0 +0 -3.595476e-14
55 +0 +0 +0 +8.292176e-14
56 +0 +0 +0 +5.825390e-14
57 +0 +0 +0 +5.299597e-14
58 +0 +0 +0 +6.050340e-14
59 +0 +0 +0 +2.423648e-14
60 +0 +0 +0 -9.593820e-15
61 +0 +0 +0 -4.820304e-15
62 +0 +0 +0 -5.678188e-14
63 +0 +0 +0 -1.860317e-13
