0 +0 +0 +0 +1.276430e-08
1 +0 +0 +0 +2.387991e-08
2 +0 +0 +0 +1.324563e-08
3 +0 +0 +0 +7.865997e-09
4 +0 +0 +0 +4.987461e-09
5 +0 +0 +0 +3.171064e-09
6 +0 +0 +0 +2.091171e-09
7 +0 +0 +0 +1.396346e-09
8 +0 +0 +0 +9.274165e-10
9 +0 +0 +0 +6.289954e-10
10 +0 +0 +0 +4.274786e-10
11 +0 +0 +0 +2.889320e-10
12 +0 +0 +0 +1.963310e-10
13 +0 +0 +0 +1.243061e-10
14 +0 +0 +0 +8.915212e-11
15 +0 +0 +0 +5.682348e-11
16 +0 +0 +0 +4.044324e-11
17 +0 +0 +0 +2.671206e-11
18 +0 +0 +0 +1.904883e-11
19 +0 +0 +0 +1.278600e-11
20 +0 +0 +0 +9.630105e-12
21 +0 +0 +0 +7.249513e-12
22 +0 +0 +0 +3.976297e-12
23 +0 +0 +0 +2.311233e-12
24 +0 +0 +0 +2.609879e-12
25 +0 +0 +0 +1.157654e-12
26 +0 +0 +0 +1.698436e-12
27 +0 +0 +0 +8.751395e-13
28 +0 +0 +0 +1.005373e-13
29 +0 +0 +0 -2.608128e-15
30 +0 +0 +0 -2.960632e-14
31 +0 +0 +0 -3.012271e-13
32 +0 +0 +0 -3.363170e-13
33 +0 +0 +0 -7.220365e-16
34 +0 +0 +0 +4.613358e-14
35 +0 +0 +0 -3.079605e-13
36 +0 +0 +0 -5.327264e-13
37 +0 +0 +0 -3.593659e-13
38 +0 +0 +0 -1.266536e-13
39 +0 +0 +0 -3.279995e-13
40 +0 +0 +0 -6.766834e-13
41 +0 +0 +0 -5.144375e-13
42 +0 +0 +0 -2.995183e-13
43 +0 +0 +0 -2.514998e-13
44 +0 +0 +0 +6.663166e-14
45 +0 +0 +0 +2.627376e-13
46 +0 +0 +0 +1.952718e-13
47 +0 +0 +0 +6.556536e-14
48 +0 +0 +0 +1.098037e-13
49 +0 +0 +0 -4.543867e-14
50 +0 +0 +0 -1.330698e-13
51 +0 +0 +0 -2.021508e-13
52 +0 +0 +0 -1.351806e-13
53 +0 +0 +0 -8.897173e-14
54 +0 +0 +0 +1.070207e-14
55 +0 +0 +0 -5.186682e-14
56 +0 +0 +0 -5.922994e-14
57 +0 +0 +0 -4.109066e-14
58 +0 +0 +0 -1.769434e-15
59 +0 +0 +0 +4.384364e-14
60 +0 +0 +0 -2.844279e-14
61 +0 +0 +0 +1.314054e-14
62 +0 +0 +0 -1.285767e-14
63 +0 +0 +0 -3.848810e-14
