0 +0 +0 +0 +1.250685e-08
1 +0 +0 +0 +2.386063e-08
2 +0 +0 +0 +1.380379e-08
3 +0 +0 +0 +8.054655e-09
4 +0 +0 +0 +4.990974e-09
5 +0 +0 +0 +3.164757e-09
6 +0 +0 +0 +2.059837e-09
7 +0 +0 +0 +1.355741e-09
8 +0 +0 +0 +9.140764e-10
9 +0 +0 +0 +6.117958e-10
10 +0 +0 +0 +4.155067e-10
11 +0 +0 +0 +2.916548e-10
12 +0 +0 +0 +2.050622e-10
13 +0 +0 +0 +1.486991e-10
14 +0 +0 +0 +1.020733e-10
15 +0 +0 +0 +7.037883e-11
16 +0 +0 +0 +4.768442e-11
17 +0 +0 +0 +3.259802e-11
18 +0 +0 +0 +2.244462e-11
19 +0 +0 +0 +1.409603e-11
20 +0 +0 +0 +8.450691e-12
21 +0 +0 +0 +5.868551e-12
22 +0 +0 +0 +6.036664e-12
23 +0 +0 +0 +3.337801e-12
24 +0 +0 +0 +3.014590e-12
25 +0 +0 +0 +1.236486e-12
26 +0 +0 +0 -5.472586e-13
27 +0 +0 +0 -2.743485e-13
28 +0 +0 +0 -8.697171e-13
29 +0 +0 +0 -1.344638e-12
30 +0 +0 +0 -2.357549e-12
31 +0 +0 +0 -1.743945e-12
32 +0 +0 +0 -2.050167e-12
33 +0 +0 +0 -2.016635e-12
34 +0 +0 +0 -1.175611e-12
35 +0 +0 +0 -1.043758e-12
36 +0 +0 +0 -1.034438e-12
37 +0 +0 +0 -1.160065e-12
38 +0 +0 +0 -8.712102e-13
39 +0 +0 +0 -4.710663e-13
40 +0 +0 +0 -2.765970e-13
41 +0 +0 +0 -1.774820e-13
42 +0 +0 +0 -2.363551e-13
43 +0 +0 +0 -4.740624e-13
44 +0 +0 +0 -6.804583e-13
45 +0 +0 +0 -5.776516e-13
46 +0 +0 +0 -6.109695e-13
47 +0 +0 +0 -5.021638e-13
48 +0 +0 +0 -4.397520e-13
49 +0 +0 +0 -2.120745e-13
50 +0 +0 +0 -1.809566e-13
51 +0 +0 +0 -1.469984e-13
52 +0 +0 +0 -1.185811e-13
53 +0 +0 +0 -1.653970e-13
54 +0 +0 +0 -1.756103e-14
55 +0 +0 +0 -1.005379e-13
56 +0 +0 +0 -4.461155e-14
57 +0 +0 +0 +5.970250e-14
58 +0 +0 +0 -1.684241e-15
59 +0 +0 +0 +9.061160e-15
60 +0 +0 +0 -3.517803e-14
61 +0 +0 +0 -2.841448e-14
62 +0 +0 +0 -7.660533e-14
63 +0 +0 +0 +1.852730e-14
