0 +0 +0 +0 +1.319893e-08
1 +0 +0 +0 +2.408408e-08
2 +0 +0 +0 +1.333608e-08
3 +0 +0 +0 +7.709295e-09
4 +0 +0 +0 +4.852461e-09
5 +0 +0 +0 +3.024988e-09
6 +0 +0 +0 +1.944286e-09
7 +0 +0 +0 +1.300617e-09
8 +0 +0 +0 +8.512678e-10
9 +0 +0 +0 +5.597465e-10
10 +0 +0 +0 +3.752272e-10
11 +0 +0 +0 +2.600190e-10
12 +0 +0 +0 +1.781951e-10
13 +0 +0 +0 +1.220985e-10
14 +0 +0 +0 +8.427406e-11
15 +0 +0 +0 +6.046985e-11
16 +0 +0 +0 +4.070112e-11
17 +0 +0 +0 +2.590295e-11
18 +0 +0 +0 +1.645937e-11
19 +0 +0 +0 +1.066792e-11
20 +0 +0 +0 +8.502133e-12
21 +0 +0 +0 +7.050683e-12
22 +0 +0 +0 +3.952408e-12
23 +0 +0 +0 +2.667933e-12
24 +0 +0 +0 +2.421839e-12
25 +0 +0 +0 +2.205842e-12
26 +0 +0 +0 +1.535067e-12
27 +0 +0 +0 +8.260559e-13
28 +0 +0 +0 -4.384112e-13
29 +0 +0 +0 -7.323965e-13
30 +0 +0 +0 -1.022161e-12
31 +0 +0 +0 -6.738883e-13
32 +0 +0 +0 -4.686398e-13
33 +0 +0 +0 -1.624955e-13
34 +0 +0 +0 -4.006480e-14
35 +0 +0 +0 +2.076825e-13
36 +0 +0 +0 +2.569009e-13
37 +0 +0 +0 +1.859581e-13
38 +0 +0 +0 -1.314354e-13
39 +0 +0 +0 -2.558315e-13
40 +0 +0 +0 +2.667684e-14
41 +0 +0 +0 -2.708011e-13
42 +0 +0 +0 -2.972116e-13
43 +0 +0 +0 -1.204743e-13
44 +0 +0 +0 +5.996240e-14
45 +0 +0 +0 +1.983108e-15
46 +0 +0 +0 -3.289774e-14
47 +0 +0 +0 -7.425844e-14
48 +0 +0 +0 -2.874840e-15
49 +0 +0 +0 +4.429898e-14
50 +0 +0 +0 +6.754009e-14
51 +0 +0 +0 +1.831789e-13
52 +0 +0 +0 +1.759079e-13
53 +0 +0 +0 +1.593294e-13
54 +0 +0 +0 +1.036168e-13
55 +0 +0 +0 +1.984370e-13
56 +0 +0 +0 +1.743136e-13
57 +0 +0 +0 +1.162113e-13
58 +0 +0 +0 +1.492482e-13
59 +0 +0 +0 +1.043734e-13
60 +0 +0 +0 +5.459094e-14
61 +0 +0 +0 +6.334563e-14
62 +0 +0 +0 +2.032035e-14
63 +0 +0 +0 +7.662433e-14
