0 +0 +0 +0 +1.373096e-08
1 +0 +0 +0 +2.519790e-08
2 +0 +0 +0 +1.392076e-08
3 +0 +0 +0 +8.078451e-09
4 +0 +0 +0 +4.970929e-09
5 +0 +0 +0 +3.211734e-09
6 +0 +0 +0 +2.058345e-09
7 +0 +0 +0 +1.342282e-09
8 +0 +0 +0 +8.716213e-10
9 +0 +0 +0 +5.919013e-10
10 +0 +0 +0 +4.063059e-10
11 +0 +0 +0 +2.771641e-10
12 +0 +0 +0 +1.871112e-10
13 +0 +0 +0 +1.279982e-10
14 +0 +0 +0 +8.695933e-11
15 +0 +0 +0 +6.128324e-11
16 +0 +0 +0 +4.243668e-11
17 +0 +0 +0 +3.035536e-11
18 +0 +0 +0 +2.302751e-11
19 +0 +0 +0 +1.223076e-11
20 +0 +0 +0 +9.133362e-12
21 +0 +0 +0 +6.126281e-12
22 +0 +0 +0 +5.272726e-12
23 +0 +0 +0 +2.429581e-12
24 +0 +0 +0 +1.183672e-12
25 +0 +0 +0 +1.815923e-13
26 +0 +0 +0 +4.347321e-13
27 +0 +0 +0 +6.949581e-13
28 +0 +0 +0 -1.682152e-13
29 +0 +0 +0 -6.045754e-13
30 +0 +0 +0 -1.197530e-12
31 +0 +0 +0 -1.176592e-12
32 +0 +0 +0 -5.249025e-13
33 +0 +0 +0 -8.819689e-13
34 +0 +0 +0 -8.715609e-13
35 +0 +0 +0 -3.646205e-13
36 +0 +0 +0 -6.346011e-13
37 +0 +0 +0 -3.321583e-14
38 +0 +0 +0 -1.080177e-13
39 +0 +0 +0 +1.120968e-14
40 +0 +0 +0 -2.874635e-14
41 +0 +0 +0 -1.910448e-13
42 +0 +0 +0 -2.448817e-13
43 +0 +0 +0 -3.740116e-13
44 +0 +0 +0 -5.145096e-14
45 +0 +0 +0 -4.428778e-14
46 +0 +0 +0 -3.259879e-14
47 +0 +0 +0 -1.798706e-13
48 +0 +0 +0 -1.315691e-13
49 +0 +0 +0 +1.544155e-13
50 +0 +0 +0 +2.389681e-13
51 +0 +0 +0 +2.382594e-13
52 +0 +0 +0 +1.644577e-13
53 +0 +0 +0 +1.405867e-13
54 +0 +0 +0 +1.187340e-13
55 +0 +0 +0 +1.646788e-13
56 +0 +0 +0 +1.941464e-13
57 +0 +0 +0 +1.807020e-13
58 +0 +0 +0 +1.324018e-13
59 +0 +0 +0 -2.657055e-14
60 +0 +0 +0 +1.615124e-14
61 +0 +0 +0 -7.072045e-15
62 +0 +0 +0 +8.742936e-15
63 +0 +0 +0 -1.567341e-13
