0 +0 +0 +0 +1.345559e-08
1 +0 +0 +0 +2.485049e-08
2 +0 +0 +0 +1.384952e-08
3 +0 +0 +0 +8.282936e-09
4 +0 +0 +0 +5.047486e-09
5 +0 +0 +0 +3.278194e-09
6 +0 +0 +0 +2.117451e-09
7 +0 +0 +0 +1.398422e-09
8 +0 +0 +0 +9.477250e-10
9 +0 +0 +0 +6.439779e-10
10 +0 +0 +0 +4.494828e-10
11 +0 +0 +0 +3.085820e-10
12 +0 +0 +0 +2.107836e-10
13 +0 +0 +0 +1.355481e-10
14 +0 +0 +0 +9.577879e-11
15 +0 +0 +0 +7.022558e-11
16 +0 +0 +0 +5.350723e-11
17 +0 +0 +0 +3.665433e-11
18 +0 +0 +0 +2.699401e-11
19 +0 +0 +0 +2.038128e-11
20 +0 +0 +0 +1.694747e-11
21 +0 +0 +0 +9.305401e-12
22 +0 +0 +0 +6.622338e-12
23 +0 +0 +0 +6.534610e-12
24 +0 +0 +0 +5.631126e-12
25 +0 +0 +0 +3.518713e-12
26 +0 +0 +0 +3.812368e-12
27 +0 +0 +0 +2.580560e-12
28 +0 +0 +0 +2.494442e-12
29 +0 +0 +0 +1.769734e-12
30 +0 +0 +0 +1.849019e-12
31 +0 +0 +0 +1.564605e-12
32 +0 +0 +0 +1.406386e-12
33 +0 +0 +0 +1.103133e-12
34 +0 +0 +0 +1.331345e-12
35 +0 +0 +0 +1.314140e-12
36 +0 +0 +0 +4.659026e-13
37 +0 +0 +0 +1.367509e-13
38 +0 +0 +0 -5.236047e-14
39 +0 +0 +0 -1.632834e-13
40 +0 +0 +0 -2.960860e-13
41 +0 +0 +0 -2.659366e-13
42 +0 +0 +0 -2.730315e-13
43 +0 +0 +0 -2.166301e-13
44 +0 +0 +0 -7.613831e-14
45 +0 +0 +0 -2.046248e-13
46 +0 +0 +0 -3.393240e-14
47 +0 +0 +0 -7.025948e-14
48 +0 +0 +0 -4.847875e-14
49 +0 +0 +0 -1.392345e-14
50 +0 +0 +0 +1.101581e-14
51 +0 +0 +0 +2.189333e-14
52 +0 +0 +0 +2.589726e-14
53 +0 +0 +0 -4.202697e-14
54 +0 +0 +0 -2.282439e-14
55 +0 +0 +0 -1.738853e-13
56 +0 +0 +0 -1.920888e-13
57 +0 +0 +0 -1.610461e-13
58 +0 +0 +0 -6.263977e-14
59 +0 +0 +0 -2.171410e-14
60 +0 +0 +0 -7.274133e-14
61 +0 +0 +0 -1.381262e-13
62 +0 +0 +0 -1.536728e-13
63 +0 +0 +0 -1.323658e-13
