0 +0 +0 +0 +1.312628e-08
1 +0 +0 +0 +2.369109e-08
2 +0 +0 +0 +1.316539e-08
3 +0 +0 +0 +7.717398e-09
4 +0 +0 +0 +4.909061e-09
5 +0 +0 +0 +3.081805e-09
6 +0 +0 +0 +2.036548e-09
7 +0 +0 +0 +1.341717e-09
8 +0 +0 +0 +8.775343e-10
9 +0 +0 +0 +5.894198e-10
10 +0 +0 +0 +4.085329e-10
11 +0 +0 +0 +2.765660e-10
12 +0 +0 +0 +1.932429e-10
13 +0 +0 +0 +1.302156e-10
14 +0 +0 +0 +9.277397e-11
15 +0 +0 +0 +6.097181e-11
16 +0 +0 +0 +3.993059e-11
17 +0 +0 +0 +2.789733e-11
18 +0 +0 +0 +1.967128e-11
19 +0 +0 +0 +1.235506e-11
20 +0 +0 +0 +7.417338e-12
21 +0 +0 +0 +3.456182e-12
22 +0 +0 +0 +4.000973e-12
23 +0 +0 +0 +3.205872e-12
24 +0 +0 +0 +2.665511e-12
25 +0 +0 +0 +3.202780e-12
26 +0 +0 +0 +2.227254e-12
27 +0 +0 +0 +2.477464e-12
28 +0 +0 +0 +2.102618e-12
29 +0 +0 +0 +2.320994e-12
30 +0 +0 +0 +1.402982e-12
31 +0 +0 +0 +1.355416e-12
32 +0 +0 +0 +8.814685e-13
33 +0 +0 +0 +3.112520e-13
34 +0 +0 +0 +1.750346e-13
35 +0 +0 +0 -1.801637e-13
36 +0 +0 +0 -5.317453e-13
37 +0 +0 +0 -4.096099e-13
38 +0 +0 +0 -4.890124e-13
39 +0 +0 +0 -2.392982e-13
40 +0 +0 +0 -8.289778e-14
41 +0 +0 +0 -1.574231e-13
42 +0 +0 +0 +5.048408e-14
43 +0 +0 +0 +8.899099e-14
44 +0 +0 +0 +1.761279e-13
45 +0 +0 +0 +3.778110e-13
46 +0 +0 +0 +3.891443e-13
47 +0 +0 +0 +4.048328e-13
48 +0 +0 +0 +5.734366e-13
49 +0 +0 +0 +4.214917e-13
50 +0 +0 +0 +3.568208e-13
51 +0 +0 +0 +2.141610e-13
52 +0 +0 +0 +1.667605e-13
53 +0 +0 +0 +1.092025e-13
54 +0 +0 +0 +1.207714e-13
55 +0 +0 +0 -9.155148e-15
56 +0 +0 +0 +9.992141e-15
57 +0 +0 +0 -3.191638e-14
58 +0 +0 +0 -5.180346e-15
59 +0 +0 +0 -6.068941e-14
60 +0 +0 +0 -1.231354e-13
61 +0 +0 +0 -4.250036e-14
62 +0 +0 +0 -1.738383e-15
63 +0 +0 +0 +3.361752e-14
