0 +0 +0 +0 +1.387339e-08
1 +0 +0 +0 +2.507314e-08
2 +0 +0 +0 +1.369979e-08
3 +0 +0 +0 +8.100858e-09
4 +0 +0 +0 +4.968440e-09
5 +0 +0 +0 +3.136231e-09
6 +0 +0 +0 +2.049522e-09
7 +0 +0 +0 +1.345838e-09
8 +0 +0 +0 +8.984932e-10
9 +0 +0 +0 +5.968047e-10
10 +0 +0 +0 +4.086875e-10
11 +0 +0 +0 +2.889874e-10
12 +0 +0 +0 +1.977231e-10
13 +0 +0 +0 +1.348979e-10
14 +0 +0 +0 +9.324012e-11
15 +0 +0 +0 +6.240010e-11
16 +0 +0 +0 +4.496147e-11
17 +0 +0 +0 +3.059277e-11
18 +0 +0 +0 +1.870888e-11
19 +0 +0 +0 +1.546226e-11
20 +0 +0 +0 +1.005603e-11
21 +0 +0 +0 +6.700122e-12
22 +0 +0 +0 +6.614902e-12
23 +0 +0 +0 +3.766599e-12
24 +0 +0 +0 +2.151639e-12
25 +0 +0 +0 +1.076575e-12
26 +0 +0 +0 -2.094493e-13
27 +0 +0 +0 +5.928157e-13
28 +0 +0 +0 +1.648657e-13
29 +0 +0 +0 -7.488802e-13
30 +0 +0 +0 -2.131269e-13
31 +0 +0 +0 -7.674233e-13
32 +0 +0 +0 -6.529314e-13
33 +0 +0 +0 -2.895571e-14
34 +0 +0 +0 -2.993038e-13
35 +0 +0 +0 -5.440268e-13
36 +0 +0 +0 -8.481512e-13
37 +0 +0 +0 -6.555427e-13
38 +0 +0 +0 -6.742700e-13
39 +0 +0 +0 -5.759251e-13
40 +0 +0 +0 -2.303522e-13
41 +0 +0 +0 -2.530214e-13
42 +0 +0 +0 +2.215127e-13
43 +0 +0 +0 +2.133620e-13
44 +0 +0 +0 +1.531560e-13
45 +0 +0 +0 +1.616014e-13
46 +0 +0 +0 -8.798090e-14
47 +0 +0 +0 +1.822944e-13
48 +0 +0 +0 +1.554793e-13
49 +0 +0 +0 +9.820020e-14
50 +0 +0 +0 +1.159183e-13
51 +0 +0 +0 -5.701808e-14
52 +0 +0 +0 +1.239296e-14
53 +0 +0 +0 +4.375768e-14
54 +0 +0 +0 +7.558256e-14
55 +0 +0 +0 +4.085337e-14
56 +0 +0 +0 -7.526957e-14
57 +0 +0 +0 +3.559388e-14
58 +0 +0 +0 +3.514068e-15
59 +0 +0 +0 -7.926458e-14
60 +0 +0 +0 +3.014570e-14
61 +0 +0 +0 +5.825335e-14
62 +0 +0 +0 -1.532715e-14
63 +0 +0 +0 +3.294193e-14
