0 +0 +0 +0 +1.319878e-08
1 +0 +0 +0 +2.448194e-08
2 +0 +0 +0 +1.361338e-08
3 +0 +0 +0 +7.852137e-09
4 +0 +0 +0 +4.876165e-09
5 +0 +0 +0 +3.024950e-09
6 +0 +0 +0 +1.999628e-09
7 +0 +0 +0 +1.311219e-09
8 +0 +0 +0 +8.473799e-10
9 +0 +0 +0 +5.780438e-10
10 +0 +0 +0 +3.821496e-10
11 +0 +0 +0 +2.529996e-10
12 +0 +0 +0 +1.698487e-10
13 +0 +0 +0 +1.119967e-10
14 +0 +0 +0 +6.855150e-11
15 +0 +0 +0 +4.332867e-11
16 +0 +0 +0 +2.896493e-11
17 +0 +0 +0 +2.010717e-11
18 +0 +0 +0 +1.380956e-11
19 +0 +0 +0 +1.012796e-11
20 +0 +0 +0 +7.874068e-12
21 +0 +0 +0 +7.683591e-12
22 +0 +0 +0 +6.013051e-12
23 +0 +0 +0 +5.480556e-12
24 +0 +0 +0 +4.749599e-12
25 +0 +0 +0 +3.172741e-12
26 +0 +0 +0 +2.132956e-12
27 +0 +0 +0 +1.496242e-12
28 +0 +0 +0 +1.277142e-12
29 +0 +0 +0 +9.713439e-13
30 +0 +0 +0 +1.111935e-12
31 +0 +0 +0 +1.070665e-12
32 +0 +0 +0 +4.464658e-13
33 +0 +0 +0 +2.829278e-13
34 +0 +0 +0 +8.874721e-14
35 +0 +0 +0 -7.342404e-13
36 +0 +0 +0 -5.252222e-13
37 +0 +0 +0 -5.991531e-13
38 +0 +0 +0 -6.547382e-13
39 +0 +0 +0 -1.838592e-13
40 +0 +0 +0 -2.207070e-13
41 +0 +0 +0 -1.787985e-14
42 +0 +0 +0 -2.898340e-13
43 +0 +0 +0 -4.959055e-13
44 +0 +0 +0 -4.642299e-13
45 +0 +0 +0 -1.855348e-13
46 +0 +0 +0 -6.157757e-14
47 +0 +0 +0 +2.861838e-15
48 +0 +0 +0 +2.215743e-13
49 +0 +0 +0 +9.325902e-14
50 +0 +0 +0 +1.772751e-13
51 +0 +0 +0 +1.155984e-13
52 +0 +0 +0 +3.724265e-14
53 +0 +0 +0 -7.684871e-14
54 +0 +0 +0 -1.103799e-13
55 +0 +0 +0 -7.583832e-14
56 +0 +0 +0 -8.898030e-14
57 +0 +0 +0 -5.438796e-15
58 +0 +0 +0 -5.754988e-14
59 +0 +0 +0 +3.001965e-14
60 +0 +0 +0 +2.728794e-14
61 +0 +0 +0 -1.498176e-14
62 +0 +0 +0 -2.472284e-14
63 +0 +0 +0 -1.779752e-14
