0 +0 +0 +0 +1.311910e-08
1 +0 +0 +0 +2.323810e-08
2 +0 +0 +0 +1.277969e-08
3 +0 +0 +0 +7.431287e-09
4 +0 +0 +0 +4.636871e-09
5 +0 +0 +0 +2.934053e-09
6 +0 +0 +0 +1.921347e-09
7 +0 +0 +0 +1.250513e-09
8 +0 +0 +0 +8.261322e-10
9 +0 +0 +0 +5.576247e-10
10 +0 +0 +0 +3.888658e-10
11 +0 +0 +0 +2.687213e-10
12 +0 +0 +0 +1.784817e-10
13 +0 +0 +0 +1.202165e-10
14 +0 +0 +0 +7.578181e-11
15 +0 +0 +0 +5.322589e-11
16 +0 +0 +0 +3.442527e-11
17 +0 +0 +0 +2.442665e-11
18 +0 +0 +0 +1.590148e-11
19 +0 +0 +0 +1.144443e-11
20 +0 +0 +0 +7.876850e-12
21 +0 +0 +0 +5.978560e-12
22 +0 +0 +0 +4.514806e-12
23 +0 +0 +0 +3.923506e-12
24 +0 +0 +0 +1.521841e-12
25 +0 +0 +0 +1.531083e-12
26 +0 +0 +0 +6.847424e-13
27 +0 +0 +0 +1.334003e-12
28 +0 +0 +0 +8.389335e-13
29 +0 +0 +0 +7.205619e-13
30 +0 +0 +0 +2.724093e-13
31 +0 +0 +0 +4.621298e-13
32 +0 +0 +0 +8.417507e-13
33 +0 +0 +0 +1.347554e-12
34 +0 +0 +0 +1.053892e-12
35 +0 +0 +0 +8.366866e-13
36 +0 +0 +0 +7.541760e-13
37 +0 +0 +0 +4.762574e-13
38 +0 +0 +0 +4.492290e-13
39 +0 +0 +0 +5.269387e-13
40 +0 +0 +0 +1.877687e-13
41 +0 +0 +0 +3.378344e-14
42 +0 +0 +0 +7.334866e-15
43 +0 +0 +0 -8.937949e-14
44 +0 +0 +0 +5.674755e-14
45 +0 +0 +0 -1.724275e-13
46 +0 +0 +0 -1.397763e-13
47 +0 +0 +0 -2.872490e-13
48 +0 +0 +0 -1.992330e-13
49 +0 +0 +0 -1.977541e-13
50 +0 +0 +0 -2.299522e-14
51 +0 +0 +0 -1.440215e-13
52 +0 +0 +0 -2.836512e-14
53 +0 +0 +0 -8.765955e-15
54 +0 +0 +0 -6.541235e-14
55 +0 +0 +0 -1.654824e-13
56 +0 +0 +0 -1.684859e-13
57 +0 +0 +0 -1.141849e-13
58 +0 +0 +0 -8.083707e-14
59 +0 +0 +0 -8.643925e-14
60 +0 +0 +0 -1.585259e-13
61 +0 +0 +0 -8.598021e-14
62 +0 +0 +0 -8.932637e-14
63 +0 +0 +0 -5.672129e-15
