0 +0 +0 +0 +1.282628e-08
1 +0 +0 +0 +2.440930e-08
2 +0 +0 +0 +1.344060e-08
3 +0 +0 +0 +8.036437e-09
4 +0 +0 +0 +4.856497e-09
5 +0 +0 +0 +3.065516e-09
6 +0 +0 +0 +1.979130e-09
7 +0 +0 +0 +1.254938e-09
8 +0 +0 +0 +8.317319e-10
9 +0 +0 +0 +5.419009e-10
10 +0 +0 +0 +3.583722e-10
11 +0 +0 +0 +2.337821e-10
12 +0 +0 +0 +1.588164e-10
13 +0 +0 +0 +1.041565e-10
14 +0 +0 +0 +6.873512e-11
15 +0 +0 +0 +4.636558e-11
16 +0 +0 +0 +2.939586e-11
17 +0 +0 +0 +1.960838e-11
18 +0 +0 +0 +1.446513e-11
19 +0 +0 +0 +1.564967e-11
20 +0 +0 +0 +1.233718e-11
21 +0 +0 +0 +9.201112e-12
22 +0 +0 +0 +5.695486e-12
23 +0 +0 +0 +3.641400e-12
24 +0 +0 +0 +4.116348e-12
25 +0 +0 +0 +3.087138e-12
26 +0 +0 +0 +2.273190e-12
27 +0 +0 +0 +2.713484e-12
28 +0 +0 +0 +2.100573e-12
29 +0 +0 +0 +2.313795e-12
30 +0 +0 +0 +2.453090e-12
31 +0 +0 +0 +1.390975e-12
32 +0 +0 +0 +4.575256e-13
33 +0 +0 +0 -3.767263e-13
34 +0 +0 +0 -5.123210e-13
35 +0 +0 +0 -5.700407e-13
36 +0 +0 +0 -6.914972e-13
37 +0 +0 +0 -6.524988e-13
38 +0 +0 +0 -7.215058e-13
39 +0 +0 +0 -3.007459e-13
40 +0 +0 +0 +7.563701e-14
41 +0 +0 +0 +9.131434e-14
42 +0 +0 +0 +1.289814e-13
43 +0 +0 +0 +3.142821e-13
44 +0 +0 +0 +5.570206e-13
45 +0 +0 +0 +4.208369e-13
46 +0 +0 +0 -1.049351e-13
47 +0 +0 +0 -1.913276e-14
48 +0 +0 +0 -6.953370e-14
49 +0 +0 +0 -2.930473e-13
50 +0 +0 +0 -6.821151e-14
51 +0 +0 +0 -1.141574e-14
52 +0 +0 +0 -3.316197e-14
53 +0 +0 +0 -9.364552e-14
54 +0 +0 +0 -5.983429e-14
55 +0 +0 +0 +7.478916e-14
56 +0 +0 +0 +8.086972e-16
57 +0 +0 +0 -4.454998e-16
58 +0 +0 +0 -1.104820e-13
59 +0 +0 +0 -1.203095e-13
60 +0 +0 +0 -1.123780e-13
61 +0 +0 +0 -1.606329e-13
62 +0 +0 +0 -1.568137e-13
63 +0 +0 +0 -1.114390e-13
