0 +0 +0 +0 +1.419435e-08
1 +0 +0 +0 +2.476605e-08
2 +0 +0 +0 +1.349130e-08
3 +0 +0 +0 +8.069912e-09
4 +0 +0 +0 +4.867405e-09
5 +0 +0 +0 +3.112167e-09
6 +0 +0 +0 +2.063541e-09
7 +0 +0 +0 +1.315786e-09
8 +0 +0 +0 +8.945883e-10
9 +0 +0 +0 +5.974357e-10
10 +0 +0 +0 +3.992276e-10
11 +0 +0 +0 +2.592746e-10
12 +0 +0 +0 +1.728741e-10
13 +0 +0 +0 +1.152181e-10
14 +0 +0 +0 +7.725857e-11
15 +0 +0 +0 +6.097795e-11
16 +0 +0 +0 +4.220899e-11
17 +0 +0 +0 +2.766315e-11
18 +0 +0 +0 +2.143821e-11
19 +0 +0 +0 +1.845417e-11
20 +0 +0 +0 +1.169248e-11
21 +0 +0 +0 +1.041538e-11
22 +0 +0 +0 +6.365896e-12
23 +0 +0 +0 +4.359922e-12
24 +0 +0 +0 +2.057304e-12
25 +0 +0 +0 +1.041189e-12
26 +0 +0 +0 +6.307959e-13
27 +0 +0 +0 -2.690849e-14
28 +0 +0 +0 -4.177563e-13
29 +0 +0 +0 -2.574236e-13
30 +0 +0 +0 +6.800279e-13
31 +0 +0 +0 +9.069604e-13
32 +0 +0 +0 +6.055177e-13
33 +0 +0 +0 +2.639540e-13
34 +0 +0 +0 +4.273151e-13
35 +0 +0 +0 +3.944045e-13
36 +0 +0 +0 +1.518191e-13
37 +0 +0 +0 +2.702437e-13
38 +0 +0 +0 +2.549597e-13
39 +0 +0 +0 +2.095063e-13
40 +0 +0 +0 -2.880436e-14
41 +0 +0 +0 -1.611543e-13
42 +0 +0 +0 +3.104395e-14
43 +0 +0 +0 +1.147731e-13
44 +0 +0 +0 +1.704431e-14
45 +0 +0 +0 -1.406183e-13
46 +0 +0 +0 -3.216910e-13
47 +0 +0 +0 -2.154192e-13
48 +0 +0 +0 -6.045165e-14
49 +0 +0 +0 -1.827849e-13
50 +0 +0 +0 -5.885483e-14
51 +0 +0 +0 -7.244550e-14
52 +0 +0 +0 +9.552736e-14
53 +0 +0 +0 +7.992722e-14
54 +0 +0 +0 +1.738339e-13
55 +0 +0 +0 +1.715822e-13
56 +0 +0 +0 +2.728957e-15
57 +0 +0 +0 -1.435658e-14
58 +0 +0 +0 -8.502473e-15
59 +0 +0 +0 -1.334492e-14
60 +0 +0 +0 +1.187854e-14
61 +0 +0 +0 +1.488772e-13
62 +0 +0 +0 +1.212775e-13
63 +0 +0 +0 +1.435323e-13
