0 +0 +0 +0 +1.300903e-08
1 +0 +0 +0 +2.360226e-08
2 +0 +0 +0 +1.314623e-08
3 +0 +0 +0 +7.723278e-09
4 +0 +0 +0 +4.937211e-09
5 +0 +0 +0 +3.113392e-09
6 +0 +0 +0 +1.974672e-09
7 +0 +0 +0 +1.274325e-09
8 +0 +0 +0 +8.486270e-10
9 +0 +0 +0 +5.680224e-10
10 +0 +0 +0 +3.801397e-10
11 +0 +0 +0 +2.514603e-10
12 +0 +0 +0 +1.670260e-10
13 +0 +0 +0 +1.101713e-10
14 +0 +0 +0 +7.442383e-11
15 +0 +0 +0 +5.026722e-11
16 +0 +0 +0 +3.325789e-11
17 +0 +0 +0 +2.540004e-11
18 +0 +0 +0 +1.707839e-11
19 +0 +0 +0 +9.044893e-12
20 +0 +0 +0 +6.455867e-12
21 +0 +0 +0 +4.265269e-12
22 +0 +0 +0 +3.550284e-12
23 +0 +0 +0 +2.649376e-12
24 +0 +0 +0 +9.398987e-13
25 +0 +0 +0 +2.916523e-13
26 +0 +0 +0 +5.276225e-13
27 +0 +0 +0 -8.532455e-13
28 +0 +0 +0 -2.300779e-13
29 +0 +0 +0 +1.726926e-13
30 +0 +0 +0 -1.643545e-13
31 +0 +0 +0 -9.847726e-13
32 +0 +0 +0 -8.407007e-13
33 +0 +0 +0 -8.643070e-13
34 +0 +0 +0 -5.982926e-13
35 +0 +0 +0 -5.465381e-13
36 +0 +0 +0 -6.390270e-13
37 +0 +0 +0 -3.989617e-13
38 +0 +0 +0 -6.496969e-13
39 +0 +0 +0 -3.114544e-13
40 +0 +0 +0 -4.256344e-13
41 +0 +0 +0 -3.301074e-13
42 +0 +0 +0 -1.194342e-13
43 +0 +0 +0 -3.303502e-13
44 +0 +0 +0 -2.908976e-13
45 +0 +0 +0 -1.724935e-13
46 +0 +0 +0 +4.750863e-14
47 +0 +0 +0 +7.579413e-14
48 +0 +0 +0 +1.656184e-14
49 +0 +0 +0 +1.416250e-13
50 +0 +0 +0 +6.865234e-14
51 +0 +0 +0 +3.020048e-14
52 +0 +0 +0 +4.405029e-14
53 +0 +0 +0 -2.425334e-14
54 +0 +0 +0 -2.038269e-13
55 +0 +0 +0 -1.113693e-13
56 +0 +0 +0 -1.784157e-13
57 +0 +0 +0 -2.193907e-13
58 +0 +0 +0 -1.572616e-13
59 +0 +0 +0 -2.113396e-13
60 +0 +0 +0 -2.639595e-13
61 +0 +0 +0 -2.454467e-13
62 +0 +0 +0 -1.537545e-13
63 +0 +0 +0 -9.107471e-14
