0 +0 +0 +0 +1.288811e-08
1 +0 +0 +0 +2.482265e-08
2 +0 +0 +0 +1.414560e-08
3 +0 +0 +0 +8.283493e-09
4 +0 +0 +0 +5.125960e-09
5 +0 +0 +0 +3.263661e-09
6 +0 +0 +0 +2.158592e-09
7 +0 +0 +0 +1.406702e-09
8 +0 +0 +0 +9.329703e-10
9 +0 +0 +0 +6.066724e-10
10 +0 +0 +0 +4.034221e-10
11 +0 +0 +0 +2.679243e-10
12 +0 +0 +0 +1.812665e-10
13 +0 +0 +0 +1.234620e-10
14 +0 +0 +0 +8.444938e-11
15 +0 +0 +0 +5.443196e-11
16 +0 +0 +0 +3.454563e-11
17 +0 +0 +0 +2.149994e-11
18 +0 +0 +0 +1.211239e-11
19 +0 +0 +0 +6.917774e-12
20 +0 +0 +0 +4.590374e-12
21 +0 +0 +0 +4.158826e-12
22 +0 +0 +0 +2.415854e-12
23 +0 +0 +0 +3.277432e-12
24 +0 +0 +0 +2.322744e-12
25 +0 +0 +0 +1.074986e-12
26 +0 +0 +0 +1.397947e-12
27 +0 +0 +0 +1.532357e-12
28 +0 +0 +0 +9.381034e-13
29 +0 +0 +0 +8.268348e-13
30 +0 +0 +0 +9.967422e-13
31 +0 +0 +0 +1.134181e-12
32 +0 +0 +0 +1.582344e-12
33 +0 +0 +0 +8.765356e-13
34 +0 +0 +0 +9.281721e-13
35 +0 +0 +0 +6.894820e-13
36 +0 +0 +0 +2.072465e-13
37 +0 +0 +0 +6.451649e-14
38 +0 +0 +0 -6.577674e-14
39 +0 +0 +0 +2.041830e-13
40 +0 +0 +0 -3.955693e-15
41 +0 +0 +0 -6.356297e-14
42 +0 +0 +0 -1.483566e-13
43 +0 +0 +0 -2.026311e-13
44 +0 +0 +0 +1.588405e-13
45 +0 +0 +0 +1.523702e-13
46 +0 +0 +0 -7.477912e-14
47 +0 +0 +0 +1.088353e-13
48 +0 +0 +0 -4.177315e-14
49 +0 +0 +0 +7.592494e-14
50 +0 +0 +0 -5.158626e-14
51 +0 +0 +0 -1.142999e-13
52 +0 +0 +0 -1.208579e-13
53 +0 +0 +0 -1.110189e-13
54 +0 +0 +0 -9.256390e-14
55 +0 +0 +0 -3.033093e-14
56 +0 +0 +0 -1.845487e-14
57 +0 +0 +0 -1.873606e-14
58 +0 +0 +0 +6.458932e-15
59 +0 +0 +0 +3.289855e-14
60 +0 +0 +0 +7.690282e-14
61 +0 +0 +0 -7.635195e-15
62 +0 +0 +0 -2.305630e-14
63 +0 +0 +0 -4.680730e-14
