0 +0 +0 +0 +1.299188e-08
1 +0 +0 +0 +2.340612e-08
2 +0 +0 +0 +1.313087e-08
3 +0 +0 +0 +7.890066e-09
4 +0 +0 +0 +4.856372e-09
5 +0 +0 +0 +3.084651e-09
6 +0 +0 +0 +1.987112e-09
7 +0 +0 +0 +1.324553e-09
8 +0 +0 +0 +8.968531e-10
9 +0 +0 +0 +5.829507e-10
10 +0 +0 +0 +3.849356e-10
11 +0 +0 +0 +2.539585e-10
12 +0 +0 +0 +1.677570e-10
13 +0 +0 +0 +1.060679e-10
14 +0 +0 +0 +7.139118e-11
15 +0 +0 +0 +4.785561e-11
16 +0 +0 +0 +3.519181e-11
17 +0 +0 +0 +2.281883e-11
18 +0 +0 +0 +1.509626e-11
19 +0 +0 +0 +1.104849e-11
20 +0 +0 +0 +9.499528e-12
21 +0 +0 +0 +6.930107e-12
22 +0 +0 +0 +4.204053e-12
23 +0 +0 +0 +2.877624e-12
24 +0 +0 +0 +5.102107e-13
25 +0 +0 +0 -8.704751e-14
26 +0 +0 +0 -4.823365e-13
27 +0 +0 +0 -1.262143e-12
28 +0 +0 +0 -3.080272e-13
29 +0 +0 +0 -4.039670e-13
30 +0 +0 +0 -1.778608e-13
31 +0 +0 +0 -3.914046e-13
32 +0 +0 +0 +6.498606e-13
33 +0 +0 +0 +1.277287e-12
34 +0 +0 +0 +8.374379e-13
35 +0 +0 +0 +9.453672e-13
36 +0 +0 +0 +8.567696e-13
37 +0 +0 +0 +8.014089e-13
38 +0 +0 +0 +7.034316e-13
39 +0 +0 +0 +5.580240e-13
40 +0 +0 +0 +1.805863e-13
41 +0 +0 +0 +3.451668e-13
42 +0 +0 +0 +1.093760e-13
43 +0 +0 +0 +2.544636e-13
44 +0 +0 +0 +2.721439e-13
45 +0 +0 +0 +7.415816e-14
46 +0 +0 +0 +2.021217e-13
47 +0 +0 +0 +1.940476e-13
48 +0 +0 +0 +1.155598e-13
49 +0 +0 +0 +1.042578e-13
50 +0 +0 +0 +5.330251e-14
51 +0 +0 +0 -3.252585e-14
52 +0 +0 +0 +1.792016e-13
53 +0 +0 +0 +1.887318e-13
54 +0 +0 +0 +2.036466e-13
55 +0 +0 +0 +2.099273e-13
56 +0 +0 +0 +1.829437e-13
57 +0 +0 +0 +2.224249e-13
58 +0 +0 +0 +1.332892e-13
59 +0 +0 +0 +6.907474e-14
60 +0 +0 +0 +4.001833e-14
61 +0 +0 +0 +1.001283e-14
62 +0 +0 +0 -1.006451e-13
63 +0 +0 +0 -9.192741e-14
