0 +0 +0 +0 +1.304236e-08
1 +0 +0 +0 +2.442059e-08
2 +0 +0 +0 +1.388769e-08
3 +0 +0 +0 +8.267235e-09
4 +0 +0 +0 +5.096529e-09
5 +0 +0 +0 +3.353801e-09
6 +0 +0 +0 +2.178074e-09
7 +0 +0 +0 +1.416143e-09
8 +0 +0 +0 +9.411836e-10
9 +0 +0 +0 +6.247268e-10
10 +0 +0 +0 +4.103411e-10
11 +0 +0 +0 +2.686193e-10
12 +0 +0 +0 +1.821015e-10
13 +0 +0 +0 +1.215853e-10
14 +0 +0 +0 +8.607828e-11
15 +0 +0 +0 +5.933119e-11
16 +0 +0 +0 +4.004790e-11
17 +0 +0 +0 +2.419493e-11
18 +0 +0 +0 +1.830437e-11
19 +0 +0 +0 +8.913431e-12
20 +0 +0 +0 +5.967949e-12
21 +0 +0 +0 +2.503333e-12
22 +0 +0 +0 +1.254521e-12
23 +0 +0 +0 -1.229540e-12
24 +0 +0 +0 -1.427640e-12
25 +0 +0 +0 -3.047290e-13
26 +0 +0 +0 +5.760720e-13
27 +0 +0 +0 +3.477688e-13
28 +0 +0 +0 -5.905638e-13
29 +0 +0 +0 -5.390763e-13
30 +0 +0 +0 -1.122213e-12
31 +0 +0 +0 -1.714688e-12
32 +0 +0 +0 -1.351503e-12
33 +0 +0 +0 -6.312267e-14
34 +0 +0 +0 -1.547303e-13
35 +0 +0 +0 -2.486908e-13
36 +0 +0 +0 +3.478282e-14
37 +0 +0 +0 -3.739658e-13
38 +0 +0 +0 -2.986898e-15
39 +0 +0 +0 +4.467734e-13
40 +0 +0 +0 +3.451035e-13
41 +0 +0 +0 +2.825450e-13
42 +0 +0 +0 +1.889933e-13
43 +0 +0 +0 +1.210509e-13
44 +0 +0 +0 -3.163669e-14
45 +0 +0 +0 -4.246631e-15
46 +0 +0 +0 -8.369333e-14
47 +0 +0 +0 +2.151811e-13
48 +0 +0 +0 +2.036791e-13
49 +0 +0 +0 +1.106852e-13
50 +0 +0 +0 +1.853796e-13
51 +0 +0 +0 +8.747391e-14
52 +0 +0 +0 -2.895760e-14
53 +0 +0 +0 -1.323216e-13
54 +0 +0 +0 -1.334919e-13
55 +0 +0 +0 -1.345172e-13
56 +0 +0 +0 -2.152240e-13
57 +0 +0 +0 -1.542247e-13
58 +0 +0 +0 -1.175448e-13
59 +0 +0 +0 -4.842624e-14
60 +0 +0 +0 -1.582717e-14
61 +0 +0 +0 -2.555747e-14
62 +0 +0 +0 +1.777706e-14
63 +0 +0 +0 -5.428388e-14
