0 +0 +0 +0 +1.301652e-08
1 +0 +0 +0 +2.474047e-08
2 +0 +0 +0 +1.341452e-08
3 +0 +0 +0 +7.974872e-09
4 +0 +0 +0 +4.896867e-09
5 +0 +0 +0 +3.158713e-09
6 +0 +0 +0 +2.072263e-09
7 +0 +0 +0 +1.344595e-09
8 +0 +0 +0 +9.060014e-10
9 +0 +0 +0 +5.979969e-10
10 +0 +0 +0 +4.122615e-10
11 +0 +0 +0 +2.834010e-10
12 +0 +0 +0 +1.958977e-10
13 +0 +0 +0 +1.345765e-10
14 +0 +0 +0 +9.173907e-11
15 +0 +0 +0 +6.169895e-11
16 +0 +0 +0 +4.271282e-11
17 +0 +0 +0 +3.190696e-11
18 +0 +0 +0 +2.170542e-11
19 +0 +0 +0 +1.558352e-11
20 +0 +0 +0 +1.149991e-11
21 +0 +0 +0 +5.900730e-12
22 +0 +0 +0 +3.979352e-12
23 +0 +0 +0 +1.670992e-12
24 +0 +0 +0 +1.187300e-12
25 +0 +0 +0 -1.294342e-13
26 +0 +0 +0 -3.601961e-13
27 +0 +0 +0 -1.605506e-13
28 +0 +0 +0 +3.633754e-13
29 +0 +0 +0 +5.718051e-13
30 +0 +0 +0 +8.110884e-13
31 +0 +0 +0 -3.204065e-14
32 +0 +0 +0 -5.689982e-13
33 +0 +0 +0 +2.011639e-13
34 +0 +0 +0 +1.591414e-14
35 +0 +0 +0 +6.692517e-13
36 +0 +0 +0 +4.454340e-13
37 +0 +0 +0 +2.149751e-13
38 +0 +0 +0 -5.354988e-14
39 +0 +0 +0 +4.220770e-13
40 +0 +0 +0 +2.337547e-14
41 +0 +0 +0 +4.825673e-14
42 +0 +0 +0 +3.292845e-13
43 +0 +0 +0 +2.502992e-13
44 +0 +0 +0 +3.640668e-13
45 +0 +0 +0 +2.034177e-13
46 +0 +0 +0 +1.340253e-13
47 +0 +0 +0 +2.422362e-13
48 +0 +0 +0 +7.745427e-14
49 +0 +0 +0 -1.030599e-13
50 +0 +0 +0 -1.294118e-13
51 +0 +0 +0 -6.007375e-14
52 +0 +0 +0 +1.898684e-14
53 +0 +0 +0 +4.262329e-16
54 +0 +0 +0 -1.706845e-14
55 +0 +0 +0 +1.055144e-14
56 +0 +0 +0 -2.424218e-14
57 +0 +0 +0 -3.338539e-15
58 +0 +0 +0 +2.585746e-15
59 +0 +0 +0 +1.914677e-14
60 +0 +0 +0 +6.603563e-14
61 +0 +0 +0 +8.506623e-14
62 +0 +0 +0 +9.616874e-14
63 +0 +0 +0 +3.529683e-14
