0 +0 +0 +0 +1.344822e-08
1 +0 +0 +0 +2.386427e-08
2 +0 +0 +0 +1.325538e-08
3 +0 +0 +0 +7.797121e-09
4 +0 +0 +0 +4.864543e-09
5 +0 +0 +0 +3.016166e-09
6 +0 +0 +0 +2.008683e-09
7 +0 +0 +0 +1.307891e-09
8 +0 +0 +0 +8.760330e-10
9 +0 +0 +0 +5.705978e-10
10 +0 +0 +0 +3.799462e-10
11 +0 +0 +0 +2.504751e-10
12 +0 +0 +0 +1.780899e-10
13 +0 +0 +0 +1.224683e-10
14 +0 +0 +0 +8.008364e-11
15 +0 +0 +0 +5.415740e-11
16 +0 +0 +0 +3.498012e-11
17 +0 +0 +0 +2.083328e-11
18 +0 +0 +0 +1.455744e-11
19 +0 +0 +0 +8.730782e-12
20 +0 +0 +0 +4.691183e-12
21 +0 +0 +0 +4.930392e-12
22 +0 +0 +0 +3.899689e-12
23 +0 +0 +0 +2.457238e-12
24 +0 +0 +0 +2.774406e-12
25 +0 +0 +0 +1.443182e-12
26 +0 +0 +0 +1.036599e-12
27 +0 +0 +0 +6.518580e-13
28 +0 +0 +0 +2.530604e-13
29 +0 +0 +0 +2.879298e-13
30 +0 +0 +0 +3.801526e-14
31 +0 +0 +0 +9.324130e-14
32 +0 +0 +0 +6.999517e-13
33 +0 +0 +0 +6.638385e-14
34 +0 +0 +0 +1.310759e-13
35 +0 +0 +0 -1.566621e-13
36 +0 +0 +0 -7.963854e-14
37 +0 +0 +0 -8.180088e-14
38 +0 +0 +0 -1.696340e-13
39 +0 +0 +0 -9.540004e-14
40 +0 +0 +0 -3.344144e-13
41 +0 +0 +0 -8.518638e-14
42 +0 +0 +0 -1.759301e-14
43 +0 +0 +0 -1.414766e-13
44 +0 +0 +0 -3.906110e-14
45 +0 +0 +0 +2.068243e-14
46 +0 +0 +0 +1.026733e-13
47 +0 +0 +0 +1.283855e-14
48 +0 +0 +0 +7.093934e-14
49 +0 +0 +0 -7.231370e-15
50 +0 +0 +0 +3.083830e-14
51 +0 +0 +0 +3.715531e-14
52 +0 +0 +0 +9.158669e-14
53 +0 +0 +0 +1.264718e-13
54 +0 +0 +0 +4.518262e-14
55 +0 +0 +0 +1.053375e-13
56 +0 +0 +0 +1.711826e-13
57 +0 +0 +0 +1.991505e-13
58 +0 +0 +0 +1.479329e-13
59 +0 +0 +0 +1.200939e-13
60 +0 +0 +0 +1.464081e-13
61 +0 +0 +0 +9.002081e-14
62 +0 +0 +0 +7.207821e-14
63 +0 +0 +0 +2.284233e-14
