0 +0 +0 +0 +1.334509e-08
1 +0 +0 +0 +2.463817e-08
2 +0 +0 +0 +1.357027e-08
3 +0 +0 +0 +7.746123e-09
4 +0 +0 +0 +4.727442e-09
5 +0 +0 +0 +2.940516e-09
6 +0 +0 +0 +1.867191e-09
7 +0 +0 +0 +1.228251e-09
8 +0 +0 +0 +8.267806e-10
9 +0 +0 +0 +5.481710e-10
10 +0 +0 +0 +3.804247e-10
11 +0 +0 +0 +2.544782e-10
12 +0 +0 +0 +1.720197e-10
13 +0 +0 +0 +1.192082e-10
14 +0 +0 +0 +7.718215e-11
15 +0 +0 +0 +5.274239e-11
16 +0 +0 +0 +3.230233e-11
17 +0 +0 +0 +2.108068e-11
18 +0 +0 +0 +1.370039e-11
19 +0 +0 +0 +9.289707e-12
20 +0 +0 +0 +5.316606e-12
21 +0 +0 +0 +2.457047e-12
22 +0 +0 +0 +1.020340e-12
23 +0 +0 +0 +1.114039e-12
24 +0 +0 +0 +7.787267e-13
25 +0 +0 +0 +6.776664e-13
26 +0 +0 +0 +6.472758e-13
27 +0 +0 +0 +5.126834e-13
28 +0 +0 +0 +8.222419e-13
29 +0 +0 +0 +1.374075e-12
30 +0 +0 +0 +6.771743e-13
31 +0 +0 +0 +2.107265e-13
32 +0 +0 +0 -1.963979e-13
33 +0 +0 +0 -4.719771e-13
34 +0 +0 +0 -1.530351e-13
35 +0 +0 +0 -2.201869e-14
36 +0 +0 +0 +1.629293e-13
37 +0 +0 +0 +2.513999e-13
38 +0 +0 +0 +3.536138e-13
39 +0 +0 +0 -5.584462e-14
40 +0 +0 +0 +4.504792e-14
41 +0 +0 +0 +1.871851e-13
42 +0 +0 +0 +2.002117e-13
43 +0 +0 +0 +2.387246e-13
44 +0 +0 +0 +2.446113e-13
45 +0 +0 +0 +3.727985e-13
46 +0 +0 +0 +3.912037e-13
47 +0 +0 +0 +4.329386e-13
48 +0 +0 +0 +2.174296e-13
49 +0 +0 +0 +7.045871e-14
50 +0 +0 +0 +3.377057e-14
51 +0 +0 +0 -1.089693e-13
52 +0 +0 +0 -1.056226e-13
53 +0 +0 +0 -4.816147e-14
54 +0 +0 +0 -3.364908e-14
55 +0 +0 +0 -1.708871e-13
56 +0 +0 +0 -3.887626e-14
57 +0 +0 +0 -1.506183e-14
58 +0 +0 +0 +2.605532e-14
59 +0 +0 +0 +7.301804e-15
60 +0 +0 +0 +1.433534e-14
61 +0 +0 +0 +2.733812e-14
62 +0 +0 +0 -3.330577e-14
63 +0 +0 +0 +4.546883e-14
