0 +0 +0 +0 +1.351868e-08
1 +0 +0 +0 +2.434093e-08
2 +0 +0 +0 +1.359856e-08
3 +0 +0 +0 +8.223724e-09
4 +0 +0 +0 +5.032332e-09
5 +0 +0 +0 +3.119655e-09
6 +0 +0 +0 +1.971992e-09
7 +0 +0 +0 +1.323028e-09
8 +0 +0 +0 +8.799550e-10
9 +0 +0 +0 +5.922955e-10
10 +0 +0 +0 +3.934144e-10
11 +0 +0 +0 +2.735599e-10
12 +0 +0 +0 +1.807863e-10
13 +0 +0 +0 +1.207568e-10
14 +0 +0 +0 +7.799689e-11
15 +0 +0 +0 +5.151202e-11
16 +0 +0 +0 +3.313268e-11
17 +0 +0 +0 +2.212605e-11
18 +0 +0 +0 +1.230363e-11
19 +0 +0 +0 +6.345350e-12
20 +0 +0 +0 +3.441105e-12
21 +0 +0 +0 +2.779314e-12
22 +0 +0 +0 +1.671861e-12
23 +0 +0 +0 +4.706511e-13
24 +0 +0 +0 -8.524044e-14
25 +0 +0 +0 +8.794171e-13
26 +0 +0 +0 +5.204594e-13
27 +0 +0 +0 -1.523633e-13
28 +0 +0 +0 -3.017197e-13
29 +0 +0 +0 -4.531660e-13
30 +0 +0 +0 -2.550435e-13
31 +0 +0 +0 -5.419895e-13
32 +0 +0 +0 -6.726532e-13
33 +0 +0 +0 -6.883361e-13
34 +0 +0 +0 -4.841844e-13
35 +0 +0 +0 -1.289741e-13
36 +0 +0 +0 -2.243104e-13
37 +0 +0 +0 -1.088024e-13
38 +0 +0 +0 +4.512359e-14
39 +0 +0 +0 -1.599535e-13
40 +0 +0 +0 +1.448826e-13
41 +0 +0 +0 +2.913767e-13
42 +0 +0 +0 +8.594132e-14
43 +0 +0 +0 -1.288843e-13
44 +0 +0 +0 -3.788276e-13
45 +0 +0 +0 -3.629162e-13
46 +0 +0 +0 -4.288590e-13
47 +0 +0 +0 -2.724141e-13
48 +0 +0 +0 -1.738786e-13
49 +0 +0 +0 -2.536106e-13
50 +0 +0 +0 -1.641070e-13
51 +0 +0 +0 -1.107343e-13
52 +0 +0 +0 -1.345737e-13
53 +0 +0 +0 +6.114141e-14
54 +0 +0 +0 -1.611846e-14
55 +0 +0 +0 +2.006660e-14
56 +0 +0 +0 +7.499961e-14
57 +0 +0 +0 +3.536616e-14
58 +0 +0 +0 -3.988118e-15
59 +0 +0 +0 -3.516652e-14
60 +0 +0 +0 -4.878034e-14
61 +0 +0 +0 -8.809364e-14
62 +0 +0 +0 -9.189343e-14
63 +0 +0 +0 -8.985649e-14
