0 +0 +0 +0 +1.352206e-08
1 +0 +0 +0 +2.481083e-08
2 +0 +0 +0 +1.359933e-08
3 +0 +0 +0 +8.123465e-09
4 +0 +0 +0 +5.165268e-09
5 +0 +0 +0 +3.265674e-09
6 +0 +0 +0 +2.175225e-09
7 +0 +0 +0 +1.417000e-09
8 +0 +0 +0 +9.436072e-10
9 +0 +0 +0 +6.124290e-10
10 +0 +0 +0 +4.116802e-10
11 +0 +0 +0 +2.750192e-10
12 +0 +0 +0 +1.777745e-10
13 +0 +0 +0 +1.126053e-10
14 +0 +0 +0 +7.908573e-11
15 +0 +0 +0 +5.295044e-11
16 +0 +0 +0 +4.042649e-11
17 +0 +0 +0 +2.756577e-11
18 +0 +0 +0 +1.882344e-11
19 +0 +0 +0 +1.328596e-11
20 +0 +0 +0 +1.065608e-11
21 +0 +0 +0 +7.511625e-12
22 +0 +0 +0 +5.370317e-12
23 +0 +0 +0 +4.209464e-12
24 +0 +0 +0 +3.027240e-12
25 +0 +0 +0 +1.925484e-12
26 +0 +0 +0 +1.119928e-12
27 +0 +0 +0 +6.934283e-13
28 +0 +0 +0 +1.020766e-12
29 +0 +0 +0 +6.303026e-13
30 +0 +0 +0 +4.179743e-13
31 +0 +0 +0 +2.874165e-13
32 +0 +0 +0 +3.088228e-13
33 +0 +0 +0 +3.742715e-13
34 +0 +0 +0 +5.821470e-13
35 +0 +0 +0 +4.271600e-13
36 +0 +0 +0 +3.852682e-13
37 +0 +0 +0 -2.550196e-14
38 +0 +0 +0 -1.840546e-13
39 +0 +0 +0 -4.338855e-14
40 +0 +0 +0 +2.006726e-13
41 +0 +0 +0 +1.520041e-13
42 +0 +0 +0 +1.716687e-15
43 +0 +0 +0 -2.544153e-13
44 +0 +0 +0 -2.561694e-13
45 +0 +0 +0 -1.652915e-13
46 +0 +0 +0 -1.835957e-13
47 +0 +0 +0 -1.325567e-13
48 +0 +0 +0 -7.882736e-14
49 +0 +0 +0 -1.187518e-13
50 +0 +0 +0 -1.736626e-13
51 +0 +0 +0 -1.042983e-13
52 +0 +0 +0 -1.423918e-13
53 +0 +0 +0 -3.446121e-14
54 +0 +0 +0 -1.345870e-13
55 +0 +0 +0 -1.218245e-13
56 +0 +0 +0 -4.494518e-14
57 +0 +0 +0 -1.320376e-13
58 +0 +0 +0 -3.986511e-14
59 +0 +0 +0 -1.034661e-13
60 +0 +0 +0 -6.779095e-14
61 +0 +0 +0 +4.813347e-14
62 +0 +0 +0 -2.709061e-14
63 +0 +0 +0 -8.901279e-14
