0 +0 +0 +0 +1.433227e-08
1 +0 +0 +0 +2.563593e-08
2 +0 +0 +0 +1.451767e-08
3 +0 +0 +0 +8.535439e-09
4 +0 +0 +0 +5.304888e-09
5 +0 +0 +0 +3.292759e-09
6 +0 +0 +0 +2.144493e-09
7 +0 +0 +0 +1.422612e-09
8 +0 +0 +0 +9.242461e-10
9 +0 +0 +0 +5.970361e-10
10 +0 +0 +0 +4.090723e-10
11 +0 +0 +0 +2.735791e-10
12 +0 +0 +0 +1.804076e-10
13 +0 +0 +0 +1.194880e-10
14 +0 +0 +0 +8.159112e-11
15 +0 +0 +0 +5.762701e-11
16 +0 +0 +0 +3.784519e-11
17 +0 +0 +0 +2.843654e-11
18 +0 +0 +0 +1.852263e-11
19 +0 +0 +0 +1.325656e-11
20 +0 +0 +0 +1.049316e-11
21 +0 +0 +0 +8.735439e-12
22 +0 +0 +0 +9.643546e-12
23 +0 +0 +0 +6.305177e-12
24 +0 +0 +0 +4.754232e-12
25 +0 +0 +0 +4.604302e-12
26 +0 +0 +0 +2.519142e-12
27 +0 +0 +0 +2.094505e-12
28 +0 +0 +0 +2.586141e-12
29 +0 +0 +0 +9.293553e-13
30 +0 +0 +0 +1.098683e-12
31 +0 +0 +0 +1.585970e-12
32 +0 +0 +0 +1.191700e-12
33 +0 +0 +0 +1.038148e-12
34 +0 +0 +0 +1.167638e-12
35 +0 +0 +0 +9.851328e-13
36 +0 +0 +0 +8.771533e-13
37 +0 +0 +0 +7.367772e-13
38 +0 +0 +0 -5.637669e-14
39 +0 +0 +0 -3.384535e-13
40 +0 +0 +0 +9.197290e-15
41 +0 +0 +0 -4.089127e-13
42 +0 +0 +0 -4.914890e-13
43 +0 +0 +0 -6.879971e-14
44 +0 +0 +0 -1.100823e-13
45 +0 +0 +0 -2.908462e-13
46 +0 +0 +0 -1.122000e-13
47 +0 +0 +0 +1.638414e-13
48 +0 +0 +0 +7.588039e-14
49 +0 +0 +0 +1.007996e-13
50 +0 +0 +0 -9.343028e-14
51 +0 +0 +0 -1.032622e-13
52 +0 +0 +0 +3.632416e-14
53 +0 +0 +0 +1.968405e-13
54 +0 +0 +0 +2.002027e-13
55 +0 +0 +0 +7.065132e-14
56 +0 +0 +0 -7.318394e-14
57 +0 +0 +0 -2.931962e-14
58 +0 +0 +0 -1.190372e-13
59 +0 +0 +0 -1.765845e-13
60 +0 +0 +0 +8.465669e-15
61 +0 +0 +0 +1.322170e-13
62 +0 +0 +0 +2.908187e-14
63 +0 +0 +0 -1.873214e-15
