0 +0 +0 +0 +1.295363e-08
1 +0 +0 +0 +2.390830e-08
2 +0 +0 +0 +1.314127e-08
3 +0 +0 +0 +7.755786e-09
4 +0 +0 +0 +4.697491e-09
5 +0 +0 +0 +2.966958e-09
6 +0 +0 +0 +1.917128e-09
7 +0 +0 +0 +1.288807e-09
8 +0 +0 +0 +8.558238e-10
9 +0 +0 +0 +5.586168e-10
10 +0 +0 +0 +3.738360e-10
11 +0 +0 +0 +2.532115e-10
12 +0 +0 +0 +1.723732e-10
13 +0 +0 +0 +1.164734e-10
14 +0 +0 +0 +7.413404e-11
15 +0 +0 +0 +4.639254e-11
16 +0 +0 +0 +3.058200e-11
17 +0 +0 +0 +2.038502e-11
18 +0 +0 +0 +1.619175e-11
19 +0 +0 +0 +1.021471e-11
20 +0 +0 +0 +5.502789e-12
21 +0 +0 +0 +4.254210e-12
22 +0 +0 +0 +1.320544e-12
23 +0 +0 +0 +7.460154e-13
24 +0 +0 +0 +1.677176e-12
25 +0 +0 +0 +8.751978e-13
26 +0 +0 +0 +7.885863e-13
27 +0 +0 +0 -3.083173e-13
28 +0 +0 +0 -9.015551e-13
29 +0 +0 +0 -1.086626e-12
30 +0 +0 +0 -1.356949e-12
31 +0 +0 +0 -9.344433e-13
32 +0 +0 +0 -1.438520e-13
33 +0 +0 +0 +4.793439e-14
34 +0 +0 +0 +6.062354e-15
35 +0 +0 +0 -4.953483e-14
36 +0 +0 +0 +3.904052e-13
37 +0 +0 +0 +3.299971e-13
38 +0 +0 +0 +4.021094e-13
39 +0 +0 +0 +4.120035e-13
40 +0 +0 +0 +2.572359e-13
41 +0 +0 +0 +2.820244e-13
42 +0 +0 +0 +1.571213e-13
43 +0 +0 +0 -1.050569e-13
44 +0 +0 +0 -2.482116e-13
45 +0 +0 +0 -2.895777e-13
46 +0 +0 +0 -2.772436e-13
47 +0 +0 +0 -1.787912e-13
48 +0 +0 +0 -2.623801e-13
49 +0 +0 +0 -7.708008e-14
50 +0 +0 +0 +2.847469e-14
51 +0 +0 +0 +3.005482e-14
52 +0 +0 +0 +1.626700e-13
53 +0 +0 +0 +3.915997e-14
54 +0 +0 +0 +2.724337e-14
55 +0 +0 +0 -4.447125e-14
56 +0 +0 +0 -3.470700e-14
57 +0 +0 +0 -7.687406e-14
58 +0 +0 +0 -2.274668e-15
59 +0 +0 +0 -2.033045e-14
60 +0 +0 +0 -9.214681e-14
61 +0 +0 +0 -9.393995e-14
62 +0 +0 +0 -1.018222e-13
63 +0 +0 +0 -1.232091e-13
