0 +0 +0 +0 +1.306667e-08
1 +0 +0 +0 +2.384147e-08
2 +0 +0 +0 +1.323129e-08
3 +0 +0 +0 +7.781983e-09
4 +0 +0 +0 +4.917013e-09
5 +0 +0 +0 +3.141729e-09
6 +0 +0 +0 +2.010307e-09
7 +0 +0 +0 +1.308004e-09
8 +0 +0 +0 +8.330734e-10
9 +0 +0 +0 +5.393958e-10
10 +0 +0 +0 +3.597433e-10
11 +0 +0 +0 +2.481213e-10
12 +0 +0 +0 +1.744305e-10
13 +0 +0 +0 +1.178538e-10
14 +0 +0 +0 +8.076715e-11
15 +0 +0 +0 +5.626526e-11
16 +0 +0 +0 +4.011734e-11
17 +0 +0 +0 +2.632472e-11
18 +0 +0 +0 +1.745882e-11
19 +0 +0 +0 +1.262919e-11
20 +0 +0 +0 +7.268232e-12
21 +0 +0 +0 +4.879250e-12
22 +0 +0 +0 +3.306879e-12
23 +0 +0 +0 +3.282207e-12
24 +0 +0 +0 +1.868543e-12
25 +0 +0 +0 +1.379866e-12
26 +0 +0 +0 +9.782736e-13
27 +0 +0 +0 +9.355965e-13
28 +0 +0 +0 +9.441208e-13
29 +0 +0 +0 +7.526527e-13
30 +0 +0 +0 +7.521177e-13
31 +0 +0 +0 +9.878576e-13
32 +0 +0 +0 +1.006638e-12
33 +0 +0 +0 +2.571938e-13
34 +0 +0 +0 -2.143761e-13
35 +0 +0 +0 -7.523324e-14
36 +0 +0 +0 +2.110087e-14
37 +0 +0 +0 +4.044343e-13
38 +0 +0 +0 +1.791721e-13
39 +0 +0 +0 +3.010077e-13
40 +0 +0 +0 +4.225591e-13
41 +0 +0 +0 +7.282554e-13
42 +0 +0 +0 +6.747623e-13
43 +0 +0 +0 +5.265447e-13
44 +0 +0 +0 +6.035631e-13
45 +0 +0 +0 +6.329237e-13
46 +0 +0 +0 +5.748775e-13
47 +0 +0 +0 +4.876293e-13
48 +0 +0 +0 +4.057733e-13
49 +0 +0 +0 +2.183758e-13
50 +0 +0 +0 -2.949942e-14
51 +0 +0 +0 +1.037966e-13
52 +0 +0 +0 -5.903730e-14
53 +0 +0 +0 -8.754506e-14
54 +0 +0 +0 -9.362506e-14
55 +0 +0 +0 -1.239563e-13
56 +0 +0 +0 -3.522981e-14
57 +0 +0 +0 +3.966400e-14
58 +0 +0 +0 +4.354328e-14
59 +0 +0 +0 +1.125170e-13
60 +0 +0 +0 +4.419501e-15
61 +0 +0 +0 +3.479773e-14
62 +0 +0 +0 +5.215820e-14
63 +0 +0 +0 +1.380969e-14
