0 +0 +0 +0 +1.281358e-08
1 +0 +0 +0 +2.466157e-08
2 +0 +0 +0 +1.393957e-08
3 +0 +0 +0 +8.193722e-09
4 +0 +0 +0 +5.039667e-09
5 +0 +0 +0 +3.217780e-09
6 +0 +0 +0 +2.071944e-09
7 +0 +0 +0 +1.342901e-09
8 +0 +0 +0 +9.112629e-10
9 +0 +0 +0 +6.088806e-10
10 +0 +0 +0 +4.163869e-10
11 +0 +0 +0 +2.761161e-10
12 +0 +0 +0 +1.809861e-10
13 +0 +0 +0 +1.228711e-10
14 +0 +0 +0 +8.333145e-11
15 +0 +0 +0 +5.638112e-11
16 +0 +0 +0 +3.620651e-11
17 +0 +0 +0 +2.462983e-11
18 +0 +0 +0 +1.486815e-11
19 +0 +0 +0 +7.769207e-12
20 +0 +0 +0 +4.372331e-12
21 +0 +0 +0 +2.451416e-12
22 +0 +0 +0 +5.459961e-13
23 +0 +0 +0 -8.598533e-14
24 +0 +0 +0 -9.424048e-13
25 +0 +0 +0 -1.051178e-12
26 +0 +0 +0 -2.205041e-13
27 +0 +0 +0 -6.705192e-13
28 +0 +0 +0 -8.910414e-13
29 +0 +0 +0 -1.369180e-12
30 +0 +0 +0 -9.485519e-13
31 +0 +0 +0 -1.067246e-12
32 +0 +0 +0 -9.367455e-13
33 +0 +0 +0 -5.888195e-13
34 +0 +0 +0 -4.713592e-13
35 +0 +0 +0 -8.042392e-13
36 +0 +0 +0 -1.028627e-12
37 +0 +0 +0 -1.022338e-12
38 +0 +0 +0 -7.874380e-13
39 +0 +0 +0 -8.910365e-13
40 +0 +0 +0 -7.306947e-13
41 +0 +0 +0 -8.422823e-13
42 +0 +0 +0 -8.733770e-13
43 +0 +0 +0 -7.506519e-13
44 +0 +0 +0 -8.218590e-13
45 +0 +0 +0 -5.692667e-13
46 +0 +0 +0 -4.101730e-13
47 +0 +0 +0 -4.290891e-13
48 +0 +0 +0 -3.981033e-13
49 +0 +0 +0 -1.479127e-13
50 +0 +0 +0 -2.149238e-13
51 +0 +0 +0 -9.228884e-14
52 +0 +0 +0 -1.155726e-14
53 +0 +0 +0 +1.488281e-13
54 +0 +0 +0 +2.645223e-13
55 +0 +0 +0 +1.921650e-13
56 +0 +0 +0 +2.695995e-13
57 +0 +0 +0 +2.007264e-13
58 +0 +0 +0 +1.953563e-13
59 +0 +0 +0 +7.083949e-14
60 +0 +0 +0 +4.131377e-14
61 +0 +0 +0 +1.765647e-14
62 +0 +0 +0 +3.346027e-14
63 +0 +0 +0 +3.671025e-14
