0 +0 +0 +0 +1.384460e-08
1 +0 +0 +0 +2.523275e-08
2 +0 +0 +0 +1.394966e-08
3 +0 +0 +0 +8.375184e-09
4 +0 +0 +0 +5.215202e-09
5 +0 +0 +0 +3.296386e-09
6 +0 +0 +0 +2.157383e-09
7 +0 +0 +0 +1.419926e-09
8 +0 +0 +0 +9.295934e-10
9 +0 +0 +0 +6.392211e-10
10 +0 +0 +0 +4.075034e-10
11 +0 +0 +0 +2.665226e-10
12 +0 +0 +0 +1.863103e-10
13 +0 +0 +0 +1.304828e-10
14 +0 +0 +0 +8.437834e-11
15 +0 +0 +0 +6.240742e-11
16 +0 +0 +0 +4.235049e-11
17 +0 +0 +0 +3.268684e-11
18 +0 +0 +0 +2.479628e-11
19 +0 +0 +0 +1.616532e-11
20 +0 +0 +0 +1.266336e-11
21 +0 +0 +0 +8.274248e-12
22 +0 +0 +0 +6.855571e-12
23 +0 +0 +0 +4.055342e-12
24 +0 +0 +0 +1.572382e-12
25 +0 +0 +0 +2.038236e-12
26 +0 +0 +0 +8.455793e-13
27 +0 +0 +0 +1.206764e-12
28 +0 +0 +0 +1.658205e-12
29 +0 +0 +0 +2.039875e-12
30 +0 +0 +0 +1.386542e-12
31 +0 +0 +0 +7.911668e-13
32 +0 +0 +0 +8.209518e-13
33 +0 +0 +0 +6.745765e-13
34 +0 +0 +0 +1.831161e-13
35 +0 +0 +0 +2.157412e-13
36 +0 +0 +0 -3.980442e-13
37 +0 +0 +0 -4.196462e-13
38 +0 +0 +0 -4.000278e-14
39 +0 +0 +0 -7.443876e-14
40 +0 +0 +0 -1.052966e-13
41 +0 +0 +0 +1.816195e-13
42 +0 +0 +0 +2.246666e-13
43 +0 +0 +0 +3.131424e-13
44 +0 +0 +0 +3.904628e-13
45 +0 +0 +0 +3.789305e-13
46 +0 +0 +0 +3.490140e-13
47 +0 +0 +0 +2.820028e-13
48 +0 +0 +0 +5.056149e-14
49 +0 +0 +0 +1.954638e-14
50 +0 +0 +0 -8.149026e-14
51 +0 +0 +0 +1.163979e-14
52 +0 +0 +0 +2.127903e-13
53 +0 +0 +0 +5.014699e-14
54 +0 +0 +0 +5.805256e-14
55 +0 +0 +0 -1.647714e-14
56 +0 +0 +0 -6.326360e-15
57 +0 +0 +0 -1.061416e-13
58 +0 +0 +0 +5.006538e-15
59 +0 +0 +0 +1.151093e-13
60 +0 +0 +0 +5.648115e-14
61 +0 +0 +0 +1.015775e-14
62 +0 +0 +0 -4.534021e-14
63 +0 +0 +0 -3.958040e-14
