0 +0 +0 +0 +1.315314e-08
1 +0 +0 +0 +2.434838e-08
2 +0 +0 +0 +1.363661e-08
3 +0 +0 +0 +7.973798e-09
4 +0 +0 +0 +4.976845e-09
5 +0 +0 +0 +3.154265e-09
6 +0 +0 +0 +2.048626e-09
7 +0 +0 +0 +1.339477e-09
8 +0 +0 +0 +9.032656e-10
9 +0 +0 +0 +6.049481e-10
10 +0 +0 +0 +4.086162e-10
11 +0 +0 +0 +2.721815e-10
12 +0 +0 +0 +1.906773e-10
13 +0 +0 +0 +1.241027e-10
14 +0 +0 +0 +8.354154e-11
15 +0 +0 +0 +5.631233e-11
16 +0 +0 +0 +3.772612e-11
17 +0 +0 +0 +2.551087e-11
18 +0 +0 +0 +1.902105e-11
19 +0 +0 +0 +1.438302e-11
20 +0 +0 +0 +1.020036e-11
21 +0 +0 +0 +5.297553e-12
22 +0 +0 +0 +3.150721e-12
23 +0 +0 +0 +3.233616e-12
24 +0 +0 +0 +2.890650e-12
25 +0 +0 +0 +2.634433e-12
26 +0 +0 +0 +1.158294e-12
27 +0 +0 +0 +6.204589e-13
28 +0 +0 +0 -1.283247e-13
29 +0 +0 +0 -9.923316e-13
30 +0 +0 +0 -1.531451e-12
31 +0 +0 +0 -6.016628e-13
32 +0 +0 +0 +7.874187e-14
33 +0 +0 +0 +7.573343e-14
34 +0 +0 +0 -3.599078e-13
35 +0 +0 +0 -4.131129e-13
36 +0 +0 +0 -1.579026e-14
37 +0 +0 +0 +2.108201e-13
38 +0 +0 +0 +3.185110e-13
39 +0 +0 +0 +5.166763e-13
40 +0 +0 +0 +1.238907e-13
41 +0 +0 +0 +4.278603e-14
42 +0 +0 +0 +1.578272e-13
43 +0 +0 +0 +1.422091e-13
44 +0 +0 +0 +1.010284e-13
45 +0 +0 +0 +5.885394e-14
46 +0 +0 +0 -9.246817e-14
47 +0 +0 +0 -1.140378e-13
48 +0 +0 +0 -6.622058e-15
49 +0 +0 +0 -8.774847e-14
50 +0 +0 +0 -3.787918e-14
51 +0 +0 +0 -1.883287e-13
52 +0 +0 +0 -1.016278e-13
53 +0 +0 +0 -9.802019e-15
54 +0 +0 +0 +1.013145e-14
55 +0 +0 +0 -6.751582e-14
56 +0 +0 +0 -3.184930e-14
57 +0 +0 +0 +4.055405e-14
58 +0 +0 +0 -5.779497e-14
59 +0 +0 +0 -7.175313e-14
60 +0 +0 +0 +1.111261e-14
61 +0 +0 +0 -5.859630e-14
62 +0 +0 +0 -8.421538e-14
63 +0 +0 +0 +1.919381e-14
