0 +0 +0 +0 +1.387057e-08
1 +0 +0 +0 +2.455754e-08
2 +0 +0 +0 +1.343940e-08
3 +0 +0 +0 +7.784692e-09
4 +0 +0 +0 +4.834293e-09
5 +0 +0 +0 +3.104366e-09
6 +0 +0 +0 +2.061134e-09
7 +0 +0 +0 +1.390383e-09
8 +0 +0 +0 +9.266394e-10
9 +0 +0 +0 +6.392973e-10
10 +0 +0 +0 +4.357988e-10
11 +0 +0 +0 +3.011142e-10
12 +0 +0 +0 +2.055878e-10
13 +0 +0 +0 +1.439136e-10
14 +0 +0 +0 +9.748846e-11
15 +0 +0 +0 +6.312560e-11
16 +0 +0 +0 +4.072890e-11
17 +0 +0 +0 +2.739455e-11
18 +0 +0 +0 +1.984930e-11
19 +0 +0 +0 +1.418984e-11
20 +0 +0 +0 +9.574609e-12
21 +0 +0 +0 +8.352340e-12
22 +0 +0 +0 +6.227312e-12
23 +0 +0 +0 +3.939933e-12
24 +0 +0 +0 +2.996580e-12
25 +0 +0 +0 +2.675375e-12
26 +0 +0 +0 +1.675680e-12
27 +0 +0 +0 +1.471509e-12
28 +0 +0 +0 +9.906667e-13
29 +0 +0 +0 +9.390650e-13
30 +0 +0 +0 -1.445584e-14
31 +0 +0 +0 -2.315632e-13
32 +0 +0 +0 -1.556102e-13
33 +0 +0 +0 +5.453400e-13
34 +0 +0 +0 +3.649465e-13
35 +0 +0 +0 +8.921550e-14
36 +0 +0 +0 +5.657847e-15
37 +0 +0 +0 -1.208632e-13
38 +0 +0 +0 +4.691777e-13
39 +0 +0 +0 +5.668829e-13
40 +0 +0 +0 +9.243655e-13
41 +0 +0 +0 +6.431820e-13
42 +0 +0 +0 +4.937079e-13
43 +0 +0 +0 +6.465623e-13
44 +0 +0 +0 +4.040074e-13
45 +0 +0 +0 +1.917099e-13
46 +0 +0 +0 +1.597485e-13
47 +0 +0 +0 +2.106435e-13
48 +0 +0 +0 +1.810095e-13
49 +0 +0 +0 +1.232999e-13
50 +0 +0 +0 +6.771479e-14
51 +0 +0 +0 -9.336312e-14
52 +0 +0 +0 -3.528808e-15
53 +0 +0 +0 -9.186362e-14
54 +0 +0 +0 -3.393897e-14
55 +0 +0 +0 -4.366921e-14
56 +0 +0 +0 -2.286427e-14
57 +0 +0 +0 +1.797900e-14
58 +0 +0 +0 -5.567087e-15
59 +0 +0 +0 +6.533532e-14
60 +0 +0 +0 +1.581473e-13
61 +0 +0 +0 +1.526417e-13
62 +0 +0 +0 +2.014085e-13
63 +0 +0 +0 +1.260154e-13
