0 +0 +0 +0 +1.308875e-08
1 +0 +0 +0 +2.436623e-08
2 +0 +0 +0 +1.342642e-08
3 +0 +0 +0 +7.952999e-09
4 +0 +0 +0 +4.873369e-09
5 +0 +0 +0 +3.137759e-09
6 +0 +0 +0 +2.053326e-09
7 +0 +0 +0 +1.363633e-09
8 +0 +0 +0 +9.121951e-10
9 +0 +0 +0 +5.997897e-10
10 +0 +0 +0 +3.917742e-10
11 +0 +0 +0 +2.617078e-10
12 +0 +0 +0 +1.766564e-10
13 +0 +0 +0 +1.195443e-10
14 +0 +0 +0 +7.973449e-11
15 +0 +0 +0 +5.344385e-11
16 +0 +0 +0 +3.486360e-11
17 +0 +0 +0 +2.583289e-11
18 +0 +0 +0 +1.782968e-11
19 +0 +0 +0 +9.907821e-12
20 +0 +0 +0 +6.508684e-12
21 +0 +0 +0 +4.668805e-12
22 +0 +0 +0 +3.726101e-12
23 +0 +0 +0 +2.204116e-12
24 +0 +0 +0 +1.418637e-12
25 +0 +0 +0 -1.836230e-13
26 +0 +0 +0 +8.007599e-13
27 +0 +0 +0 -2.764526e-15
28 +0 +0 +0 +2.974188e-14
29 +0 +0 +0 +6.182996e-13
30 +0 +0 +0 +1.934674e-13
31 +0 +0 +0 +5.619592e-13
32 +0 +0 +0 +8.634845e-13
33 +0 +0 +0 +4.588972e-13
34 +0 +0 +0 +4.223815e-13
35 +0 +0 +0 +2.140817e-13
36 +0 +0 +0 +2.081307e-13
37 +0 +0 +0 +2.785810e-13
38 +0 +0 +0 +4.040958e-13
39 +0 +0 +0 +2.163374e-13
40 +0 +0 +0 +1.516408e-14
41 +0 +0 +0 +2.933787e-13
42 +0 +0 +0 +2.940806e-13
43 +0 +0 +0 +1.720971e-13
44 +0 +0 +0 +4.847582e-13
45 +0 +0 +0 +5.040342e-13
46 +0 +0 +0 +3.360591e-13
47 +0 +0 +0 +3.369491e-13
48 +0 +0 +0 +3.836942e-13
49 +0 +0 +0 +2.430525e-13
50 +0 +0 +0 +1.109159e-13
51 +0 +0 +0 +1.782088e-13
52 +0 +0 +0 +9.378608e-14
53 +0 +0 +0 +3.678249e-14
54 +0 +0 +0 -2.565733e-14
55 +0 +0 +0 +4.393816e-14
56 +0 +0 +0 +8.915496e-15
57 +0 +0 +0 +5.473993e-14
58 +0 +0 +0 +1.352071e-14
59 +0 +0 +0 +7.836259e-14
60 +0 +0 +0 +7.390484e-14
61 +0 +0 +0 +1.040887e-13
62 +0 +0 +0 +8.445548e-14
63 +0 +0 +0 -1.174939e-14
