0 +0 +0 +0 +1.347512e-08
1 +0 +0 +0 +2.364367e-08
2 +0 +0 +0 +1.306911e-08
3 +0 +0 +0 +7.655192e-09
4 +0 +0 +0 +4.749770e-09
5 +0 +0 +0 +2.922769e-09
6 +0 +0 +0 +1.924279e-09
7 +0 +0 +0 +1.299782e-09
8 +0 +0 +0 +8.309608e-10
9 +0 +0 +0 +5.564732e-10
10 +0 +0 +0 +3.739345e-10
11 +0 +0 +0 +2.574524e-10
12 +0 +0 +0 +1.801857e-10
13 +0 +0 +0 +1.277696e-10
14 +0 +0 +0 +9.502379e-11
15 +0 +0 +0 +6.291392e-11
16 +0 +0 +0 +4.260833e-11
17 +0 +0 +0 +3.057342e-11
18 +0 +0 +0 +2.344177e-11
19 +0 +0 +0 +1.500035e-11
20 +0 +0 +0 +1.187977e-11
21 +0 +0 +0 +9.164894e-12
22 +0 +0 +0 +5.438992e-12
23 +0 +0 +0 +4.411017e-12
24 +0 +0 +0 +2.951022e-12
25 +0 +0 +0 +2.318022e-12
26 +0 +0 +0 +1.624712e-12
27 +0 +0 +0 +1.301183e-12
28 +0 +0 +0 +1.632874e-12
29 +0 +0 +0 +1.809262e-12
30 +0 +0 +0 +1.397160e-12
31 +0 +0 +0 +6.270775e-13
32 +0 +0 +0 +7.613108e-13
33 +0 +0 +0 +6.645831e-13
34 +0 +0 +0 +3.867637e-13
35 +0 +0 +0 +4.278647e-13
36 +0 +0 +0 +2.800827e-13
37 +0 +0 +0 +2.946341e-13
38 +0 +0 +0 -8.184153e-14
39 +0 +0 +0 -9.433412e-14
40 +0 +0 +0 -2.149953e-13
41 +0 +0 +0 -1.793610e-13
42 +0 +0 +0 -1.779925e-13
43 +0 +0 +0 -2.403035e-14
44 +0 +0 +0 +5.423101e-14
45 +0 +0 +0 +4.514655e-14
46 +0 +0 +0 +5.842605e-14
47 +0 +0 +0 +4.529132e-14
48 +0 +0 +0 +5.207584e-15
49 +0 +0 +0 -7.876872e-14
50 +0 +0 +0 -1.183611e-13
51 +0 +0 +0 -1.197485e-13
52 +0 +0 +0 -2.857029e-14
53 +0 +0 +0 -4.637908e-14
54 +0 +0 +0 -7.219664e-14
55 +0 +0 +0 -8.752440e-14
56 +0 +0 +0 -1.362811e-13
57 +0 +0 +0 -7.067453e-14
58 +0 +0 +0 -8.214749e-14
59 +0 +0 +0 -1.392612e-13
60 +0 +0 +0 -4.676820e-14
61 +0 +0 +0 -7.520039e-15
62 +0 +0 +0 +7.913085e-14
63 +0 +0 +0 +9.356898e-14
