0 +0 +0 +0 +1.344048e-08
1 +0 +0 +0 +2.417910e-08
2 +0 +0 +0 +1.301294e-08
3 +0 +0 +0 +7.509561e-09
4 +0 +0 +0 +4.667491e-09
5 +0 +0 +0 +2.954472e-09
6 +0 +0 +0 +1.928909e-09
7 +0 +0 +0 +1.254002e-09
8 +0 +0 +0 +8.470297e-10
9 +0 +0 +0 +5.560073e-10
10 +0 +0 +0 +3.780715e-10
11 +0 +0 +0 +2.498558e-10
12 +0 +0 +0 +1.710294e-10
13 +0 +0 +0 +1.187155e-10
14 +0 +0 +0 +7.702530e-11
15 +0 +0 +0 +5.700491e-11
16 +0 +0 +0 +3.674919e-11
17 +0 +0 +0 +2.304179e-11
18 +0 +0 +0 +1.235435e-11
19 +0 +0 +0 +6.425363e-12
20 +0 +0 +0 +2.943835e-12
21 +0 +0 +0 +2.382591e-12
22 +0 +0 +0 +1.118655e-12
23 +0 +0 +0 +3.613948e-13
24 +0 +0 +0 -3.130779e-13
25 +0 +0 +0 -1.296625e-12
26 +0 +0 +0 -1.390943e-12
27 +0 +0 +0 -4.460767e-13
28 +0 +0 +0 +7.363361e-13
29 +0 +0 +0 +1.455370e-12
30 +0 +0 +0 +2.093867e-12
31 +0 +0 +0 +1.822689e-12
32 +0 +0 +0 +1.355496e-12
33 +0 +0 +0 +1.488129e-12
34 +0 +0 +0 +3.850286e-13
35 +0 +0 +0 -2.629482e-14
36 +0 +0 +0 -3.892502e-13
37 +0 +0 +0 -1.678507e-13
38 +0 +0 +0 -2.937625e-13
39 +0 +0 +0 -6.640652e-13
40 +0 +0 +0 -3.828604e-13
41 +0 +0 +0 -9.027003e-14
42 +0 +0 +0 -2.176670e-13
43 +0 +0 +0 -5.178918e-14
44 +0 +0 +0 +2.060594e-14
45 +0 +0 +0 -2.697425e-13
46 +0 +0 +0 -4.021412e-13
47 +0 +0 +0 -4.024691e-13
48 +0 +0 +0 -5.274330e-13
49 +0 +0 +0 -4.691763e-13
50 +0 +0 +0 -2.054176e-13
51 +0 +0 +0 -1.921775e-13
52 +0 +0 +0 -2.059947e-13
53 +0 +0 +0 -1.489954e-13
54 +0 +0 +0 -1.405369e-13
55 +0 +0 +0 -7.493096e-14
56 +0 +0 +0 +2.633044e-14
57 +0 +0 +0 -6.705595e-14
58 +0 +0 +0 -7.775901e-14
59 +0 +0 +0 -1.806686e-14
60 +0 +0 +0 -4.572534e-14
61 +0 +0 +0 +2.549325e-15
62 +0 +0 +0 -2.201939e-15
63 +0 +0 +0 -5.503057e-14
