0 +0 +0 +0 +1.339852e-08
1 +0 +0 +0 +2.510275e-08
2 +0 +0 +0 +1.391228e-08
3 +0 +0 +0 +8.019391e-09
4 +0 +0 +0 +4.790120e-09
5 +0 +0 +0 +3.024927e-09
6 +0 +0 +0 +1.931910e-09
7 +0 +0 +0 +1.310528e-09
8 +0 +0 +0 +8.717410e-10
9 +0 +0 +0 +5.787316e-10
10 +0 +0 +0 +3.854639e-10
11 +0 +0 +0 +2.534520e-10
12 +0 +0 +0 +1.668151e-10
13 +0 +0 +0 +1.147905e-10
14 +0 +0 +0 +8.087453e-11
15 +0 +0 +0 +5.271701e-11
16 +0 +0 +0 +3.459703e-11
17 +0 +0 +0 +2.087300e-11
18 +0 +0 +0 +1.353098e-11
19 +0 +0 +0 +9.314219e-12
20 +0 +0 +0 +7.541025e-12
21 +0 +0 +0 +4.959246e-12
22 +0 +0 +0 +2.675564e-12
23 +0 +0 +0 +3.402483e-12
24 +0 +0 +0 +3.057202e-12
25 +0 +0 +0 +1.479366e-12
26 +0 +0 +0 +3.966160e-13
27 +0 +0 +0 +6.199210e-13
28 +0 +0 +0 -1.942452e-13
29 +0 +0 +0 -2.738152e-13
30 +0 +0 +0 -7.338051e-13
31 +0 +0 +0 -7.799035e-13
32 +0 +0 +0 -4.675177e-13
33 +0 +0 +0 -7.723713e-13
34 +0 +0 +0 -5.080387e-13
35 +0 +0 +0 -5.348583e-13
36 +0 +0 +0 -3.916385e-13
37 +0 +0 +0 -8.825503e-14
38 +0 +0 +0 +1.513552e-13
39 +0 +0 +0 -2.023786e-13
40 +0 +0 +0 -8.537748e-14
41 +0 +0 +0 -7.084617e-13
42 +0 +0 +0 -6.536851e-13
43 +0 +0 +0 -4.140768e-13
44 +0 +0 +0 -3.661575e-13
45 +0 +0 +0 -4.189684e-13
46 +0 +0 +0 -3.079547e-13
47 +0 +0 +0 -1.441573e-13
48 +0 +0 +0 -1.728397e-13
49 +0 +0 +0 -4.664289e-14
50 +0 +0 +0 -1.099224e-13
51 +0 +0 +0 +3.827281e-14
52 +0 +0 +0 +9.131150e-14
53 +0 +0 +0 +1.082030e-14
54 +0 +0 +0 +8.566863e-14
55 +0 +0 +0 +9.799020e-14
56 +0 +0 +0 +1.663332e-13
57 +0 +0 +0 +2.594034e-13
58 +0 +0 +0 +2.242127e-13
59 +0 +0 +0 +1.835900e-13
60 +0 +0 +0 +7.871961e-14
61 +0 +0 +0 +3.680951e-14
62 +0 +0 +0 +8.916096e-14
63 +0 +0 +0 +1.388320e-13
