0 +0 +0 +0 +1.320351e-08
1 +0 +0 +0 +2.372085e-08
2 +0 +0 +0 +1.332449e-08
3 +0 +0 +0 +7.797713e-09
4 +0 +0 +0 +4.812001e-09
5 +0 +0 +0 +3.010247e-09
6 +0 +0 +0 +1.925928e-09
7 +0 +0 +0 +1.285810e-09
8 +0 +0 +0 +8.501334e-10
9 +0 +0 +0 +5.767335e-10
10 +0 +0 +0 +3.823828e-10
11 +0 +0 +0 +2.526809e-10
12 +0 +0 +0 +1.682341e-10
13 +0 +0 +0 +1.132876e-10
14 +0 +0 +0 +7.664396e-11
15 +0 +0 +0 +5.769968e-11
16 +0 +0 +0 +3.696343e-11
17 +0 +0 +0 +2.907320e-11
18 +0 +0 +0 +2.009759e-11
19 +0 +0 +0 +1.368447e-11
20 +0 +0 +0 +9.208139e-12
21 +0 +0 +0 +7.233918e-12
22 +0 +0 +0 +6.086133e-12
23 +0 +0 +0 +3.304396e-12
24 +0 +0 +0 +8.578109e-13
25 +0 +0 +0 +5.932167e-13
26 +0 +0 +0 -7.298191e-13
27 +0 +0 +0 -8.318658e-13
28 +0 +0 +0 -9.589720e-13
29 +0 +0 +0 +4.179529e-13
30 +0 +0 +0 +1.148783e-12
31 +0 +0 +0 +4.446041e-13
32 +0 +0 +0 +5.062818e-13
33 +0 +0 +0 +4.482357e-13
34 +0 +0 +0 +7.347459e-13
35 +0 +0 +0 +3.527532e-13
36 +0 +0 +0 -6.568048e-14
37 +0 +0 +0 -4.165720e-13
38 +0 +0 +0 -2.023936e-13
39 +0 +0 +0 -1.893498e-13
40 +0 +0 +0 -6.607523e-15
41 +0 +0 +0 -1.902270e-13
42 +0 +0 +0 -2.642893e-13
43 +0 +0 +0 -3.236178e-13
44 +0 +0 +0 -2.453127e-13
45 +0 +0 +0 -4.745602e-13
46 +0 +0 +0 -5.585294e-13
47 +0 +0 +0 -4.363173e-13
48 +0 +0 +0 -1.867706e-13
49 +0 +0 +0 -1.885613e-13
50 +0 +0 +0 -7.921557e-14
51 +0 +0 +0 -1.950031e-14
52 +0 +0 +0 +1.330179e-13
53 +0 +0 +0 +1.318239e-13
54 +0 +0 +0 +3.576888e-14
55 +0 +0 +0 +2.362752e-14
56 +0 +0 +0 +8.146218e-14
57 +0 +0 +0 +5.596106e-14
58 +0 +0 +0 +1.100363e-14
59 +0 +0 +0 +4.780274e-14
60 +0 +0 +0 +6.310884e-14
61 +0 +0 +0 -5.795437e-14
62 +0 +0 +0 -2.198488e-15
63 +0 +0 +0 -1.870254e-14
