0 +0 +0 +0 +1.415591e-08
1 +0 +0 +0 +2.540559e-08
2 +0 +0 +0 +1.387065e-08
3 +0 +0 +0 +7.987156e-09
4 +0 +0 +0 +5.051689e-09
5 +0 +0 +0 +3.204948e-09
6 +0 +0 +0 +2.064580e-09
7 +0 +0 +0 +1.371333e-09
8 +0 +0 +0 +9.193676e-10
9 +0 +0 +0 +5.914560e-10
10 +0 +0 +0 +4.044338e-10
11 +0 +0 +0 +2.767700e-10
12 +0 +0 +0 +1.859599e-10
13 +0 +0 +0 +1.235676e-10
14 +0 +0 +0 +8.844748e-11
15 +0 +0 +0 +5.910854e-11
16 +0 +0 +0 +4.012890e-11
17 +0 +0 +0 +2.868599e-11
18 +0 +0 +0 +1.888269e-11
19 +0 +0 +0 +1.281516e-11
20 +0 +0 +0 +8.150897e-12
21 +0 +0 +0 +3.999804e-12
22 +0 +0 +0 +1.925787e-12
23 +0 +0 +0 +6.526060e-13
24 +0 +0 +0 -3.740510e-13
25 +0 +0 +0 +6.037662e-13
26 +0 +0 +0 +4.505817e-13
27 +0 +0 +0 +7.711200e-13
28 +0 +0 +0 +5.543337e-13
29 +0 +0 +0 +1.584840e-13
30 +0 +0 +0 -8.188565e-13
31 +0 +0 +0 -5.187287e-13
32 +0 +0 +0 -1.735083e-13
33 +0 +0 +0 -4.832049e-13
34 +0 +0 +0 -5.652770e-13
35 +0 +0 +0 -1.997715e-13
36 +0 +0 +0 +2.942329e-14
37 +0 +0 +0 +1.797387e-13
38 +0 +0 +0 +2.035711e-13
39 +0 +0 +0 +4.305105e-14
40 +0 +0 +0 -2.334485e-13
41 +0 +0 +0 -3.527780e-13
42 +0 +0 +0 -3.889879e-13
43 +0 +0 +0 +9.411235e-14
44 +0 +0 +0 +2.874991e-14
45 +0 +0 +0 +1.147755e-13
46 +0 +0 +0 -1.388106e-14
47 +0 +0 +0 -1.402839e-13
48 +0 +0 +0 +1.267347e-13
49 +0 +0 +0 +5.498954e-14
50 +0 +0 +0 -1.275638e-13
51 +0 +0 +0 -1.686657e-13
52 +0 +0 +0 -1.062144e-13
53 +0 +0 +0 +2.127594e-14
54 +0 +0 +0 +2.410914e-14
55 +0 +0 +0 +5.153634e-14
56 +0 +0 +0 +1.507304e-14
57 +0 +0 +0 +1.362763e-13
58 +0 +0 +0 +2.780911e-14
59 +0 +0 +0 +1.138003e-13
60 +0 +0 +0 +1.285266e-13
61 +0 +0 +0 -8.636597e-15
62 +0 +0 +0 +8.156079e-14
63 +0 +0 +0 -1.284452e-15
