0 +0 +0 +0 +1.391204e-08
1 +0 +0 +0 +2.494945e-08
2 +0 +0 +0 +1.375714e-08
3 +0 +0 +0 +8.085323e-09
4 +0 +0 +0 +5.082783e-09
5 +0 +0 +0 +3.203050e-09
6 +0 +0 +0 +2.056152e-09
7 +0 +0 +0 +1.360117e-09
8 +0 +0 +0 +8.975019e-10
9 +0 +0 +0 +6.016319e-10
10 +0 +0 +0 +3.973731e-10
11 +0 +0 +0 +2.664220e-10
12 +0 +0 +0 +1.867162e-10
13 +0 +0 +0 +1.218197e-10
14 +0 +0 +0 +7.709872e-11
15 +0 +0 +0 +5.551502e-11
16 +0 +0 +0 +3.231208e-11
17 +0 +0 +0 +2.137937e-11
18 +0 +0 +0 +1.595204e-11
19 +0 +0 +0 +1.017205e-11
20 +0 +0 +0 +8.708650e-12
21 +0 +0 +0 +4.922445e-12
22 +0 +0 +0 +4.468358e-12
23 +0 +0 +0 +1.184836e-12
24 +0 +0 +0 -2.065485e-13
25 +0 +0 +0 +7.710998e-13
26 +0 +0 +0 +5.251615e-13
27 +0 +0 +0 +9.452220e-13
28 +0 +0 +0 +6.227312e-13
29 +0 +0 +0 +1.094521e-12
30 +0 +0 +0 +6.183058e-13
31 +0 +0 +0 +6.286009e-13
32 +0 +0 +0 +1.554491e-13
33 +0 +0 +0 +5.044248e-13
34 +0 +0 +0 +7.807170e-13
35 +0 +0 +0 +7.624875e-13
36 +0 +0 +0 +4.315306e-13
37 +0 +0 +0 +4.312762e-13
38 +0 +0 +0 +6.700419e-13
39 +0 +0 +0 +5.927890e-13
40 +0 +0 +0 +5.662446e-13
41 +0 +0 +0 +6.621104e-13
42 +0 +0 +0 +3.925415e-13
43 +0 +0 +0 +2.823069e-13
44 +0 +0 +0 -1.235770e-13
45 +0 +0 +0 -2.994636e-13
46 +0 +0 +0 -3.955373e-13
47 +0 +0 +0 -3.980078e-13
48 +0 +0 +0 -4.485461e-13
49 +0 +0 +0 -4.942880e-13
50 +0 +0 +0 -3.108239e-13
51 +0 +0 +0 -3.595205e-13
52 +0 +0 +0 -3.741843e-13
53 +0 +0 +0 -1.663121e-13
54 +0 +0 +0 -1.806034e-13
55 +0 +0 +0 -2.151870e-13
56 +0 +0 +0 -2.576554e-13
57 +0 +0 +0 -2.348854e-13
58 +0 +0 +0 -1.265635e-13
59 +0 +0 +0 +1.720823e-14
60 +0 +0 +0 +7.351360e-14
61 +0 +0 +0 +3.688778e-14
62 +0 +0 +0 +7.302515e-14
63 +0 +0 +0 +1.261864e-13
