0 +0 +0 +0 +1.312056e-08
1 +0 +0 +0 +2.387524e-08
2 +0 +0 +0 +1.341231e-08
3 +0 +0 +0 +7.906102e-09
4 +0 +0 +0 +4.889156e-09
5 +0 +0 +0 +3.122739e-09
6 +0 +0 +0 +2.076337e-09
7 +0 +0 +0 +1.349406e-09
8 +0 +0 +0 +8.998572e-10
9 +0 +0 +0 +6.082475e-10
10 +0 +0 +0 +4.238031e-10
11 +0 +0 +0 +2.864689e-10
12 +0 +0 +0 +1.886474e-10
13 +0 +0 +0 +1.260211e-10
14 +0 +0 +0 +8.049614e-11
15 +0 +0 +0 +5.548275e-11
16 +0 +0 +0 +3.470533e-11
17 +0 +0 +0 +1.890217e-11
18 +0 +0 +0 +1.213844e-11
19 +0 +0 +0 +8.326175e-12
20 +0 +0 +0 +4.928997e-12
21 +0 +0 +0 +3.516173e-12
22 +0 +0 +0 +1.880903e-12
23 +0 +0 +0 +1.402072e-12
24 +0 +0 +0 +1.826127e-12
25 +0 +0 +0 +2.861584e-12
26 +0 +0 +0 +1.130500e-12
27 +0 +0 +0 +2.883945e-13
28 +0 +0 +0 -2.786198e-13
29 +0 +0 +0 -5.270037e-14
30 +0 +0 +0 +7.156592e-13
31 +0 +0 +0 +5.336294e-13
32 +0 +0 +0 +5.489518e-13
33 +0 +0 +0 +5.999314e-13
34 +0 +0 +0 +4.813475e-13
35 +0 +0 +0 +6.992556e-13
36 +0 +0 +0 +5.935694e-13
37 +0 +0 +0 +6.291161e-13
38 +0 +0 +0 +2.080749e-13
39 +0 +0 +0 +3.185139e-13
40 +0 +0 +0 +4.363011e-13
41 +0 +0 +0 +2.764805e-13
42 +0 +0 +0 +3.393892e-13
43 +0 +0 +0 +5.519595e-13
44 +0 +0 +0 +3.986357e-13
45 +0 +0 +0 +1.600775e-13
46 +0 +0 +0 +1.701105e-13
47 +0 +0 +0 +1.643115e-13
48 +0 +0 +0 +1.088553e-13
49 +0 +0 +0 +9.742195e-14
50 +0 +0 +0 -4.132813e-14
51 +0 +0 +0 -1.032791e-13
52 +0 +0 +0 -1.113551e-13
53 +0 +0 +0 -1.330198e-13
54 +0 +0 +0 -2.059984e-13
55 +0 +0 +0 -2.832686e-13
56 +0 +0 +0 -1.307925e-13
57 +0 +0 +0 -1.977909e-13
58 +0 +0 +0 -1.822711e-13
59 +0 +0 +0 -1.598577e-13
60 +0 +0 +0 -9.441196e-14
61 +0 +0 +0 -8.307623e-14
62 +0 +0 +0 -8.261315e-14
63 +0 +0 +0 -2.484284e-14
