0 +0 +0 +0 +1.326160e-08
1 +0 +0 +0 +2.367613e-08
2 +0 +0 +0 +1.290189e-08
3 +0 +0 +0 +7.878460e-09
4 +0 +0 +0 +4.857745e-09
5 +0 +0 +0 +3.037716e-09
6 +0 +0 +0 +1.999466e-09
7 +0 +0 +0 +1.312588e-09
8 +0 +0 +0 +8.630046e-10
9 +0 +0 +0 +5.931167e-10
10 +0 +0 +0 +3.958551e-10
11 +0 +0 +0 +2.675240e-10
12 +0 +0 +0 +1.842329e-10
13 +0 +0 +0 +1.275273e-10
14 +0 +0 +0 +8.736328e-11
15 +0 +0 +0 +6.091040e-11
16 +0 +0 +0 +4.041103e-11
17 +0 +0 +0 +2.759501e-11
18 +0 +0 +0 +1.963090e-11
19 +0 +0 +0 +1.243346e-11
20 +0 +0 +0 +7.995021e-12
21 +0 +0 +0 +7.209122e-12
22 +0 +0 +0 +4.829646e-12
23 +0 +0 +0 +3.379983e-12
24 +0 +0 +0 +1.969503e-12
25 +0 +0 +0 +1.312389e-12
26 +0 +0 +0 +1.542686e-12
27 +0 +0 +0 +8.104436e-13
28 +0 +0 +0 +8.692408e-13
29 +0 +0 +0 +9.615561e-13
30 +0 +0 +0 +1.050920e-12
31 +0 +0 +0 +6.207624e-13
32 +0 +0 +0 +5.926224e-13
33 +0 +0 +0 +4.870517e-13
34 +0 +0 +0 -8.276213e-14
35 +0 +0 +0 -4.718852e-13
36 +0 +0 +0 -4.806358e-13
37 +0 +0 +0 -4.555132e-13
38 +0 +0 +0 -3.461576e-13
39 +0 +0 +0 -4.841188e-13
40 +0 +0 +0 -5.528884e-13
41 +0 +0 +0 -1.609067e-13
42 +0 +0 +0 -6.617017e-14
43 +0 +0 +0 -2.834848e-13
44 +0 +0 +0 -4.537277e-13
45 +0 +0 +0 -3.768628e-13
46 +0 +0 +0 -3.839275e-13
47 +0 +0 +0 -2.762763e-13
48 +0 +0 +0 -2.758269e-13
49 +0 +0 +0 -2.539788e-13
50 +0 +0 +0 -1.311338e-13
51 +0 +0 +0 -7.175781e-14
52 +0 +0 +0 -4.305047e-14
53 +0 +0 +0 +3.560778e-14
54 +0 +0 +0 +7.472975e-14
55 +0 +0 +0 +3.290863e-14
56 +0 +0 +0 -5.153080e-14
57 +0 +0 +0 +8.579986e-15
58 +0 +0 +0 +4.082517e-14
59 +0 +0 +0 +8.188161e-14
60 +0 +0 +0 -1.814181e-15
61 +0 +0 +0 +5.496411e-14
62 +0 +0 +0 +9.602338e-14
63 +0 +0 +0 +9.086889e-14
