0 +0 +0 +0 +1.303752e-08
1 +0 +0 +0 +2.379715e-08
2 +0 +0 +0 +1.332262e-08
3 +0 +0 +0 +7.728302e-09
4 +0 +0 +0 +4.745694e-09
5 +0 +0 +0 +3.065795e-09
6 +0 +0 +0 +1.978234e-09
7 +0 +0 +0 +1.324960e-09
8 +0 +0 +0 +8.820422e-10
9 +0 +0 +0 +5.984890e-10
10 +0 +0 +0 +4.034501e-10
11 +0 +0 +0 +2.724927e-10
12 +0 +0 +0 +1.803040e-10
13 +0 +0 +0 +1.188484e-10
14 +0 +0 +0 +8.174119e-11
15 +0 +0 +0 +5.971826e-11
16 +0 +0 +0 +4.206161e-11
17 +0 +0 +0 +3.034715e-11
18 +0 +0 +0 +1.915910e-11
19 +0 +0 +0 +1.179915e-11
20 +0 +0 +0 +7.895064e-12
21 +0 +0 +0 +4.539479e-12
22 +0 +0 +0 +2.802225e-12
23 +0 +0 +0 +5.360689e-13
24 +0 +0 +0 +1.696580e-12
25 +0 +0 +0 +9.617816e-13
26 +0 +0 +0 +1.033270e-12
27 +0 +0 +0 +2.057832e-12
28 +0 +0 +0 +1.466873e-12
29 +0 +0 +0 +7.922024e-13
30 +0 +0 +0 +9.502720e-13
31 +0 +0 +0 -1.443810e-13
32 +0 +0 +0 +4.639516e-13
33 +0 +0 +0 -1.465015e-13
34 +0 +0 +0 -1.515322e-13
35 +0 +0 +0 -3.225317e-13
36 +0 +0 +0 -5.071056e-13
37 +0 +0 +0 -6.554058e-13
38 +0 +0 +0 -9.538472e-13
39 +0 +0 +0 -7.441732e-13
40 +0 +0 +0 -8.783380e-13
41 +0 +0 +0 -2.701604e-13
42 +0 +0 +0 -1.694350e-14
43 +0 +0 +0 +1.898820e-13
44 +0 +0 +0 +1.554846e-13
45 +0 +0 +0 +2.853766e-13
46 +0 +0 +0 +9.219909e-14
47 +0 +0 +0 +2.728918e-13
48 +0 +0 +0 +1.514208e-13
49 +0 +0 +0 +8.927502e-14
50 +0 +0 +0 +1.590184e-13
51 +0 +0 +0 +1.557167e-13
52 +0 +0 +0 +2.188605e-14
53 +0 +0 +0 +3.156624e-14
54 +0 +0 +0 -7.484804e-14
55 +0 +0 +0 -2.303559e-13
56 +0 +0 +0 -1.386400e-13
57 +0 +0 +0 -1.164233e-13
58 +0 +0 +0 -9.323794e-14
59 +0 +0 +0 +3.368556e-14
60 +0 +0 +0 +4.411518e-14
61 +0 +0 +0 +2.671537e-14
62 +0 +0 +0 +6.665341e-14
63 +0 +0 +0 -3.588155e-14
