0 +0 +0 +0 +1.315207e-08
1 +0 +0 +0 +2.424091e-08
2 +0 +0 +0 +1.370320e-08
3 +0 +0 +0 +7.936353e-09
4 +0 +0 +0 +4.877690e-09
5 +0 +0 +0 +3.101035e-09
6 +0 +0 +0 +1.975194e-09
7 +0 +0 +0 +1.314270e-09
8 +0 +0 +0 +8.384156e-10
9 +0 +0 +0 +5.532290e-10
10 +0 +0 +0 +3.578327e-10
11 +0 +0 +0 +2.424997e-10
12 +0 +0 +0 +1.608494e-10
13 +0 +0 +0 +1.190346e-10
14 +0 +0 +0 +7.807683e-11
15 +0 +0 +0 +5.313662e-11
16 +0 +0 +0 +3.348243e-11
17 +0 +0 +0 +2.117422e-11
18 +0 +0 +0 +1.461687e-11
19 +0 +0 +0 +9.259820e-12
20 +0 +0 +0 +7.920784e-12
21 +0 +0 +0 +6.279902e-12
22 +0 +0 +0 +5.036420e-12
23 +0 +0 +0 +4.451174e-12
24 +0 +0 +0 +2.534627e-12
25 +0 +0 +0 +2.039210e-12
26 +0 +0 +0 +1.911438e-12
27 +0 +0 +0 +1.306577e-12
28 +0 +0 +0 +9.308325e-13
29 +0 +0 +0 +6.800679e-13
30 +0 +0 +0 +1.312931e-13
31 +0 +0 +0 +3.140646e-13
32 +0 +0 +0 +6.866760e-13
33 +0 +0 +0 +6.505174e-13
34 +0 +0 +0 +2.693111e-13
35 +0 +0 +0 +2.002219e-14
36 +0 +0 +0 -2.795824e-14
37 +0 +0 +0 -1.267059e-14
38 +0 +0 +0 +2.546510e-13
39 +0 +0 +0 +2.980467e-13
40 +0 +0 +0 +9.008585e-14
41 +0 +0 +0 +1.783014e-13
42 +0 +0 +0 +3.382361e-13
43 +0 +0 +0 +2.265058e-13
44 +0 +0 +0 +1.702416e-13
45 +0 +0 +0 -1.729961e-14
46 +0 +0 +0 +4.493998e-14
47 +0 +0 +0 +7.421582e-14
48 +0 +0 +0 +1.836469e-14
49 +0 +0 +0 +5.691561e-14
50 +0 +0 +0 +1.814346e-13
51 +0 +0 +0 +2.223114e-13
52 +0 +0 +0 +3.267122e-13
53 +0 +0 +0 +4.438964e-13
54 +0 +0 +0 +4.467409e-13
55 +0 +0 +0 +4.314191e-13
56 +0 +0 +0 +3.662412e-13
57 +0 +0 +0 +1.182582e-13
58 +0 +0 +0 +3.632430e-14
59 +0 +0 +0 -4.419694e-15
60 +0 +0 +0 -8.350019e-14
61 +0 +0 +0 -4.887709e-14
62 +0 +0 +0 -5.889322e-14
63 +0 +0 +0 -8.659777e-14
