0 +0 +0 +0 +1.410605e-08
1 +0 +0 +0 +2.498750e-08
2 +0 +0 +0 +1.399298e-08
3 +0 +0 +0 +8.159975e-09
4 +0 +0 +0 +5.107421e-09
5 +0 +0 +0 +3.262480e-09
6 +0 +0 +0 +2.111339e-09
7 +0 +0 +0 +1.369108e-09
8 +0 +0 +0 +9.263270e-10
9 +0 +0 +0 +6.115874e-10
10 +0 +0 +0 +4.069984e-10
11 +0 +0 +0 +2.776139e-10
12 +0 +0 +0 +1.838973e-10
13 +0 +0 +0 +1.216127e-10
14 +0 +0 +0 +8.682403e-11
15 +0 +0 +0 +5.661112e-11
16 +0 +0 +0 +3.717154e-11
17 +0 +0 +0 +2.527693e-11
18 +0 +0 +0 +1.941318e-11
19 +0 +0 +0 +1.340956e-11
20 +0 +0 +0 +9.539998e-12
21 +0 +0 +0 +6.028961e-12
22 +0 +0 +0 +5.828757e-12
23 +0 +0 +0 +3.856347e-12
24 +0 +0 +0 +3.398365e-12
25 +0 +0 +0 +1.819217e-12
26 +0 +0 +0 +1.430971e-12
27 +0 +0 +0 +1.287785e-12
28 +0 +0 +0 +9.916631e-13
29 +0 +0 +0 +5.335745e-13
30 +0 +0 +0 -2.223036e-13
31 +0 +0 +0 -2.834943e-13
32 +0 +0 +0 +3.932961e-13
33 +0 +0 +0 +7.070697e-13
34 +0 +0 +0 +9.017707e-13
35 +0 +0 +0 +3.787642e-13
36 +0 +0 +0 +4.722425e-13
37 +0 +0 +0 +6.533740e-13
38 +0 +0 +0 +4.188894e-13
39 +0 +0 +0 +4.117765e-13
40 +0 +0 +0 +7.769966e-14
41 +0 +0 +0 -2.402312e-13
42 +0 +0 +0 -1.765712e-13
43 +0 +0 +0 -2.742190e-13
44 +0 +0 +0 +9.021593e-14
45 +0 +0 +0 +2.692183e-14
46 +0 +0 +0 -1.230513e-14
47 +0 +0 +0 -9.915202e-14
48 +0 +0 +0 +2.158138e-13
49 +0 +0 +0 +2.640042e-13
50 +0 +0 +0 +4.632622e-13
51 +0 +0 +0 +3.930199e-13
52 +0 +0 +0 +2.485956e-13
53 +0 +0 +0 +1.410227e-15
54 +0 +0 +0 -4.116215e-15
55 +0 +0 +0 -3.600763e-14
56 +0 +0 +0 -1.104846e-13
57 +0 +0 +0 -4.500947e-14
58 +0 +0 +0 -3.341326e-15
59 +0 +0 +0 +5.960555e-14
60 +0 +0 +0 -2.849265e-14
61 +0 +0 +0 +1.941269e-14
62 +0 +0 +0 +1.515494e-14
63 +0 +0 +0 +8.309394e-14
