0 +0 +0 +0 +1.291606e-08
1 +0 +0 +0 +2.382393e-08
2 +0 +0 +0 +1.317619e-08
3 +0 +0 +0 +7.622619e-09
4 +0 +0 +0 +4.768593e-09
5 +0 +0 +0 +2.989197e-09
6 +0 +0 +0 +1.953915e-09
7 +0 +0 +0 +1.270038e-09
8 +0 +0 +0 +8.809852e-10
9 +0 +0 +0 +6.196393e-10
10 +0 +0 +0 +4.123465e-10
11 +0 +0 +0 +2.775041e-10
12 +0 +0 +0 +1.819494e-10
13 +0 +0 +0 +1.259552e-10
14 +0 +0 +0 +8.858490e-11
15 +0 +0 +0 +5.651543e-11
16 +0 +0 +0 +3.710991e-11
17 +0 +0 +0 +2.274114e-11
18 +0 +0 +0 +1.489060e-11
19 +0 +0 +0 +1.140344e-11
20 +0 +0 +0 +9.798459e-12
21 +0 +0 +0 +7.311924e-12
22 +0 +0 +0 +6.692009e-12
23 +0 +0 +0 +3.866905e-12
24 +0 +0 +0 +3.312839e-12
25 +0 +0 +0 +3.420727e-12
26 +0 +0 +0 +1.746427e-12
27 +0 +0 +0 +6.622351e-13
28 +0 +0 +0 +1.496238e-12
29 +0 +0 +0 +1.009259e-12
30 +0 +0 +0 +6.439154e-13
31 +0 +0 +0 +3.840147e-13
32 +0 +0 +0 +1.464571e-13
33 +0 +0 +0 -2.740846e-13
34 +0 +0 +0 +8.226799e-15
35 +0 +0 +0 -2.764070e-14
36 +0 +0 +0 +1.666510e-13
37 +0 +0 +0 +1.448402e-13
38 +0 +0 +0 +4.033559e-13
39 +0 +0 +0 +6.718584e-13
40 +0 +0 +0 +4.048067e-13
41 +0 +0 +0 +3.974462e-13
42 +0 +0 +0 +3.858926e-13
43 +0 +0 +0 +3.987991e-13
44 +0 +0 +0 +5.160219e-13
45 +0 +0 +0 +3.592256e-13
46 +0 +0 +0 +3.161383e-13
47 +0 +0 +0 +3.435770e-13
48 +0 +0 +0 +1.718891e-13
49 +0 +0 +0 +1.617394e-13
50 +0 +0 +0 +1.225856e-13
51 +0 +0 +0 +2.734881e-13
52 +0 +0 +0 +1.627600e-13
53 +0 +0 +0 +1.160081e-13
54 +0 +0 +0 +1.246784e-13
55 +0 +0 +0 -2.213799e-14
56 +0 +0 +0 -2.660718e-15
57 +0 +0 +0 +3.641226e-14
58 +0 +0 +0 -5.806859e-14
59 +0 +0 +0 -1.268016e-14
60 +0 +0 +0 -2.554618e-15
61 +0 +0 +0 -7.866441e-15
62 +0 +0 +0 +4.251435e-14
63 +0 +0 +0 -1.261180e-14
