0 +0 +0 +0 +1.425561e-08
1 +0 +0 +0 +2.446628e-08
2 +0 +0 +0 +1.397855e-08
3 +0 +0 +0 +8.324904e-09
4 +0 +0 +0 +5.148061e-09
5 +0 +0 +0 +3.260181e-09
6 +0 +0 +0 +2.138845e-09
7 +0 +0 +0 +1.388424e-09
8 +0 +0 +0 +9.156526e-10
9 +0 +0 +0 +6.034291e-10
10 +0 +0 +0 +4.044384e-10
11 +0 +0 +0 +2.854309e-10
12 +0 +0 +0 +1.878788e-10
13 +0 +0 +0 +1.359749e-10
14 +0 +0 +0 +9.754526e-11
15 +0 +0 +0 +6.728996e-11
16 +0 +0 +0 +4.137743e-11
17 +0 +0 +0 +2.582511e-11
18 +0 +0 +0 +1.673281e-11
19 +0 +0 +0 +1.162770e-11
20 +0 +0 +0 +5.111742e-12
21 +0 +0 +0 +3.462455e-12
22 +0 +0 +0 +1.654572e-12
23 +0 +0 +0 +1.330105e-12
24 +0 +0 +0 +9.478755e-13
25 +0 +0 +0 +5.504369e-13
26 +0 +0 +0 +2.782220e-13
27 +0 +0 +0 +4.241364e-13
28 +0 +0 +0 +1.007324e-12
29 +0 +0 +0 +6.932632e-13
30 +0 +0 +0 +1.121065e-13
31 +0 +0 +0 -5.076688e-14
32 +0 +0 +0 -1.123550e-13
33 +0 +0 +0 -5.064778e-13
34 +0 +0 +0 +2.003984e-13
35 +0 +0 +0 +5.317485e-13
36 +0 +0 +0 +7.272048e-13
37 +0 +0 +0 +7.891405e-13
38 +0 +0 +0 +5.869124e-13
39 +0 +0 +0 +4.466000e-13
40 +0 +0 +0 +2.602871e-13
41 +0 +0 +0 +3.128539e-13
42 +0 +0 +0 +3.449243e-13
43 +0 +0 +0 +2.011647e-13
44 +0 +0 +0 +2.466645e-13
45 +0 +0 +0 +2.113044e-13
46 +0 +0 +0 +1.763819e-13
47 +0 +0 +0 +4.038046e-14
48 +0 +0 +0 -1.082212e-13
49 +0 +0 +0 +5.206551e-14
50 +0 +0 +0 +1.281341e-14
51 +0 +0 +0 -8.209714e-14
52 +0 +0 +0 +4.232402e-14
53 +0 +0 +0 +7.603257e-14
54 +0 +0 +0 +9.271309e-15
55 +0 +0 +0 +6.605711e-14
56 +0 +0 +0 +3.501134e-14
57 +0 +0 +0 -3.501581e-14
58 +0 +0 +0 -1.123154e-13
59 +0 +0 +0 -7.836247e-14
60 +0 +0 +0 -6.100358e-14
61 +0 +0 +0 -6.248205e-14
62 +0 +0 +0 +2.558821e-14
63 +0 +0 +0 +4.657801e-14
