0 +0 +0 +0 +1.322461e-08
1 +0 +0 +0 +2.334919e-08
2 +0 +0 +0 +1.291444e-08
3 +0 +0 +0 +7.725417e-09
4 +0 +0 +0 +4.734800e-09
5 +0 +0 +0 +2.985356e-09
6 +0 +0 +0 +1.942412e-09
7 +0 +0 +0 +1.267492e-09
8 +0 +0 +0 +8.435822e-10
9 +0 +0 +0 +5.736567e-10
10 +0 +0 +0 +3.826889e-10
11 +0 +0 +0 +2.612030e-10
12 +0 +0 +0 +1.751898e-10
13 +0 +0 +0 +1.165045e-10
14 +0 +0 +0 +8.272041e-11
15 +0 +0 +0 +5.686426e-11
16 +0 +0 +0 +3.794316e-11
17 +0 +0 +0 +2.478366e-11
18 +0 +0 +0 +1.676528e-11
19 +0 +0 +0 +1.137298e-11
20 +0 +0 +0 +8.859698e-12
21 +0 +0 +0 +4.488274e-12
22 +0 +0 +0 +2.323648e-12
23 +0 +0 +0 +1.977180e-12
24 +0 +0 +0 +9.939468e-13
25 +0 +0 +0 +3.460689e-13
26 +0 +0 +0 -5.832879e-13
27 +0 +0 +0 -1.254972e-12
28 +0 +0 +0 -1.105882e-12
29 +0 +0 +0 -2.577110e-13
30 +0 +0 +0 -6.179190e-13
31 +0 +0 +0 -1.342513e-13
32 +0 +0 +0 +3.206252e-13
33 +0 +0 +0 +1.664319e-13
34 +0 +0 +0 +2.811227e-13
35 +0 +0 +0 +2.032948e-13
36 +0 +0 +0 +1.293674e-13
37 +0 +0 +0 +1.605365e-13
38 +0 +0 +0 +8.809542e-15
39 +0 +0 +0 +1.907325e-13
40 +0 +0 +0 +6.034664e-13
41 +0 +0 +0 +3.725363e-13
42 +0 +0 +0 +4.016918e-13
43 +0 +0 +0 +1.345720e-13
44 +0 +0 +0 +6.008325e-14
45 +0 +0 +0 +1.071483e-13
46 +0 +0 +0 -1.274234e-13
47 +0 +0 +0 -1.838699e-13
48 +0 +0 +0 -3.021663e-13
49 +0 +0 +0 -3.329651e-13
50 +0 +0 +0 -2.606783e-13
51 +0 +0 +0 -2.284613e-13
52 +0 +0 +0 -2.512231e-13
53 +0 +0 +0 -1.971681e-13
54 +0 +0 +0 -2.166418e-13
55 +0 +0 +0 -1.449948e-13
56 +0 +0 +0 -8.906065e-14
57 +0 +0 +0 -2.154995e-14
58 +0 +0 +0 -6.947801e-15
59 +0 +0 +0 -1.904266e-14
60 +0 +0 +0 -7.172412e-14
61 +0 +0 +0 -5.992925e-14
62 +0 +0 +0 -5.276793e-14
63 +0 +0 +0 -3.543338e-14
