0 +0 +0 +0 +1.347783e-08
1 +0 +0 +0 +2.413875e-08
2 +0 +0 +0 +1.353633e-08
3 +0 +0 +0 +7.996619e-09
4 +0 +0 +0 +4.899222e-09
5 +0 +0 +0 +3.085196e-09
6 +0 +0 +0 +1.968351e-09
7 +0 +0 +0 +1.312569e-09
8 +0 +0 +0 +8.689489e-10
9 +0 +0 +0 +5.629250e-10
10 +0 +0 +0 +3.837865e-10
11 +0 +0 +0 +2.576515e-10
12 +0 +0 +0 +1.750771e-10
13 +0 +0 +0 +1.197586e-10
14 +0 +0 +0 +7.632228e-11
15 +0 +0 +0 +5.163353e-11
16 +0 +0 +0 +3.263526e-11
17 +0 +0 +0 +2.060645e-11
18 +0 +0 +0 +1.190110e-11
19 +0 +0 +0 +9.346484e-12
20 +0 +0 +0 +7.028466e-12
21 +0 +0 +0 +4.732330e-12
22 +0 +0 +0 +2.400953e-12
23 +0 +0 +0 +1.217621e-12
24 +0 +0 +0 +6.445626e-13
25 +0 +0 +0 +2.732711e-13
26 +0 +0 +0 -1.843606e-13
27 +0 +0 +0 +1.213347e-13
28 +0 +0 +0 -3.201324e-13
29 +0 +0 +0 -4.462698e-14
30 +0 +0 +0 -4.711406e-13
31 +0 +0 +0 -2.841617e-13
32 +0 +0 +0 -3.034706e-13
33 +0 +0 +0 -6.343414e-13
34 +0 +0 +0 -7.585183e-14
35 +0 +0 +0 +1.915419e-13
36 +0 +0 +0 -9.045624e-14
37 +0 +0 +0 +3.304678e-13
38 +0 +0 +0 +4.770534e-14
39 +0 +0 +0 +1.488614e-13
40 +0 +0 +0 -9.059788e-14
41 +0 +0 +0 -1.717195e-14
42 +0 +0 +0 +1.027054e-13
43 +0 +0 +0 -6.681610e-14
44 +0 +0 +0 -2.178806e-14
45 +0 +0 +0 -7.259579e-14
46 +0 +0 +0 -6.148384e-14
47 +0 +0 +0 +3.032528e-13
48 +0 +0 +0 +3.240791e-14
49 +0 +0 +0 +3.657256e-14
50 +0 +0 +0 -6.147645e-14
51 +0 +0 +0 -6.254574e-14
52 +0 +0 +0 -1.115827e-13
53 +0 +0 +0 -9.228744e-14
54 +0 +0 +0 -9.763370e-14
55 +0 +0 +0 +2.419203e-14
56 +0 +0 +0 +2.261809e-14
57 +0 +0 +0 +9.556131e-14
58 +0 +0 +0 +3.515574e-14
59 +0 +0 +0 -7.489411e-14
60 +0 +0 +0 -8.601708e-14
61 +0 +0 +0 +2.320770e-14
62 +0 +0 +0 +1.927711e-14
63 +0 +0 +0 +1.294633e-14
