0 +0 +0 +0 +1.261510e-08
1 +0 +0 +0 +2.398456e-08
2 +0 +0 +0 +1.322150e-08
3 +0 +0 +0 +7.982617e-09
4 +0 +0 +0 +5.004300e-09
5 +0 +0 +0 +3.270546e-09
6 +0 +0 +0 +2.051695e-09
7 +0 +0 +0 +1.322164e-09
8 +0 +0 +0 +8.773892e-10
9 +0 +0 +0 +5.766871e-10
10 +0 +0 +0 +3.818591e-10
11 +0 +0 +0 +2.584874e-10
12 +0 +0 +0 +1.796474e-10
13 +0 +0 +0 +1.200250e-10
14 +0 +0 +0 +7.529118e-11
15 +0 +0 +0 +5.001358e-11
16 +0 +0 +0 +3.468092e-11
17 +0 +0 +0 +2.408176e-11
18 +0 +0 +0 +1.597601e-11
19 +0 +0 +0 +1.522502e-11
20 +0 +0 +0 +1.128849e-11
21 +0 +0 +0 +7.927544e-12
22 +0 +0 +0 +5.542664e-12
23 +0 +0 +0 +3.703128e-12
24 +0 +0 +0 +1.514932e-12
25 +0 +0 +0 +7.095631e-13
26 +0 +0 +0 +7.867078e-13
27 +0 +0 +0 +6.378008e-13
28 +0 +0 +0 +1.731664e-13
29 +0 +0 +0 +2.615861e-13
30 +0 +0 +0 -9.893084e-14
31 +0 +0 +0 +3.013812e-13
32 +0 +0 +0 -2.217318e-13
33 +0 +0 +0 -7.002302e-13
34 +0 +0 +0 -2.452528e-13
35 +0 +0 +0 -9.593783e-14
36 +0 +0 +0 -6.578837e-13
37 +0 +0 +0 -4.810466e-13
38 +0 +0 +0 -1.289361e-13
39 +0 +0 +0 +1.075589e-13
40 +0 +0 +0 +3.156523e-13
41 +0 +0 +0 +5.540715e-13
42 +0 +0 +0 +5.195167e-13
43 +0 +0 +0 +4.719774e-13
44 +0 +0 +0 +2.109912e-13
45 +0 +0 +0 +2.291224e-13
46 +0 +0 +0 +3.382665e-13
47 +0 +0 +0 +2.323369e-13
48 +0 +0 +0 +1.737363e-13
49 +0 +0 +0 +1.281010e-13
50 +0 +0 +0 +1.242272e-13
51 +0 +0 +0 +1.098261e-13
52 +0 +0 +0 +2.832162e-14
53 +0 +0 +0 +9.230049e-14
54 +0 +0 +0 -5.718827e-14
55 +0 +0 +0 -1.602330e-13
56 +0 +0 +0 -8.784348e-14
57 +0 +0 +0 -1.978141e-13
58 +0 +0 +0 -2.449231e-13
59 +0 +0 +0 -2.248289e-13
60 +0 +0 +0 -2.225164e-13
61 +0 +0 +0 -2.242238e-13
62 +0 +0 +0 -1.826553e-13
63 +0 +0 +0 -2.105976e-13
