0 +0 +0 +0 +1.410974e-08
1 +0 +0 +0 +2.494156e-08
2 +0 +0 +0 +1.375511e-08
3 +0 +0 +0 +8.219952e-09
4 +0 +0 +0 +5.219054e-09
5 +0 +0 +0 +3.230831e-09
6 +0 +0 +0 +2.065986e-09
7 +0 +0 +0 +1.352725e-09
8 +0 +0 +0 +9.166578e-10
9 +0 +0 +0 +6.088398e-10
10 +0 +0 +0 +4.102164e-10
11 +0 +0 +0 +2.755836e-10
12 +0 +0 +0 +1.811602e-10
13 +0 +0 +0 +1.257132e-10
14 +0 +0 +0 +8.844419e-11
15 +0 +0 +0 +5.946314e-11
16 +0 +0 +0 +4.089285e-11
17 +0 +0 +0 +2.884252e-11
18 +0 +0 +0 +1.705773e-11
19 +0 +0 +0 +1.360184e-11
20 +0 +0 +0 +4.285704e-12
21 +0 +0 +0 +3.240115e-12
22 +0 +0 +0 +2.698362e-12
23 +0 +0 +0 +2.070625e-13
24 +0 +0 +0 +6.881536e-13
25 +0 +0 +0 -5.900018e-14
26 +0 +0 +0 -1.567369e-12
27 +0 +0 +0 -1.074220e-12
28 +0 +0 +0 -1.813070e-12
29 +0 +0 +0 -1.094542e-12
30 +0 +0 +0 -4.102519e-13
31 +0 +0 +0 -9.425268e-13
32 +0 +0 +0 -4.059798e-13
33 +0 +0 +0 -4.299950e-13
34 +0 +0 +0 -8.318770e-13
35 +0 +0 +0 -5.448902e-13
36 +0 +0 +0 -3.067940e-13
37 +0 +0 +0 -7.873815e-14
38 +0 +0 +0 +4.890186e-15
39 +0 +0 +0 -1.579382e-14
40 +0 +0 +0 +2.301623e-13
41 +0 +0 +0 +4.824093e-13
42 +0 +0 +0 +3.972739e-13
43 +0 +0 +0 +3.139198e-13
44 +0 +0 +0 +3.093734e-13
45 +0 +0 +0 +2.976201e-13
46 +0 +0 +0 +4.641933e-13
47 +0 +0 +0 +5.784862e-13
48 +0 +0 +0 +5.251389e-13
49 +0 +0 +0 +4.432858e-13
50 +0 +0 +0 +4.300690e-13
51 +0 +0 +0 +3.377961e-13
52 +0 +0 +0 +3.001242e-13
53 +0 +0 +0 +1.759927e-13
54 +0 +0 +0 +2.936480e-14
55 +0 +0 +0 +2.680479e-15
56 +0 +0 +0 -1.076748e-13
57 +0 +0 +0 -1.693566e-14
58 +0 +0 +0 +5.500603e-14
59 +0 +0 +0 +1.347092e-13
60 +0 +0 +0 +1.001682e-13
61 +0 +0 +0 +2.580793e-14
62 +0 +0 +0 +3.644612e-14
63 +0 +0 +0 -3.667979e-14
