0 +0 +0 +0 +1.303801e-08
1 +0 +0 +0 +2.437091e-08
2 +0 +0 +0 +1.356515e-08
3 +0 +0 +0 +8.001293e-09
4 +0 +0 +0 +5.021940e-09
5 +0 +0 +0 +3.200412e-09
6 +0 +0 +0 +2.027996e-09
7 +0 +0 +0 +1.336220e-09
8 +0 +0 +0 +9.077816e-10
9 +0 +0 +0 +6.171393e-10
10 +0 +0 +0 +4.189197e-10
11 +0 +0 +0 +2.877846e-10
12 +0 +0 +0 +1.901538e-10
13 +0 +0 +0 +1.300391e-10
14 +0 +0 +0 +9.092679e-11
15 +0 +0 +0 +6.378594e-11
16 +0 +0 +0 +4.154484e-11
17 +0 +0 +0 +2.986739e-11
18 +0 +0 +0 +2.208285e-11
19 +0 +0 +0 +1.779176e-11
20 +0 +0 +0 +1.084868e-11
21 +0 +0 +0 +8.624601e-12
22 +0 +0 +0 +4.343067e-12
23 +0 +0 +0 +2.774190e-12
24 +0 +0 +0 +1.910145e-12
25 +0 +0 +0 +9.970462e-13
26 +0 +0 +0 -2.311580e-13
27 +0 +0 +0 -2.306015e-13
28 +0 +0 +0 -2.310266e-13
29 +0 +0 +0 -4.130071e-14
30 +0 +0 +0 +5.760795e-14
31 +0 +0 +0 +5.775912e-13
32 +0 +0 +0 +7.925649e-13
33 +0 +0 +0 +2.145397e-13
34 +0 +0 +0 +1.031423e-12
35 +0 +0 +0 +5.520286e-13
36 +0 +0 +0 +1.012229e-12
37 +0 +0 +0 +9.016146e-13
38 +0 +0 +0 +6.369534e-13
39 +0 +0 +0 +6.114275e-13
40 +0 +0 +0 +5.996796e-14
41 +0 +0 +0 -1.104693e-13
42 +0 +0 +0 +1.313131e-13
43 +0 +0 +0 -1.527869e-13
44 +0 +0 +0 -3.549840e-14
45 +0 +0 +0 -1.423165e-13
46 +0 +0 +0 -2.497772e-13
47 +0 +0 +0 -2.008058e-13
48 +0 +0 +0 -1.288418e-13
49 +0 +0 +0 +3.095225e-14
50 +0 +0 +0 -2.583352e-14
51 +0 +0 +0 -6.835264e-14
52 +0 +0 +0 -3.804899e-14
53 +0 +0 +0 +1.180619e-13
54 +0 +0 +0 +1.193888e-13
55 +0 +0 +0 +2.101788e-13
56 +0 +0 +0 +1.846552e-13
57 +0 +0 +0 +1.001596e-13
58 +0 +0 +0 +1.211303e-13
59 +0 +0 +0 -5.789283e-14
60 +0 +0 +0 -1.145767e-13
61 +0 +0 +0 -1.153602e-13
62 +0 +0 +0 -1.685332e-13
63 +0 +0 +0 -1.497861e-13
