0 +0 +0 +0 +1.336940e-08
1 +0 +0 +0 +2.453582e-08
2 +0 +0 +0 +1.360325e-08
3 +0 +0 +0 +7.773105e-09
4 +0 +0 +0 +4.706741e-09
5 +0 +0 +0 +3.076841e-09
6 +0 +0 +0 +2.007617e-09
7 +0 +0 +0 +1.310027e-09
8 +0 +0 +0 +8.703787e-10
9 +0 +0 +0 +5.796526e-10
10 +0 +0 +0 +3.968550e-10
11 +0 +0 +0 +2.700606e-10
12 +0 +0 +0 +1.868556e-10
13 +0 +0 +0 +1.315178e-10
14 +0 +0 +0 +9.024989e-11
15 +0 +0 +0 +5.989322e-11
16 +0 +0 +0 +4.611158e-11
17 +0 +0 +0 +2.937548e-11
18 +0 +0 +0 +1.976509e-11
19 +0 +0 +0 +1.486059e-11
20 +0 +0 +0 +7.187643e-12
21 +0 +0 +0 +5.750200e-12
22 +0 +0 +0 +3.945464e-12
23 +0 +0 +0 +2.619924e-12
24 +0 +0 +0 +7.945669e-13
25 +0 +0 +0 -1.461020e-13
26 +0 +0 +0 +2.184954e-13
27 +0 +0 +0 -1.679821e-13
28 +0 +0 +0 -8.046981e-13
29 +0 +0 +0 -4.727234e-13
30 +0 +0 +0 -1.353769e-13
31 +0 +0 +0 -2.822758e-13
32 +0 +0 +0 -2.182161e-13
33 +0 +0 +0 +8.603269e-14
34 +0 +0 +0 +6.014151e-14
35 +0 +0 +0 +1.782139e-13
36 +0 +0 +0 +5.554454e-13
37 +0 +0 +0 +5.929274e-13
38 +0 +0 +0 +4.768403e-13
39 +0 +0 +0 +6.600988e-13
40 +0 +0 +0 +3.113895e-13
41 +0 +0 +0 +3.153868e-13
42 +0 +0 +0 +3.353269e-13
43 +0 +0 +0 +2.829860e-13
44 +0 +0 +0 +2.344741e-13
45 +0 +0 +0 +1.888874e-13
46 +0 +0 +0 +2.281026e-13
47 +0 +0 +0 +1.198811e-13
48 +0 +0 +0 +1.016127e-13
49 +0 +0 +0 +1.777429e-13
50 +0 +0 +0 +1.298902e-13
51 +0 +0 +0 +1.362289e-13
52 +0 +0 +0 +5.182098e-14
53 +0 +0 +0 +1.066241e-15
54 +0 +0 +0 +1.328289e-14
55 +0 +0 +0 +5.368542e-14
56 +0 +0 +0 -9.773235e-15
57 +0 +0 +0 -3.334985e-14
58 +0 +0 +0 -5.296287e-14
59 +0 +0 +0 -1.722706e-13
60 +0 +0 +0 -1.873022e-13
61 +0 +0 +0 -5.378712e-14
62 +0 +0 +0 +1.052413e-14
63 +0 +0 +0 -2.621516e-15
