0 +0 +0 +0 +1.285203e-08
1 +0 +0 +0 +2.420397e-08
2 +0 +0 +0 +1.318979e-08
3 +0 +0 +0 +7.827026e-09
4 +0 +0 +0 +4.798971e-09
5 +0 +0 +0 +3.106930e-09
6 +0 +0 +0 +1.976944e-09
7 +0 +0 +0 +1.294781e-09
8 +0 +0 +0 +8.719430e-10
9 +0 +0 +0 +5.927792e-10
10 +0 +0 +0 +3.992198e-10
11 +0 +0 +0 +2.673673e-10
12 +0 +0 +0 +1.826948e-10
13 +0 +0 +0 +1.233276e-10
14 +0 +0 +0 +8.799361e-11
15 +0 +0 +0 +5.739841e-11
16 +0 +0 +0 +3.801581e-11
17 +0 +0 +0 +2.682410e-11
18 +0 +0 +0 +1.908279e-11
19 +0 +0 +0 +1.319280e-11
20 +0 +0 +0 +9.779461e-12
21 +0 +0 +0 +6.082876e-12
22 +0 +0 +0 +3.691011e-12
23 +0 +0 +0 +3.596005e-12
24 +0 +0 +0 +3.130845e-12
25 +0 +0 +0 +2.742163e-12
26 +0 +0 +0 +1.424080e-12
27 +0 +0 +0 +1.948677e-12
28 +0 +0 +0 +2.159368e-12
29 +0 +0 +0 +1.585514e-12
30 +0 +0 +0 +9.721754e-13
31 +0 +0 +0 +7.488138e-13
32 +0 +0 +0 -2.796447e-13
33 +0 +0 +0 +1.842913e-13
34 +0 +0 +0 -7.237094e-14
35 +0 +0 +0 -1.645774e-14
36 +0 +0 +0 -3.124612e-13
37 +0 +0 +0 -5.402312e-13
38 +0 +0 +0 -3.415536e-13
39 +0 +0 +0 -2.279567e-13
40 +0 +0 +0 -5.501844e-13
41 +0 +0 +0 -1.834026e-13
42 +0 +0 +0 -5.509691e-14
43 +0 +0 +0 -1.234006e-13
44 +0 +0 +0 -6.053345e-14
45 +0 +0 +0 -1.568303e-13
46 +0 +0 +0 -4.371094e-14
47 +0 +0 +0 -1.368665e-13
48 +0 +0 +0 -2.081555e-13
49 +0 +0 +0 -1.215363e-13
50 +0 +0 +0 +3.126329e-14
51 +0 +0 +0 +1.907779e-14
52 +0 +0 +0 -3.419888e-14
53 +0 +0 +0 +4.266220e-15
54 +0 +0 +0 -3.709077e-14
55 +0 +0 +0 -5.583462e-14
56 +0 +0 +0 -1.074720e-13
57 +0 +0 +0 -1.118493e-13
58 +0 +0 +0 -1.650060e-13
59 +0 +0 +0 -1.599131e-13
60 +0 +0 +0 -5.222468e-14
61 +0 +0 +0 -1.088698e-13
62 +0 +0 +0 -8.676926e-14
63 +0 +0 +0 -6.957192e-14
