0 +0 +0 +0 +1.270293e-08
1 +0 +0 +0 +2.375704e-08
2 +0 +0 +0 +1.320529e-08
3 +0 +0 +0 +7.839769e-09
4 +0 +0 +0 +4.803717e-09
5 +0 +0 +0 +3.137053e-09
6 +0 +0 +0 +2.028456e-09
7 +0 +0 +0 +1.302804e-09
8 +0 +0 +0 +8.610712e-10
9 +0 +0 +0 +5.814111e-10
10 +0 +0 +0 +4.015734e-10
11 +0 +0 +0 +2.806431e-10
12 +0 +0 +0 +1.894204e-10
13 +0 +0 +0 +1.278357e-10
14 +0 +0 +0 +8.640243e-11
15 +0 +0 +0 +5.569862e-11
16 +0 +0 +0 +4.293613e-11
17 +0 +0 +0 +3.016900e-11
18 +0 +0 +0 +2.254659e-11
19 +0 +0 +0 +1.541511e-11
20 +0 +0 +0 +1.006826e-11
21 +0 +0 +0 +3.726179e-12
22 +0 +0 +0 +8.197564e-13
23 +0 +0 +0 +8.096917e-13
24 +0 +0 +0 +1.445177e-12
25 +0 +0 +0 +1.403514e-12
26 +0 +0 +0 +2.080399e-12
27 +0 +0 +0 +9.560226e-13
28 +0 +0 +0 +1.359036e-12
29 +0 +0 +0 +1.024668e-12
30 +0 +0 +0 +7.293915e-13
31 +0 +0 +0 +5.271482e-13
32 +0 +0 +0 -7.425418e-14
33 +0 +0 +0 +6.416931e-13
34 +0 +0 +0 +8.453822e-13
35 +0 +0 +0 +4.189364e-13
36 +0 +0 +0 +6.667905e-13
37 +0 +0 +0 +5.683921e-13
38 +0 +0 +0 +5.774280e-13
39 +0 +0 +0 +3.696590e-13
40 +0 +0 +0 +1.484665e-13
41 +0 +0 +0 +7.970594e-14
42 +0 +0 +0 +1.174736e-13
43 +0 +0 +0 +1.243687e-13
44 +0 +0 +0 +2.468333e-13
45 +0 +0 +0 +2.175544e-13
46 +0 +0 +0 +1.885204e-13
47 +0 +0 +0 +1.534673e-14
48 +0 +0 +0 -1.524577e-14
49 +0 +0 +0 -4.714321e-14
50 +0 +0 +0 +6.108526e-15
51 +0 +0 +0 -5.018272e-14
52 +0 +0 +0 -1.208712e-13
53 +0 +0 +0 -7.110450e-16
54 +0 +0 +0 +1.316687e-13
55 +0 +0 +0 +3.073484e-14
56 +0 +0 +0 -7.892776e-14
57 +0 +0 +0 -9.782893e-14
58 +0 +0 +0 -1.982475e-13
59 +0 +0 +0 -3.020551e-13
60 +0 +0 +0 -1.721837e-13
61 +0 +0 +0 -1.080993e-13
62 +0 +0 +0 -6.278451e-14
63 +0 +0 +0 -1.130482e-13
