0 +0 +0 +0 +1.346764e-08
1 +0 +0 +0 +2.410732e-08
2 +0 +0 +0 +1.352090e-08
3 +0 +0 +0 +7.953085e-09
4 +0 +0 +0 +4.918654e-09
5 +0 +0 +0 +3.142493e-09
6 +0 +0 +0 +2.042784e-09
7 +0 +0 +0 +1.360259e-09
8 +0 +0 +0 +9.202235e-10
9 +0 +0 +0 +6.361536e-10
10 +0 +0 +0 +4.473822e-10
11 +0 +0 +0 +3.142863e-10
12 +0 +0 +0 +2.158770e-10
13 +0 +0 +0 +1.513439e-10
14 +0 +0 +0 +1.051519e-10
15 +0 +0 +0 +6.772371e-11
16 +0 +0 +0 +4.443714e-11
17 +0 +0 +0 +3.457164e-11
18 +0 +0 +0 +2.301811e-11
19 +0 +0 +0 +1.520990e-11
20 +0 +0 +0 +1.055108e-11
21 +0 +0 +0 +6.644911e-12
22 +0 +0 +0 +3.461050e-12
23 +0 +0 +0 +2.177705e-12
24 +0 +0 +0 +1.304790e-12
25 +0 +0 +0 +6.204736e-13
26 +0 +0 +0 +6.350493e-15
27 +0 +0 +0 +5.801931e-13
28 +0 +0 +0 +4.619763e-13
29 +0 +0 +0 -3.296232e-13
30 +0 +0 +0 +1.217537e-13
31 +0 +0 +0 -4.060235e-13
32 +0 +0 +0 +2.561208e-14
33 +0 +0 +0 +1.033912e-12
34 +0 +0 +0 +6.863557e-13
35 +0 +0 +0 +4.032248e-13
36 +0 +0 +0 +7.054046e-13
37 +0 +0 +0 +3.438450e-13
38 +0 +0 +0 +1.272898e-13
39 +0 +0 +0 -3.616296e-13
40 +0 +0 +0 -4.959067e-13
41 +0 +0 +0 -9.047241e-14
42 +0 +0 +0 -2.624065e-14
43 +0 +0 +0 -1.439766e-13
44 +0 +0 +0 +1.839147e-14
45 +0 +0 +0 +2.448521e-14
46 +0 +0 +0 -1.353153e-13
47 +0 +0 +0 -1.158160e-14
48 +0 +0 +0 +6.343049e-14
49 +0 +0 +0 +1.072038e-13
50 +0 +0 +0 +8.905248e-14
51 +0 +0 +0 +2.910036e-14
52 +0 +0 +0 +4.196709e-14
53 +0 +0 +0 -1.144768e-13
54 +0 +0 +0 -1.090646e-13
55 +0 +0 +0 -1.430644e-13
56 +0 +0 +0 -2.102219e-13
57 +0 +0 +0 -1.378620e-13
58 +0 +0 +0 -1.178516e-13
59 +0 +0 +0 -4.639187e-14
60 +0 +0 +0 -5.150952e-14
61 +0 +0 +0 -1.691663e-14
62 +0 +0 +0 +1.466486e-14
63 +0 +0 +0 -2.236192e-15
