0 +0 +0 +0 +1.286283e-08
1 +0 +0 +0 +2.504807e-08
2 +0 +0 +0 +1.411923e-08
3 +0 +0 +0 +8.215607e-09
4 +0 +0 +0 +5.144052e-09
5 +0 +0 +0 +3.227268e-09
6 +0 +0 +0 +2.034795e-09
7 +0 +0 +0 +1.339788e-09
8 +0 +0 +0 +8.629940e-10
9 +0 +0 +0 +5.707757e-10
10 +0 +0 +0 +4.012890e-10
11 +0 +0 +0 +2.628569e-10
12 +0 +0 +0 +1.836310e-10
13 +0 +0 +0 +1.252072e-10
14 +0 +0 +0 +8.603982e-11
15 +0 +0 +0 +5.428861e-11
16 +0 +0 +0 +3.660807e-11
17 +0 +0 +0 +2.610986e-11
18 +0 +0 +0 +1.713218e-11
19 +0 +0 +0 +1.020838e-11
20 +0 +0 +0 +5.199036e-12
21 +0 +0 +0 +3.367173e-12
22 +0 +0 +0 +1.776288e-12
23 +0 +0 +0 +9.128354e-13
24 +0 +0 +0 +4.506641e-13
25 +0 +0 +0 +2.431699e-12
26 +0 +0 +0 +1.985153e-12
27 +0 +0 +0 +2.042350e-12
28 +0 +0 +0 +1.628405e-12
29 +0 +0 +0 +1.584070e-12
30 +0 +0 +0 +1.218310e-12
31 +0 +0 +0 +1.165341e-12
32 +0 +0 +0 +7.224313e-13
33 +0 +0 +0 +1.101319e-12
34 +0 +0 +0 +1.289234e-12
35 +0 +0 +0 +1.437871e-12
36 +0 +0 +0 +1.248640e-12
37 +0 +0 +0 +1.229743e-12
38 +0 +0 +0 +7.231753e-13
39 +0 +0 +0 +8.597981e-13
40 +0 +0 +0 +4.172407e-13
41 +0 +0 +0 +2.624049e-13
42 +0 +0 +0 +3.161028e-13
43 +0 +0 +0 +3.584668e-13
44 +0 +0 +0 +3.923459e-13
45 +0 +0 +0 +2.946733e-13
46 +0 +0 +0 +3.419421e-13
47 +0 +0 +0 +2.877380e-13
48 +0 +0 +0 +2.535138e-13
49 +0 +0 +0 +3.827668e-13
50 +0 +0 +0 +2.911109e-13
51 +0 +0 +0 +2.144190e-13
52 +0 +0 +0 +1.686637e-13
53 +0 +0 +0 +2.446593e-13
54 +0 +0 +0 +9.651502e-14
55 +0 +0 +0 +7.540162e-14
56 +0 +0 +0 +2.570509e-14
57 +0 +0 +0 +7.799058e-14
58 +0 +0 +0 +1.835795e-13
59 +0 +0 +0 +1.394247e-13
60 +0 +0 +0 +1.203339e-13
61 +0 +0 +0 +5.996109e-14
62 +0 +0 +0 +4.841579e-14
63 +0 +0 +0 +3.555987e-17
