0 +0 +0 +0 +1.318237e-08
1 +0 +0 +0 +2.458532e-08
2 +0 +0 +0 +1.382404e-08
3 +0 +0 +0 +8.045542e-09
4 +0 +0 +0 +5.045541e-09
5 +0 +0 +0 +3.172046e-09
6 +0 +0 +0 +2.027322e-09
7 +0 +0 +0 +1.350711e-09
8 +0 +0 +0 +8.631852e-10
9 +0 +0 +0 +5.847826e-10
10 +0 +0 +0 +3.790946e-10
11 +0 +0 +0 +2.629039e-10
12 +0 +0 +0 +1.662195e-10
13 +0 +0 +0 +1.086665e-10
14 +0 +0 +0 +7.773616e-11
15 +0 +0 +0 +5.048835e-11
16 +0 +0 +0 +3.708293e-11
17 +0 +0 +0 +2.430657e-11
18 +0 +0 +0 +1.319309e-11
19 +0 +0 +0 +9.560142e-12
20 +0 +0 +0 +5.988774e-12
21 +0 +0 +0 +5.031040e-12
22 +0 +0 +0 +2.236514e-12
23 +0 +0 +0 -6.662273e-13
24 +0 +0 +0 -4.094022e-13
25 +0 +0 +0 -6.320396e-13
26 +0 +0 +0 +1.051782e-14
27 +0 +0 +0 -4.794043e-13
28 +0 +0 +0 -1.554134e-13
29 +0 +0 +0 +2.992891e-13
30 +0 +0 +0 +2.740210e-13
31 +0 +0 +0 +3.187355e-13
32 +0 +0 +0 +8.844615e-13
33 +0 +0 +0 +6.086754e-13
34 +0 +0 +0 +5.843587e-13
35 +0 +0 +0 +1.442251e-14
36 +0 +0 +0 -2.006075e-14
37 +0 +0 +0 -3.941070e-13
38 +0 +0 +0 -1.482376e-13
39 +0 +0 +0 -3.556459e-13
40 +0 +0 +0 -4.570710e-13
41 +0 +0 +0 -2.616302e-13
42 +0 +0 +0 -1.391935e-13
43 +0 +0 +0 -6.080572e-14
44 +0 +0 +0 +1.026933e-13
45 +0 +0 +0 +2.146047e-13
46 +0 +0 +0 +3.279607e-13
47 +0 +0 +0 +1.570720e-13
48 +0 +0 +0 +1.244725e-13
49 +0 +0 +0 +1.655474e-13
50 +0 +0 +0 +1.153793e-13
51 +0 +0 +0 -5.221775e-14
52 +0 +0 +0 -1.141913e-13
53 +0 +0 +0 -1.170636e-13
54 +0 +0 +0 -1.386928e-13
55 +0 +0 +0 -1.236914e-13
56 +0 +0 +0 -1.907200e-13
57 +0 +0 +0 -1.616878e-13
58 +0 +0 +0 -5.185551e-14
59 +0 +0 +0 +5.261567e-14
60 +0 +0 +0 +3.155694e-15
61 +0 +0 +0 -2.622680e-14
62 +0 +0 +0 -1.029491e-13
63 +0 +0 +0 -5.178548e-14
