0 +0 +0 +0 +1.331116e-08
1 +0 +0 +0 +2.356669e-08
2 +0 +0 +0 +1.332971e-08
3 +0 +0 +0 +7.940634e-09
4 +0 +0 +0 +4.877936e-09
5 +0 +0 +0 +3.041488e-09
6 +0 +0 +0 +2.009221e-09
7 +0 +0 +0 +1.293912e-09
8 +0 +0 +0 +8.756856e-10
9 +0 +0 +0 +5.896663e-10
10 +0 +0 +0 +3.902884e-10
11 +0 +0 +0 +2.651439e-10
12 +0 +0 +0 +1.841752e-10
13 +0 +0 +0 +1.294129e-10
14 +0 +0 +0 +9.076341e-11
15 +0 +0 +0 +6.174369e-11
16 +0 +0 +0 +3.802856e-11
17 +0 +0 +0 +2.777993e-11
18 +0 +0 +0 +1.855402e-11
19 +0 +0 +0 +1.368694e-11
20 +0 +0 +0 +9.554373e-12
21 +0 +0 +0 +7.127616e-12
22 +0 +0 +0 +5.149704e-12
23 +0 +0 +0 +3.840075e-12
24 +0 +0 +0 +2.606849e-12
25 +0 +0 +0 +9.089853e-13
26 +0 +0 +0 +1.197831e-12
27 +0 +0 +0 +1.463374e-12
28 +0 +0 +0 +9.044917e-13
29 +0 +0 +0 +8.400069e-13
30 +0 +0 +0 +8.516577e-13
31 +0 +0 +0 -4.357345e-14
32 +0 +0 +0 +4.175805e-13
33 +0 +0 +0 -9.134690e-14
34 +0 +0 +0 +1.364122e-13
35 +0 +0 +0 +4.199499e-13
36 +0 +0 +0 +3.989088e-13
37 +0 +0 +0 +4.595498e-13
38 +0 +0 +0 +2.053401e-13
39 +0 +0 +0 -9.298915e-14
40 +0 +0 +0 -1.187169e-13
41 +0 +0 +0 -9.593275e-14
42 +0 +0 +0 -1.183489e-13
43 +0 +0 +0 +3.758850e-14
44 +0 +0 +0 -1.286164e-13
45 +0 +0 +0 -1.595046e-13
46 +0 +0 +0 -1.817241e-13
47 +0 +0 +0 -1.218274e-13
48 +0 +0 +0 -1.206166e-13
49 +0 +0 +0 -2.330819e-13
50 +0 +0 +0 -1.401504e-13
51 +0 +0 +0 -1.843004e-13
52 +0 +0 +0 -2.701453e-13
53 +0 +0 +0 -3.534981e-13
54 +0 +0 +0 -2.254900e-13
55 +0 +0 +0 -2.333554e-13
56 +0 +0 +0 -1.378555e-13
57 +0 +0 +0 -1.352201e-13
58 +0 +0 +0 -1.373852e-13
59 +0 +0 +0 -1.514841e-13
60 +0 +0 +0 -2.451152e-13
61 +0 +0 +0 -2.193174e-13
62 +0 +0 +0 -3.097279e-13
63 +0 +0 +0 -2.602856e-13
