0 +0 +0 +0 +1.319051e-08
1 +0 +0 +0 +2.377298e-08
2 +0 +0 +0 +1.322957e-08
3 +0 +0 +0 +7.730132e-09
4 +0 +0 +0 +4.823979e-09
5 +0 +0 +0 +3.113237e-09
6 +0 +0 +0 +2.032244e-09
7 +0 +0 +0 +1.322163e-09
8 +0 +0 +0 +8.867504e-10
9 +0 +0 +0 +5.830321e-10
10 +0 +0 +0 +3.886648e-10
11 +0 +0 +0 +2.521636e-10
12 +0 +0 +0 +1.761941e-10
13 +0 +0 +0 +1.204919e-10
14 +0 +0 +0 +8.008229e-11
15 +0 +0 +0 +5.493544e-11
16 +0 +0 +0 +3.734902e-11
17 +0 +0 +0 +2.312796e-11
18 +0 +0 +0 +1.941584e-11
19 +0 +0 +0 +1.358602e-11
20 +0 +0 +0 +9.599319e-12
21 +0 +0 +0 +7.268545e-12
22 +0 +0 +0 +4.904853e-12
23 +0 +0 +0 +4.004647e-12
24 +0 +0 +0 +5.465363e-12
25 +0 +0 +0 +2.226417e-12
26 +0 +0 +0 +8.866355e-13
27 +0 +0 +0 +5.628470e-14
28 +0 +0 +0 +4.841113e-13
29 +0 +0 +0 +2.687358e-13
30 +0 +0 +0 -6.122054e-14
31 +0 +0 +0 +2.133782e-13
32 +0 +0 +0 +2.876039e-13
33 +0 +0 +0 +5.921972e-13
34 +0 +0 +0 +6.375160e-13
35 +0 +0 +0 +6.362928e-13
36 +0 +0 +0 +6.122065e-13
37 +0 +0 +0 +4.734093e-13
38 +0 +0 +0 +2.354591e-13
39 +0 +0 +0 +8.954844e-14
40 +0 +0 +0 -1.377461e-13
41 +0 +0 +0 -3.053248e-13
42 +0 +0 +0 -2.284594e-13
43 +0 +0 +0 -1.387604e-13
44 +0 +0 +0 -2.186038e-13
45 +0 +0 +0 -4.358083e-13
46 +0 +0 +0 -2.486276e-13
47 +0 +0 +0 -1.535115e-13
48 +0 +0 +0 +3.458755e-14
49 +0 +0 +0 -1.264765e-13
50 +0 +0 +0 -2.146765e-14
51 +0 +0 +0 -4.261479e-15
52 +0 +0 +0 +5.362742e-15
53 +0 +0 +0 -4.309205e-14
54 +0 +0 +0 -3.207422e-14
55 +0 +0 +0 -1.442980e-13
56 +0 +0 +0 -1.493188e-13
57 +0 +0 +0 -7.439388e-14
58 +0 +0 +0 -1.446960e-13
59 +0 +0 +0 -1.551337e-13
60 +0 +0 +0 -4.303307e-14
61 +0 +0 +0 -2.877476e-14
62 +0 +0 +0 -4.049537e-14
63 +0 +0 +0 +1.048682e-14
