0 +0 +0 +0 +1.336573e-08
1 +0 +0 +0 +2.435748e-08
2 +0 +0 +0 +1.348233e-08
3 +0 +0 +0 +8.018005e-09
4 +0 +0 +0 +4.890077e-09
5 +0 +0 +0 +3.120823e-09
6 +0 +0 +0 +1.993332e-09
7 +0 +0 +0 +1.298655e-09
8 +0 +0 +0 +8.622732e-10
9 +0 +0 +0 +5.717319e-10
10 +0 +0 +0 +3.734423e-10
11 +0 +0 +0 +2.484952e-10
12 +0 +0 +0 +1.622449e-10
13 +0 +0 +0 +1.040771e-10
14 +0 +0 +0 +7.172798e-11
15 +0 +0 +0 +5.209177e-11
16 +0 +0 +0 +3.321560e-11
17 +0 +0 +0 +2.449695e-11
18 +0 +0 +0 +1.498540e-11
19 +0 +0 +0 +1.271319e-11
20 +0 +0 +0 +7.723857e-12
21 +0 +0 +0 +7.775157e-12
22 +0 +0 +0 +6.737873e-12
23 +0 +0 +0 +5.348759e-12
24 +0 +0 +0 +3.873309e-12
25 +0 +0 +0 +3.375758e-12
26 +0 +0 +0 +2.783449e-12
27 +0 +0 +0 +1.868204e-12
28 +0 +0 +0 +2.263734e-13
29 +0 +0 +0 +1.341724e-13
30 +0 +0 +0 +2.443898e-13
31 +0 +0 +0 -2.050943e-13
32 +0 +0 +0 -5.896516e-13
33 +0 +0 +0 -3.142739e-13
34 +0 +0 +0 +1.812403e-13
35 +0 +0 +0 +2.725172e-13
36 +0 +0 +0 +6.729979e-14
37 +0 +0 +0 -2.656406e-13
38 +0 +0 +0 -3.808799e-13
39 +0 +0 +0 -6.178849e-13
40 +0 +0 +0 -1.013651e-12
41 +0 +0 +0 -5.437173e-13
42 +0 +0 +0 -1.119347e-13
43 +0 +0 +0 -6.989088e-14
44 +0 +0 +0 +1.054939e-13
45 +0 +0 +0 +1.612726e-13
46 +0 +0 +0 -9.579267e-15
47 +0 +0 +0 +9.369710e-14
48 +0 +0 +0 +7.597900e-14
49 +0 +0 +0 +1.666498e-13
50 +0 +0 +0 +1.403295e-13
51 +0 +0 +0 +2.280931e-13
52 +0 +0 +0 +4.392632e-15
53 +0 +0 +0 -2.178411e-15
54 +0 +0 +0 -1.361994e-13
55 +0 +0 +0 -1.762717e-14
56 +0 +0 +0 -1.514590e-13
57 +0 +0 +0 -7.677752e-14
58 +0 +0 +0 -1.238798e-13
59 +0 +0 +0 -1.936564e-13
60 +0 +0 +0 -1.998058e-13
61 +0 +0 +0 -1.896132e-13
62 +0 +0 +0 -1.905082e-13
63 +0 +0 +0 -2.388279e-13
