0 +0 +0 +0 +1.265531e-08
1 +0 +0 +0 +2.430204e-08
2 +0 +0 +0 +1.346099e-08
3 +0 +0 +0 +7.895236e-09
4 +0 +0 +0 +4.914074e-09
5 +0 +0 +0 +3.160118e-09
6 +0 +0 +0 +2.035842e-09
7 +0 +0 +0 +1.346576e-09
8 +0 +0 +0 +8.788334e-10
9 +0 +0 +0 +5.966410e-10
10 +0 +0 +0 +3.935872e-10
11 +0 +0 +0 +2.778617e-10
12 +0 +0 +0 +1.947174e-10
13 +0 +0 +0 +1.350743e-10
14 +0 +0 +0 +9.125534e-11
15 +0 +0 +0 +6.086661e-11
16 +0 +0 +0 +4.216803e-11
17 +0 +0 +0 +2.668202e-11
18 +0 +0 +0 +1.795167e-11
19 +0 +0 +0 +1.187883e-11
20 +0 +0 +0 +8.801501e-12
21 +0 +0 +0 +4.810489e-12
22 +0 +0 +0 +4.556394e-12
23 +0 +0 +0 +3.117120e-12
24 +0 +0 +0 +3.634622e-12
25 +0 +0 +0 +2.524576e-12
26 +0 +0 +0 +1.458854e-12
27 +0 +0 +0 +1.715796e-12
28 +0 +0 +0 +4.093315e-13
29 +0 +0 +0 +5.522458e-13
30 +0 +0 +0 +1.314453e-12
31 +0 +0 +0 +7.143348e-13
32 +0 +0 +0 +4.590113e-13
33 +0 +0 +0 +8.945299e-13
34 +0 +0 +0 +6.562866e-13
35 +0 +0 +0 +7.234559e-13
36 +0 +0 +0 +8.060916e-13
37 +0 +0 +0 +7.484767e-13
38 +0 +0 +0 +9.239886e-13
39 +0 +0 +0 +7.143078e-13
40 +0 +0 +0 +4.161828e-13
41 +0 +0 +0 +2.536536e-13
42 +0 +0 +0 +6.340323e-13
43 +0 +0 +0 +7.273256e-13
44 +0 +0 +0 +6.393302e-13
45 +0 +0 +0 +5.809276e-13
46 +0 +0 +0 +3.595785e-13
47 +0 +0 +0 +3.000087e-13
48 +0 +0 +0 +2.524060e-13
49 +0 +0 +0 +2.175015e-13
50 +0 +0 +0 +1.360119e-13
51 +0 +0 +0 +1.381717e-13
52 +0 +0 +0 +1.227508e-13
53 +0 +0 +0 +2.721908e-13
54 +0 +0 +0 +1.975154e-13
55 +0 +0 +0 +1.100028e-13
56 +0 +0 +0 -2.338541e-14
57 +0 +0 +0 -7.127140e-14
58 +0 +0 +0 -7.181754e-14
59 +0 +0 +0 -1.787331e-13
60 +0 +0 +0 -4.236763e-14
61 +0 +0 +0 +5.331353e-14
62 +0 +0 +0 -9.022550e-15
63 +0 +0 +0 -4.821949e-15
