0 +0 +0 +0 +1.432174e-08
1 +0 +0 +0 +2.493430e-08
2 +0 +0 +0 +1.354097e-08
3 +0 +0 +0 +8.056518e-09
4 +0 +0 +0 +5.145961e-09
5 +0 +0 +0 +3.277752e-09
6 +0 +0 +0 +2.137664e-09
7 +0 +0 +0 +1.397821e-09
8 +0 +0 +0 +9.085568e-10
9 +0 +0 +0 +5.984677e-10
10 +0 +0 +0 +3.989438e-10
11 +0 +0 +0 +2.761358e-10
12 +0 +0 +0 +1.882272e-10
13 +0 +0 +0 +1.278600e-10
14 +0 +0 +0 +8.909321e-11
15 +0 +0 +0 +6.165130e-11
16 +0 +0 +0 +4.668941e-11
17 +0 +0 +0 +3.051453e-11
18 +0 +0 +0 +1.949716e-11
19 +0 +0 +0 +1.361965e-11
20 +0 +0 +0 +9.085148e-12
21 +0 +0 +0 +8.137331e-12
22 +0 +0 +0 +4.202037e-12
23 +0 +0 +0 +1.405495e-12
24 +0 +0 +0 +1.877223e-13
25 +0 +0 +0 +4.666291e-13
26 +0 +0 +0 -4.444678e-13
27 +0 +0 +0 -6.879067e-13
28 +0 +0 +0 -9.985930e-13
29 +0 +0 +0 -8.053786e-13
30 +0 +0 +0 -1.426964e-12
31 +0 +0 +0 -2.021069e-12
32 +0 +0 +0 -5.835972e-13
33 +0 +0 +0 -4.209102e-13
34 +0 +0 +0 -1.310875e-13
35 +0 +0 +0 +3.189815e-13
36 +0 +0 +0 +8.469575e-14
37 +0 +0 +0 +1.015050e-13
38 +0 +0 +0 +5.207940e-14
39 +0 +0 +0 +3.883812e-13
40 +0 +0 +0 +4.069781e-13
41 +0 +0 +0 +7.652853e-13
42 +0 +0 +0 +6.702502e-13
43 +0 +0 +0 +7.220875e-13
44 +0 +0 +0 +4.963420e-13
45 +0 +0 +0 +5.041927e-13
46 +0 +0 +0 +2.483576e-13
47 +0 +0 +0 +1.460156e-13
48 +0 +0 +0 +1.153927e-13
49 +0 +0 +0 +1.356376e-13
50 +0 +0 +0 +4.979380e-14
51 +0 +0 +0 +7.861741e-14
52 +0 +0 +0 +5.038677e-14
53 +0 +0 +0 +2.080255e-13
54 +0 +0 +0 +1.393046e-13
55 +0 +0 +0 +8.555736e-14
56 +0 +0 +0 +4.227325e-14
57 +0 +0 +0 +1.238903e-13
58 +0 +0 +0 +7.224132e-14
59 +0 +0 +0 -4.043886e-14
60 +0 +0 +0 -1.730149e-14
61 +0 +0 +0 -5.381224e-14
62 +0 +0 +0 +2.584743e-14
63 +0 +0 +0 +1.701276e-13
