0 +0 +0 +0 +1.255967e-08
1 +0 +0 +0 +2.368824e-08
2 +0 +0 +0 +1.323408e-08
3 +0 +0 +0 +7.759826e-09
4 +0 +0 +0 +4.790029e-09
5 +0 +0 +0 +3.066109e-09
6 +0 +0 +0 +1.950176e-09
7 +0 +0 +0 +1.289695e-09
8 +0 +0 +0 +8.380635e-10
9 +0 +0 +0 +5.659840e-10
10 +0 +0 +0 +4.014229e-10
11 +0 +0 +0 +2.644712e-10
12 +0 +0 +0 +1.761318e-10
13 +0 +0 +0 +1.239897e-10
14 +0 +0 +0 +8.415471e-11
15 +0 +0 +0 +5.611326e-11
16 +0 +0 +0 +4.016266e-11
17 +0 +0 +0 +3.048950e-11
18 +0 +0 +0 +2.192299e-11
19 +0 +0 +0 +1.674824e-11
20 +0 +0 +0 +1.015788e-11
21 +0 +0 +0 +6.333178e-12
22 +0 +0 +0 +3.014520e-12
23 +0 +0 +0 +2.723915e-12
24 +0 +0 +0 +2.357655e-12
25 +0 +0 +0 +1.220659e-12
26 +0 +0 +0 +9.046334e-13
27 +0 +0 +0 +1.186408e-12
28 +0 +0 +0 +1.232017e-12
29 +0 +0 +0 +9.793514e-13
30 +0 +0 +0 +4.651701e-13
31 +0 +0 +0 +3.528605e-13
32 +0 +0 +0 +2.279516e-13
33 +0 +0 +0 +2.165731e-13
34 +0 +0 +0 -4.181010e-13
35 +0 +0 +0 -5.064676e-13
36 +0 +0 +0 -2.677550e-13
37 +0 +0 +0 -1.880213e-14
38 +0 +0 +0 -1.644383e-13
39 +0 +0 +0 -9.911608e-14
40 +0 +0 +0 -3.258837e-13
41 +0 +0 +0 -1.612354e-13
42 +0 +0 +0 -3.772101e-14
43 +0 +0 +0 -1.585304e-13
44 +0 +0 +0 -2.331606e-13
45 +0 +0 +0 -1.636956e-13
46 +0 +0 +0 -2.376004e-13
47 +0 +0 +0 -2.825723e-13
48 +0 +0 +0 -2.866285e-13
49 +0 +0 +0 -2.185794e-13
50 +0 +0 +0 -2.391097e-13
51 +0 +0 +0 -1.126000e-13
52 +0 +0 +0 -1.198552e-13
53 +0 +0 +0 -1.495818e-13
54 +0 +0 +0 -1.602236e-13
55 +0 +0 +0 -1.000103e-13
56 +0 +0 +0 -1.096326e-13
57 +0 +0 +0 -6.324699e-14
58 +0 +0 +0 -1.493556e-13
59 +0 +0 +0 -3.187125e-14
60 +0 +0 +0 -7.482945e-14
61 +0 +0 +0 -1.232292e-13
62 +0 +0 +0 +5.559236e-14
63 +0 +0 +0 +6.801143e-14
