0 +0 +0 +0 +1.296615e-08
1 +0 +0 +0 +2.400078e-08
2 +0 +0 +0 +1.357308e-08
3 +0 +0 +0 +7.894990e-09
4 +0 +0 +0 +5.007192e-09
5 +0 +0 +0 +3.229182e-09
6 +0 +0 +0 +2.025776e-09
7 +0 +0 +0 +1.348996e-09
8 +0 +0 +0 +8.734288e-10
9 +0 +0 +0 +5.965602e-10
10 +0 +0 +0 +3.785821e-10
11 +0 +0 +0 +2.595357e-10
12 +0 +0 +0 +1.794696e-10
13 +0 +0 +0 +1.237140e-10
14 +0 +0 +0 +9.031976e-11
15 +0 +0 +0 +5.966344e-11
16 +0 +0 +0 +3.555744e-11
17 +0 +0 +0 +2.116493e-11
18 +0 +0 +0 +1.176819e-11
19 +0 +0 +0 +6.351676e-12
20 +0 +0 +0 +5.995628e-12
21 +0 +0 +0 +4.756714e-12
22 +0 +0 +0 +4.674378e-12
23 +0 +0 +0 +3.058849e-12
24 +0 +0 +0 +2.049366e-12
25 +0 +0 +0 -3.029738e-13
26 +0 +0 +0 -1.385497e-12
27 +0 +0 +0 -4.049020e-13
28 +0 +0 +0 -5.309381e-13
29 +0 +0 +0 -8.853827e-13
30 +0 +0 +0 -3.704218e-13
31 +0 +0 +0 -2.505133e-13
32 +0 +0 +0 -5.661015e-13
33 +0 +0 +0 -1.860753e-13
34 +0 +0 +0 -5.298760e-13
35 +0 +0 +0 -4.050754e-13
36 +0 +0 +0 -8.877524e-14
37 +0 +0 +0 -3.601663e-13
38 +0 +0 +0 +1.443417e-13
39 +0 +0 +0 -1.485019e-13
40 +0 +0 +0 -2.186464e-14
41 +0 +0 +0 -3.619089e-14
42 +0 +0 +0 -9.155792e-14
43 +0 +0 +0 +1.668666e-13
44 +0 +0 +0 +2.765948e-13
45 +0 +0 +0 +1.361939e-13
46 +0 +0 +0 +1.732629e-13
47 +0 +0 +0 -4.931065e-15
48 +0 +0 +0 +5.398812e-14
49 +0 +0 +0 -3.686481e-14
50 +0 +0 +0 -1.484045e-15
51 +0 +0 +0 +6.342630e-14
52 +0 +0 +0 +1.139558e-13
53 +0 +0 +0 +1.723487e-13
54 +0 +0 +0 +1.482190e-13
55 +0 +0 +0 +2.686413e-14
56 +0 +0 +0 -3.614549e-14
57 +0 +0 +0 -6.367329e-14
58 +0 +0 +0 +3.242870e-14
59 +0 +0 +0 +1.829818e-13
60 +0 +0 +0 +9.058204e-14
61 +0 +0 +0 +1.412643e-13
62 +0 +0 +0 +1.939745e-13
63 +0 +0 +0 +1.929637e-13
