0 +0 +0 +0 +1.286129e-08
1 +0 +0 +0 +2.389417e-08
2 +0 +0 +0 +1.310382e-08
3 +0 +0 +0 +7.717040e-09
4 +0 +0 +0 +4.758245e-09
5 +0 +0 +0 +3.002556e-09
6 +0 +0 +0 +1.938971e-09
7 +0 +0 +0 +1.268513e-09
8 +0 +0 +0 +8.537770e-10
9 +0 +0 +0 +5.561215e-10
10 +0 +0 +0 +3.642041e-10
11 +0 +0 +0 +2.428739e-10
12 +0 +0 +0 +1.628044e-10
13 +0 +0 +0 +1.129471e-10
14 +0 +0 +0 +7.427606e-11
15 +0 +0 +0 +4.666080e-11
16 +0 +0 +0 +2.924668e-11
17 +0 +0 +0 +1.622095e-11
18 +0 +0 +0 +8.883294e-12
19 +0 +0 +0 +3.206319e-12
20 +0 +0 +0 +6.209586e-14
21 +0 +0 +0 +1.618597e-12
22 +0 +0 +0 +1.485926e-12
23 +0 +0 +0 -1.153453e-12
24 +0 +0 +0 +4.222969e-15
25 +0 +0 +0 -1.301075e-12
26 +0 +0 +0 -1.761026e-12
27 +0 +0 +0 -1.266166e-12
28 +0 +0 +0 -7.979315e-13
29 +0 +0 +0 -2.205417e-13
30 +0 +0 +0 -9.327061e-14
31 +0 +0 +0 -2.351206e-13
32 +0 +0 +0 -4.096807e-13
33 +0 +0 +0 -4.955846e-13
34 +0 +0 +0 -8.382172e-13
35 +0 +0 +0 -6.788251e-13
36 +0 +0 +0 -5.998026e-13
37 +0 +0 +0 -2.183380e-13
38 +0 +0 +0 -2.952574e-13
39 +0 +0 +0 -5.416660e-13
40 +0 +0 +0 -3.287658e-13
41 +0 +0 +0 -1.012259e-13
42 +0 +0 +0 -1.212826e-13
43 +0 +0 +0 -2.666748e-14
44 +0 +0 +0 -1.226032e-14
45 +0 +0 +0 -9.356226e-15
46 +0 +0 +0 +9.593907e-14
47 +0 +0 +0 +2.772704e-14
48 +0 +0 +0 +1.605868e-14
49 +0 +0 +0 +6.245781e-14
50 +0 +0 +0 -2.803914e-14
51 +0 +0 +0 +2.718191e-14
52 +0 +0 +0 -2.326552e-14
53 +0 +0 +0 +4.440944e-14
54 +0 +0 +0 -6.960064e-14
55 +0 +0 +0 -1.613565e-13
56 +0 +0 +0 -9.056613e-14
57 +0 +0 +0 -1.847511e-14
58 +0 +0 +0 -8.228884e-14
59 +0 +0 +0 -6.442816e-14
60 +0 +0 +0 -2.254790e-14
61 +0 +0 +0 -1.920589e-14
62 +0 +0 +0 -9.503889e-14
63 +0 +0 +0 -6.486099e-14
