0 +0 +0 +0 +1.311921e-08
1 +0 +0 +0 +2.358104e-08
2 +0 +0 +0 +1.325837e-08
3 +0 +0 +0 +7.709163e-09
4 +0 +0 +0 +4.801200e-09
5 +0 +0 +0 +2.985370e-09
6 +0 +0 +0 +1.950471e-09
7 +0 +0 +0 +1.282655e-09
8 +0 +0 +0 +8.427087e-10
9 +0 +0 +0 +5.758905e-10
10 +0 +0 +0 +3.919636e-10
11 +0 +0 +0 +2.506286e-10
12 +0 +0 +0 +1.787912e-10
13 +0 +0 +0 +1.156905e-10
14 +0 +0 +0 +8.222172e-11
15 +0 +0 +0 +5.440160e-11
16 +0 +0 +0 +3.715194e-11
17 +0 +0 +0 +2.659061e-11
18 +0 +0 +0 +1.661511e-11
19 +0 +0 +0 +1.251282e-11
20 +0 +0 +0 +9.672530e-12
21 +0 +0 +0 +6.463062e-12
22 +0 +0 +0 +5.211737e-12
23 +0 +0 +0 +3.425684e-12
24 +0 +0 +0 +1.579415e-12
25 +0 +0 +0 +2.191104e-12
26 +0 +0 +0 +2.435535e-13
27 +0 +0 +0 +1.644515e-14
28 +0 +0 +0 -1.363756e-12
29 +0 +0 +0 -1.631272e-12
30 +0 +0 +0 -1.723758e-12
31 +0 +0 +0 -1.379663e-12
32 +0 +0 +0 -1.416500e-12
33 +0 +0 +0 -8.193030e-13
34 +0 +0 +0 -1.412249e-13
35 +0 +0 +0 -3.170916e-13
36 +0 +0 +0 -2.356438e-13
37 +0 +0 +0 +2.811606e-13
38 +0 +0 +0 +5.663449e-13
39 +0 +0 +0 +1.591655e-13
40 +0 +0 +0 -5.351672e-14
41 +0 +0 +0 +1.120383e-13
42 +0 +0 +0 -4.798527e-15
43 +0 +0 +0 -1.354273e-13
44 +0 +0 +0 -3.220174e-14
45 +0 +0 +0 -4.405697e-15
46 +0 +0 +0 +3.908023e-14
47 +0 +0 +0 +1.107079e-13
48 +0 +0 +0 -9.267606e-14
49 +0 +0 +0 -1.063098e-13
50 +0 +0 +0 -1.939964e-13
51 +0 +0 +0 -2.328197e-13
52 +0 +0 +0 -3.735691e-14
53 +0 +0 +0 -4.977782e-15
54 +0 +0 +0 -1.406378e-14
55 +0 +0 +0 +6.602413e-14
56 +0 +0 +0 +2.494649e-13
57 +0 +0 +0 +2.883852e-13
58 +0 +0 +0 +1.525842e-13
59 +0 +0 +0 +2.353009e-13
60 +0 +0 +0 +2.053101e-13
61 +0 +0 +0 +1.979343e-13
62 +0 +0 +0 +1.694712e-13
63 +0 +0 +0 +1.445186e-13
