0 +0 +0 +0 +1.311903e-08
1 +0 +0 +0 +2.443085e-08
2 +0 +0 +0 +1.340567e-08
3 +0 +0 +0 +7.930600e-09
4 +0 +0 +0 +4.950213e-09
5 +0 +0 +0 +3.206804e-09
6 +0 +0 +0 +2.019139e-09
7 +0 +0 +0 +1.293780e-09
8 +0 +0 +0 +8.550890e-10
9 +0 +0 +0 +5.595117e-10
10 +0 +0 +0 +3.729065e-10
11 +0 +0 +0 +2.403386e-10
12 +0 +0 +0 +1.632878e-10
13 +0 +0 +0 +1.158614e-10
14 +0 +0 +0 +8.027351e-11
15 +0 +0 +0 +5.709297e-11
16 +0 +0 +0 +3.626551e-11
17 +0 +0 +0 +2.278092e-11
18 +0 +0 +0 +1.594735e-11
19 +0 +0 +0 +1.041508e-11
20 +0 +0 +0 +9.102540e-12
21 +0 +0 +0 +6.461599e-12
22 +0 +0 +0 +5.442401e-12
23 +0 +0 +0 +4.633635e-12
24 +0 +0 +0 +2.502166e-12
25 +0 +0 +0 +2.849674e-12
26 +0 +0 +0 +1.224905e-12
27 +0 +0 +0 +1.694882e-12
28 +0 +0 +0 +1.069052e-12
29 +0 +0 +0 +7.445977e-13
30 +0 +0 +0 +5.610569e-13
31 +0 +0 +0 -6.349066e-14
32 +0 +0 +0 -5.044179e-14
33 +0 +0 +0 -3.478777e-13
34 +0 +0 +0 -8.301107e-13
35 +0 +0 +0 -6.314790e-13
36 +0 +0 +0 -5.743453e-13
37 +0 +0 +0 -1.471909e-13
38 +0 +0 +0 -2.150517e-13
39 +0 +0 +0 +5.489786e-14
40 +0 +0 +0 +2.577271e-14
41 +0 +0 +0 +3.452603e-13
42 +0 +0 +0 +3.310032e-13
43 +0 +0 +0 +1.455820e-13
44 +0 +0 +0 -1.402787e-13
45 +0 +0 +0 -2.614407e-13
46 +0 +0 +0 -1.469171e-13
47 +0 +0 +0 +3.672739e-14
48 +0 +0 +0 -2.383433e-14
49 +0 +0 +0 +1.067319e-13
50 +0 +0 +0 -3.253378e-14
51 +0 +0 +0 -1.078068e-13
52 +0 +0 +0 +3.796748e-15
53 +0 +0 +0 -9.825948e-14
54 +0 +0 +0 -7.705094e-14
55 +0 +0 +0 +1.667220e-13
56 +0 +0 +0 +1.629435e-13
57 +0 +0 +0 +1.543271e-13
58 +0 +0 +0 +1.643356e-13
59 +0 +0 +0 +2.370666e-13
60 +0 +0 +0 +1.386354e-13
61 +0 +0 +0 +1.880494e-13
62 +0 +0 +0 +2.280782e-13
63 +0 +0 +0 +2.310463e-13
