0 +0 +0 +0 +1.379646e-08
1 +0 +0 +0 +2.492357e-08
2 +0 +0 +0 +1.375850e-08
3 +0 +0 +0 +8.023483e-09
4 +0 +0 +0 +5.004953e-09
5 +0 +0 +0 +3.163968e-09
6 +0 +0 +0 +2.079092e-09
7 +0 +0 +0 +1.404517e-09
8 +0 +0 +0 +9.371952e-10
9 +0 +0 +0 +6.229366e-10
10 +0 +0 +0 +4.109313e-10
11 +0 +0 +0 +2.869859e-10
12 +0 +0 +0 +1.952793e-10
13 +0 +0 +0 +1.255366e-10
14 +0 +0 +0 +8.430304e-11
15 +0 +0 +0 +5.562337e-11
16 +0 +0 +0 +3.663681e-11
17 +0 +0 +0 +2.456135e-11
18 +0 +0 +0 +1.363328e-11
19 +0 +0 +0 +1.252183e-11
20 +0 +0 +0 +8.426097e-12
21 +0 +0 +0 +2.843559e-12
22 +0 +0 +0 +1.107884e-12
23 +0 +0 +0 +1.265346e-12
24 +0 +0 +0 +9.101560e-13
25 +0 +0 +0 +5.947784e-13
26 +0 +0 +0 -1.083927e-12
27 +0 +0 +0 -1.027790e-12
28 +0 +0 +0 -4.276801e-13
29 +0 +0 +0 +2.864503e-13
30 +0 +0 +0 +3.786620e-13
31 +0 +0 +0 +5.904827e-13
32 +0 +0 +0 +3.705104e-14
33 +0 +0 +0 -3.181854e-13
34 +0 +0 +0 -1.072713e-13
35 +0 +0 +0 -3.757388e-13
36 +0 +0 +0 -3.131704e-13
37 +0 +0 +0 +1.485922e-13
38 +0 +0 +0 +1.588798e-13
39 +0 +0 +0 +2.289538e-13
40 +0 +0 +0 +1.345297e-13
41 +0 +0 +0 -1.293290e-13
42 +0 +0 +0 +3.725910e-13
43 +0 +0 +0 +1.567883e-13
44 +0 +0 +0 +2.065463e-13
45 +0 +0 +0 +3.298569e-13
46 +0 +0 +0 +3.045562e-13
47 +0 +0 +0 +3.233762e-13
48 +0 +0 +0 +4.047483e-13
49 +0 +0 +0 +3.066000e-13
50 +0 +0 +0 +2.201475e-13
51 +0 +0 +0 +1.060079e-13
52 +0 +0 +0 +4.051589e-14
53 +0 +0 +0 +5.870842e-14
54 +0 +0 +0 +8.175216e-14
55 +0 +0 +0 +5.617252e-14
56 +0 +0 +0 -4.794086e-14
57 +0 +0 +0 -4.179955e-14
58 +0 +0 +0 -9.286036e-14
59 +0 +0 +0 +1.904890e-14
60 +0 +0 +0 -1.232396e-14
61 +0 +0 +0 -1.376118e-14
62 +0 +0 +0 -7.780326e-14
63 +0 +0 +0 -7.689688e-14
