0 +0 +0 +0 +1.266211e-08
1 +0 +0 +0 +2.306470e-08
2 +0 +0 +0 +1.295257e-08
3 +0 +0 +0 +7.581543e-09
4 +0 +0 +0 +4.712410e-09
5 +0 +0 +0 +3.005098e-09
6 +0 +0 +0 +1.946893e-09
7 +0 +0 +0 +1.289416e-09
8 +0 +0 +0 +8.606381e-10
9 +0 +0 +0 +5.683354e-10
10 +0 +0 +0 +3.977178e-10
11 +0 +0 +0 +2.568428e-10
12 +0 +0 +0 +1.763750e-10
13 +0 +0 +0 +1.148226e-10
14 +0 +0 +0 +8.466099e-11
15 +0 +0 +0 +5.632117e-11
16 +0 +0 +0 +3.961648e-11
17 +0 +0 +0 +2.680043e-11
18 +0 +0 +0 +1.803259e-11
19 +0 +0 +0 +9.894658e-12
20 +0 +0 +0 +5.972769e-12
21 +0 +0 +0 +4.100678e-12
22 +0 +0 +0 +2.542002e-12
23 +0 +0 +0 +3.440680e-13
24 +0 +0 +0 -3.137361e-13
25 +0 +0 +0 -9.049194e-13
26 +0 +0 +0 -4.888756e-14
27 +0 +0 +0 -1.375381e-13
28 +0 +0 +0 +4.376909e-14
29 +0 +0 +0 +1.074588e-13
30 +0 +0 +0 -2.616491e-13
31 +0 +0 +0 +3.495917e-13
32 +0 +0 +0 -1.861162e-13
33 +0 +0 +0 -2.700923e-13
34 +0 +0 +0 +3.246518e-14
35 +0 +0 +0 +7.217745e-14
36 +0 +0 +0 -2.036983e-13
37 +0 +0 +0 +1.168814e-13
38 +0 +0 +0 +7.437608e-14
39 +0 +0 +0 -7.941390e-14
40 +0 +0 +0 +3.830251e-14
41 +0 +0 +0 +1.473053e-13
42 +0 +0 +0 +2.006316e-13
43 +0 +0 +0 +1.193560e-13
44 +0 +0 +0 +3.221644e-13
45 +0 +0 +0 +3.406400e-13
46 +0 +0 +0 +2.940699e-13
47 +0 +0 +0 +3.427009e-13
48 +0 +0 +0 +3.581404e-13
49 +0 +0 +0 +3.728152e-13
50 +0 +0 +0 +3.254453e-13
51 +0 +0 +0 +3.075264e-13
52 +0 +0 +0 +1.626034e-13
53 +0 +0 +0 +1.460884e-13
54 +0 +0 +0 -6.079371e-15
55 +0 +0 +0 -2.500524e-14
56 +0 +0 +0 +1.538422e-14
57 +0 +0 +0 -2.965921e-14
58 +0 +0 +0 -1.111616e-14
59 +0 +0 +0 -6.024033e-14
60 +0 +0 +0 -6.708139e-14
61 +0 +0 +0 -2.660200e-14
62 +0 +0 +0 +5.305926e-14
63 +0 +0 +0 +1.307913e-13
