0 +0 +0 +0 +1.359462e-08
1 +0 +0 +0 +2.450481e-08
2 +0 +0 +0 +1.389869e-08
3 +0 +0 +0 +8.201644e-09
4 +0 +0 +0 +5.174177e-09
5 +0 +0 +0 +3.269762e-09
6 +0 +0 +0 +2.150146e-09
7 +0 +0 +0 +1.378892e-09
8 +0 +0 +0 +9.281948e-10
9 +0 +0 +0 +6.228449e-10
10 +0 +0 +0 +4.335004e-10
11 +0 +0 +0 +2.861544e-10
12 +0 +0 +0 +1.870472e-10
13 +0 +0 +0 +1.342075e-10
14 +0 +0 +0 +9.805315e-11
15 +0 +0 +0 +6.569407e-11
16 +0 +0 +0 +4.486764e-11
17 +0 +0 +0 +3.144860e-11
18 +0 +0 +0 +2.246840e-11
19 +0 +0 +0 +1.631456e-11
20 +0 +0 +0 +9.735760e-12
21 +0 +0 +0 +8.652258e-12
22 +0 +0 +0 +6.777270e-12
23 +0 +0 +0 +4.753871e-12
24 +0 +0 +0 +2.389737e-12
25 +0 +0 +0 +1.383084e-12
26 +0 +0 +0 +1.276305e-12
27 +0 +0 +0 +7.044557e-13
28 +0 +0 +0 +3.858378e-13
29 +0 +0 +0 +1.066504e-12
30 +0 +0 +0 +5.077281e-13
31 +0 +0 +0 +2.210569e-13
32 +0 +0 +0 +8.500678e-13
33 +0 +0 +0 +7.754929e-13
34 +0 +0 +0 +6.784689e-13
35 +0 +0 +0 +2.670010e-13
36 +0 +0 +0 -4.311022e-14
37 +0 +0 +0 -2.873022e-13
38 +0 +0 +0 +2.247780e-14
39 +0 +0 +0 +3.145650e-14
40 +0 +0 +0 +1.875882e-13
41 +0 +0 +0 +1.618883e-13
42 +0 +0 +0 +1.789436e-13
43 +0 +0 +0 +2.786265e-14
44 +0 +0 +0 +1.623393e-13
45 +0 +0 +0 +1.636174e-13
46 +0 +0 +0 +1.758248e-13
47 +0 +0 +0 +1.363058e-13
48 +0 +0 +0 -1.721881e-14
49 +0 +0 +0 -1.298945e-13
50 +0 +0 +0 -5.610118e-14
51 +0 +0 +0 -2.338204e-15
52 +0 +0 +0 +2.951523e-14
53 +0 +0 +0 -7.431007e-14
54 +0 +0 +0 -2.198877e-13
55 +0 +0 +0 -1.769065e-13
56 +0 +0 +0 -7.518534e-14
57 +0 +0 +0 -1.051956e-13
58 +0 +0 +0 -8.818604e-14
59 +0 +0 +0 -5.759238e-14
60 +0 +0 +0 -8.435500e-14
61 +0 +0 +0 -4.593741e-14
62 +0 +0 +0 -6.997842e-15
63 +0 +0 +0 -5.983515e-14
