0 +0 +0 +0 +1.346022e-08
1 +0 +0 +0 +2.410951e-08
2 +0 +0 +0 +1.342957e-08
3 +0 +0 +0 +8.117938e-09
4 +0 +0 +0 +5.022657e-09
5 +0 +0 +0 +3.121313e-09
6 +0 +0 +0 +2.064575e-09
7 +0 +0 +0 +1.338179e-09
8 +0 +0 +0 +8.922769e-10
9 +0 +0 +0 +5.901714e-10
10 +0 +0 +0 +4.019827e-10
11 +0 +0 +0 +2.680809e-10
12 +0 +0 +0 +1.873541e-10
13 +0 +0 +0 +1.236127e-10
14 +0 +0 +0 +7.902338e-11
15 +0 +0 +0 +4.665269e-11
16 +0 +0 +0 +2.720844e-11
17 +0 +0 +0 +1.578770e-11
18 +0 +0 +0 +1.110830e-11
19 +0 +0 +0 +7.244156e-12
20 +0 +0 +0 +5.387638e-12
21 +0 +0 +0 +6.084431e-12
22 +0 +0 +0 +4.620827e-12
23 +0 +0 +0 +5.640201e-12
24 +0 +0 +0 +3.614281e-12
25 +0 +0 +0 +2.239300e-12
26 +0 +0 +0 +1.940625e-12
27 +0 +0 +0 +1.145542e-12
28 +0 +0 +0 +1.425586e-12
29 +0 +0 +0 +1.282274e-12
30 +0 +0 +0 +1.031809e-12
31 +0 +0 +0 +7.557927e-13
32 +0 +0 +0 +7.768813e-13
33 +0 +0 +0 +4.595279e-13
34 +0 +0 +0 +3.857247e-13
35 +0 +0 +0 +1.063536e-13
36 +0 +0 +0 -8.147573e-14
37 +0 +0 +0 -1.935416e-13
38 +0 +0 +0 -5.245443e-14
39 +0 +0 +0 -1.484541e-13
40 +0 +0 +0 -9.198736e-14
41 +0 +0 +0 -1.639934e-13
42 +0 +0 +0 -3.399750e-13
43 +0 +0 +0 -2.922885e-13
44 +0 +0 +0 -1.791118e-13
45 +0 +0 +0 -8.832643e-14
46 +0 +0 +0 -2.299286e-13
47 +0 +0 +0 -1.102844e-13
48 +0 +0 +0 -1.377168e-13
49 +0 +0 +0 -3.619101e-14
50 +0 +0 +0 -7.131209e-14
51 +0 +0 +0 -3.681667e-14
52 +0 +0 +0 +2.380240e-14
53 +0 +0 +0 -2.458274e-13
54 +0 +0 +0 -2.910668e-13
55 +0 +0 +0 -2.179649e-13
56 +0 +0 +0 -2.068928e-13
57 +0 +0 +0 -1.255149e-13
58 +0 +0 +0 -2.497856e-14
59 +0 +0 +0 +4.332145e-16
60 +0 +0 +0 +8.238108e-16
61 +0 +0 +0 +1.912241e-14
62 +0 +0 +0 +3.900102e-14
63 +0 +0 +0 -1.183936e-13
