0 +0 +0 +0 +1.295911e-08
1 +0 +0 +0 +2.389989e-08
2 +0 +0 +0 +1.315694e-08
3 +0 +0 +0 +7.742817e-09
4 +0 +0 +0 +4.895947e-09
5 +0 +0 +0 +3.117213e-09
6 +0 +0 +0 +1.986420e-09
7 +0 +0 +0 +1.306673e-09
8 +0 +0 +0 +8.515279e-10
9 +0 +0 +0 +5.619406e-10
10 +0 +0 +0 +3.972297e-10
11 +0 +0 +0 +2.704387e-10
12 +0 +0 +0 +1.891670e-10
13 +0 +0 +0 +1.334471e-10
14 +0 +0 +0 +8.862649e-11
15 +0 +0 +0 +6.255986e-11
16 +0 +0 +0 +4.589348e-11
17 +0 +0 +0 +3.052307e-11
18 +0 +0 +0 +2.375848e-11
19 +0 +0 +0 +1.463271e-11
20 +0 +0 +0 +1.114998e-11
21 +0 +0 +0 +8.999142e-12
22 +0 +0 +0 +5.583481e-12
23 +0 +0 +0 +4.645130e-12
24 +0 +0 +0 +4.836806e-12
25 +0 +0 +0 +5.255509e-12
26 +0 +0 +0 +3.959115e-12
27 +0 +0 +0 +2.815296e-12
28 +0 +0 +0 +2.851004e-12
29 +0 +0 +0 +2.521241e-12
30 +0 +0 +0 +1.763998e-12
31 +0 +0 +0 +1.044123e-12
32 +0 +0 +0 +7.730929e-13
33 +0 +0 +0 +7.448075e-13
34 +0 +0 +0 +6.483552e-14
35 +0 +0 +0 -2.217653e-13
36 +0 +0 +0 -5.085228e-13
37 +0 +0 +0 -1.533790e-13
38 +0 +0 +0 +4.820363e-14
39 +0 +0 +0 +1.788596e-13
40 +0 +0 +0 +1.041560e-13
41 +0 +0 +0 +1.468229e-13
42 +0 +0 +0 +2.940531e-13
43 +0 +0 +0 +5.753746e-14
44 +0 +0 +0 +1.082722e-13
45 +0 +0 +0 -1.149973e-13
46 +0 +0 +0 -4.142397e-14
47 +0 +0 +0 +1.167644e-13
48 +0 +0 +0 +3.250005e-14
49 +0 +0 +0 +9.628696e-14
50 +0 +0 +0 +1.380638e-13
51 +0 +0 +0 +2.528076e-13
52 +0 +0 +0 +1.689914e-13
53 +0 +0 +0 +2.229010e-13
54 +0 +0 +0 +2.459555e-13
55 +0 +0 +0 +1.938938e-13
56 +0 +0 +0 +8.357860e-14
57 +0 +0 +0 +9.176482e-14
58 +0 +0 +0 +2.727853e-14
59 +0 +0 +0 -1.098708e-13
60 +0 +0 +0 -9.122699e-14
61 +0 +0 +0 -8.848008e-14
62 +0 +0 +0 -3.915606e-14
63 +0 +0 +0 -5.860931e-14
