0 +0 +0 +0 +1.250211e-08
1 +0 +0 +0 +2.403048e-08
2 +0 +0 +0 +1.317880e-08
3 +0 +0 +0 +7.651182e-09
4 +0 +0 +0 +4.789946e-09
5 +0 +0 +0 +3.080087e-09
6 +0 +0 +0 +1.986884e-09
7 +0 +0 +0 +1.307869e-09
8 +0 +0 +0 +8.767906e-10
9 +0 +0 +0 +5.780835e-10
10 +0 +0 +0 +3.738795e-10
11 +0 +0 +0 +2.519834e-10
12 +0 +0 +0 +1.804857e-10
13 +0 +0 +0 +1.261102e-10
14 +0 +0 +0 +8.655863e-11
15 +0 +0 +0 +6.136430e-11
16 +0 +0 +0 +4.233800e-11
17 +0 +0 +0 +3.200746e-11
18 +0 +0 +0 +1.975889e-11
19 +0 +0 +0 +1.452307e-11
20 +0 +0 +0 +1.024696e-11
21 +0 +0 +0 +8.695268e-12
22 +0 +0 +0 +6.966371e-12
23 +0 +0 +0 +4.189978e-12
24 +0 +0 +0 +3.235162e-12
25 +0 +0 +0 +1.872109e-12
26 +0 +0 +0 +1.648437e-12
27 +0 +0 +0 +2.023237e-12
28 +0 +0 +0 +2.094149e-12
29 +0 +0 +0 +1.059432e-12
30 +0 +0 +0 +1.682669e-13
31 +0 +0 +0 -2.925139e-13
32 +0 +0 +0 -2.651721e-13
33 +0 +0 +0 -4.832025e-13
34 +0 +0 +0 -4.069998e-13
35 +0 +0 +0 -4.927415e-13
36 +0 +0 +0 -5.796585e-13
37 +0 +0 +0 -6.098596e-13
38 +0 +0 +0 -2.003166e-13
39 +0 +0 +0 +8.534584e-14
40 +0 +0 +0 +3.242030e-13
41 +0 +0 +0 -1.677818e-14
42 +0 +0 +0 -1.636391e-13
43 +0 +0 +0 -5.522431e-14
44 +0 +0 +0 -3.619991e-13
45 +0 +0 +0 -1.992711e-13
46 +0 +0 +0 -2.004421e-13
47 +0 +0 +0 -2.124721e-13
48 +0 +0 +0 -2.003163e-13
49 +0 +0 +0 -2.659225e-13
50 +0 +0 +0 -2.367102e-13
51 +0 +0 +0 -9.823328e-14
52 +0 +0 +0 +2.374279e-14
53 +0 +0 +0 +4.363750e-15
54 +0 +0 +0 -4.998220e-14
55 +0 +0 +0 +1.008448e-13
56 +0 +0 +0 +1.098391e-13
57 +0 +0 +0 +4.856505e-14
58 +0 +0 +0 +2.116898e-13
59 +0 +0 +0 +4.107939e-14
60 +0 +0 +0 +1.352568e-13
61 +0 +0 +0 +1.785348e-13
62 +0 +0 +0 +1.409703e-13
63 +0 +0 +0 +1.160520e-13
