0 +0 +0 +0 +1.314844e-08
1 +0 +0 +0 +2.470961e-08
2 +0 +0 +0 +1.364234e-08
3 +0 +0 +0 +8.118756e-09
4 +0 +0 +0 +4.957030e-09
5 +0 +0 +0 +3.225961e-09
6 +0 +0 +0 +2.069541e-09
7 +0 +0 +0 +1.372462e-09
8 +0 +0 +0 +9.229700e-10
9 +0 +0 +0 +6.161641e-10
10 +0 +0 +0 +4.099589e-10
11 +0 +0 +0 +2.791728e-10
12 +0 +0 +0 +1.868339e-10
13 +0 +0 +0 +1.313004e-10
14 +0 +0 +0 +8.505953e-11
15 +0 +0 +0 +5.808876e-11
16 +0 +0 +0 +3.415523e-11
17 +0 +0 +0 +2.336484e-11
18 +0 +0 +0 +1.429669e-11
19 +0 +0 +0 +4.300111e-12
20 +0 +0 +0 +1.419825e-12
21 +0 +0 +0 +9.282237e-13
22 +0 +0 +0 +4.843335e-13
23 +0 +0 +0 -6.852628e-13
24 +0 +0 +0 -7.335407e-13
25 +0 +0 +0 -8.911388e-13
26 +0 +0 +0 -3.145281e-13
27 +0 +0 +0 -1.809000e-13
28 +0 +0 +0 -5.720659e-13
29 +0 +0 +0 +2.641680e-14
30 +0 +0 +0 +6.707165e-13
31 +0 +0 +0 +4.408205e-13
32 +0 +0 +0 +6.388728e-15
33 +0 +0 +0 -1.671196e-13
34 +0 +0 +0 -4.530607e-13
35 +0 +0 +0 -6.564454e-14
36 +0 +0 +0 -1.384352e-14
37 +0 +0 +0 +2.603729e-13
38 +0 +0 +0 +2.952291e-13
39 +0 +0 +0 +2.366740e-13
40 +0 +0 +0 +1.607742e-13
41 +0 +0 +0 +3.356407e-13
42 +0 +0 +0 +2.456050e-13
43 +0 +0 +0 +5.299384e-14
44 +0 +0 +0 -5.054447e-14
45 +0 +0 +0 -2.768227e-13
46 +0 +0 +0 -2.362967e-13
47 +0 +0 +0 -1.249392e-13
48 +0 +0 +0 -1.794076e-13
49 +0 +0 +0 -2.091293e-13
50 +0 +0 +0 -5.440117e-14
51 +0 +0 +0 +3.645818e-14
52 +0 +0 +0 +1.242110e-13
53 +0 +0 +0 +1.282920e-13
54 +0 +0 +0 +2.409985e-14
55 +0 +0 +0 -3.965572e-14
56 +0 +0 +0 +7.282576e-14
57 +0 +0 +0 -1.138025e-14
58 +0 +0 +0 +4.856761e-14
59 +0 +0 +0 +6.165951e-14
60 +0 +0 +0 +1.593743e-13
61 +0 +0 +0 +2.161149e-13
62 +0 +0 +0 +1.816094e-13
63 +0 +0 +0 +4.970429e-14
