0 +0 +0 +0 +1.262823e-08
1 +0 +0 +0 +2.417862e-08
2 +0 +0 +0 +1.344206e-08
3 +0 +0 +0 +7.996486e-09
4 +0 +0 +0 +4.926107e-09
5 +0 +0 +0 +3.130482e-09
6 +0 +0 +0 +2.068329e-09
7 +0 +0 +0 +1.387785e-09
8 +0 +0 +0 +8.874120e-10
9 +0 +0 +0 +5.881092e-10
10 +0 +0 +0 +3.943312e-10
11 +0 +0 +0 +2.603599e-10
12 +0 +0 +0 +1.720288e-10
13 +0 +0 +0 +1.194487e-10
14 +0 +0 +0 +8.194750e-11
15 +0 +0 +0 +5.828536e-11
16 +0 +0 +0 +3.980235e-11
17 +0 +0 +0 +2.519323e-11
18 +0 +0 +0 +1.842385e-11
19 +0 +0 +0 +1.091225e-11
20 +0 +0 +0 +7.004481e-12
21 +0 +0 +0 +5.425262e-12
22 +0 +0 +0 +3.090030e-12
23 +0 +0 +0 +2.709518e-12
24 +0 +0 +0 +2.410382e-12
25 +0 +0 +0 +3.823425e-12
26 +0 +0 +0 +2.272893e-12
27 +0 +0 +0 +2.407574e-12
28 +0 +0 +0 +2.844101e-12
29 +0 +0 +0 +2.285143e-12
30 +0 +0 +0 +2.591447e-12
31 +0 +0 +0 +2.215468e-12
32 +0 +0 +0 +1.474578e-12
33 +0 +0 +0 +1.348403e-12
34 +0 +0 +0 +1.125915e-12
35 +0 +0 +0 +5.614114e-13
36 +0 +0 +0 +3.389670e-13
37 +0 +0 +0 -1.053689e-13
38 +0 +0 +0 +1.069963e-13
39 +0 +0 +0 -5.455809e-14
40 +0 +0 +0 -3.505009e-13
41 +0 +0 +0 -3.302564e-13
42 +0 +0 +0 -1.992579e-13
43 +0 +0 +0 +8.701465e-14
44 +0 +0 +0 +2.816903e-13
45 +0 +0 +0 +3.651049e-13
46 +0 +0 +0 +2.833604e-13
47 +0 +0 +0 -6.124407e-14
48 +0 +0 +0 -1.598254e-13
49 +0 +0 +0 -1.758111e-13
50 +0 +0 +0 +4.307569e-14
51 +0 +0 +0 +1.273673e-13
52 +0 +0 +0 +9.138591e-14
53 +0 +0 +0 +1.143456e-13
54 +0 +0 +0 +9.394397e-14
55 +0 +0 +0 +1.225217e-14
56 +0 +0 +0 -1.956616e-14
57 +0 +0 +0 -1.448442e-14
58 +0 +0 +0 +4.603067e-14
59 +0 +0 +0 -3.000432e-14
60 +0 +0 +0 -5.368359e-14
61 +0 +0 +0 -3.759476e-14
62 +0 +0 +0 -3.757003e-14
63 +0 +0 +0 +4.087702e-14
