0 +0 +0 +0 +1.348741e-08
1 +0 +0 +0 +2.543177e-08
2 +0 +0 +0 +1.385538e-08
3 +0 +0 +0 +8.276184e-09
4 +0 +0 +0 +5.143102e-09
5 +0 +0 +0 +3.272648e-09
6 +0 +0 +0 +2.163992e-09
7 +0 +0 +0 +1.422358e-09
8 +0 +0 +0 +9.569211e-10
9 +0 +0 +0 +6.281975e-10
10 +0 +0 +0 +4.328963e-10
11 +0 +0 +0 +3.019551e-10
12 +0 +0 +0 +2.065199e-10
13 +0 +0 +0 +1.421134e-10
14 +0 +0 +0 +9.659461e-11
15 +0 +0 +0 +6.044353e-11
16 +0 +0 +0 +4.089162e-11
17 +0 +0 +0 +2.762547e-11
18 +0 +0 +0 +1.948666e-11
19 +0 +0 +0 +1.431222e-11
20 +0 +0 +0 +8.260109e-12
21 +0 +0 +0 +5.061468e-12
22 +0 +0 +0 +4.694166e-12
23 +0 +0 +0 +2.692889e-12
24 +0 +0 +0 +1.472036e-12
25 +0 +0 +0 +9.286684e-13
26 +0 +0 +0 -4.785020e-13
27 +0 +0 +0 -1.113624e-12
28 +0 +0 +0 -6.516880e-13
29 +0 +0 +0 -4.470944e-13
30 +0 +0 +0 +2.814821e-13
31 +0 +0 +0 -1.595834e-13
32 +0 +0 +0 +9.456951e-15
33 +0 +0 +0 +2.004641e-13
34 +0 +0 +0 +3.651261e-13
35 +0 +0 +0 +4.011403e-14
36 +0 +0 +0 +9.722861e-14
37 +0 +0 +0 -1.613638e-14
38 +0 +0 +0 +1.531725e-13
39 +0 +0 +0 +1.118849e-13
40 +0 +0 +0 -1.947187e-13
41 +0 +0 +0 -1.182981e-15
42 +0 +0 +0 -5.221054e-14
43 +0 +0 +0 -9.337980e-14
44 +0 +0 +0 +7.932405e-15
45 +0 +0 +0 +1.423461e-13
46 +0 +0 +0 +1.504645e-13
47 +0 +0 +0 +6.613888e-14
48 +0 +0 +0 -7.150342e-14
49 +0 +0 +0 -1.169638e-13
50 +0 +0 +0 -1.762645e-13
51 +0 +0 +0 -7.384393e-14
52 +0 +0 +0 +1.430810e-14
53 +0 +0 +0 +2.786396e-14
54 +0 +0 +0 -1.617870e-13
55 +0 +0 +0 -6.369006e-14
56 +0 +0 +0 +4.101317e-14
57 +0 +0 +0 +2.508745e-14
58 +0 +0 +0 +4.310089e-14
59 +0 +0 +0 -3.479166e-14
60 +0 +0 +0 +3.352363e-14
61 +0 +0 +0 +7.427329e-14
62 +0 +0 +0 +9.616553e-14
63 +0 +0 +0 +1.220368e-13
