0 +0 +0 +0 +1.367519e-08
1 +0 +0 +0 +2.524312e-08
2 +0 +0 +0 +1.376763e-08
3 +0 +0 +0 +8.255498e-09
4 +0 +0 +0 +4.991102e-09
5 +0 +0 +0 +3.219249e-09
6 +0 +0 +0 +2.103209e-09
7 +0 +0 +0 +1.344409e-09
8 +0 +0 +0 +8.740762e-10
9 +0 +0 +0 +5.952285e-10
10 +0 +0 +0 +3.939884e-10
11 +0 +0 +0 +2.684378e-10
12 +0 +0 +0 +1.844926e-10
13 +0 +0 +0 +1.202781e-10
14 +0 +0 +0 +7.775270e-11
15 +0 +0 +0 +5.343294e-11
16 +0 +0 +0 +3.705190e-11
17 +0 +0 +0 +2.325381e-11
18 +0 +0 +0 +1.878935e-11
19 +0 +0 +0 +1.431438e-11
20 +0 +0 +0 +9.856628e-12
21 +0 +0 +0 +8.871931e-12
22 +0 +0 +0 +6.167079e-12
23 +0 +0 +0 +4.870130e-12
24 +0 +0 +0 +4.240620e-12
25 +0 +0 +0 +2.170122e-12
26 +0 +0 +0 +1.800757e-12
27 +0 +0 +0 +2.751367e-12
28 +0 +0 +0 +1.365128e-12
29 +0 +0 +0 +1.200340e-12
30 +0 +0 +0 +7.388132e-13
31 +0 +0 +0 +2.470721e-13
32 +0 +0 +0 -6.139297e-13
33 +0 +0 +0 -5.157293e-15
34 +0 +0 +0 +3.690414e-14
35 +0 +0 +0 -4.185808e-13
36 +0 +0 +0 -2.953424e-13
37 +0 +0 +0 -4.247625e-13
38 +0 +0 +0 -1.755153e-13
39 +0 +0 +0 -2.403281e-13
40 +0 +0 +0 -2.624933e-13
41 +0 +0 +0 -1.344466e-13
42 +0 +0 +0 -1.643238e-13
43 +0 +0 +0 -3.578955e-13
44 +0 +0 +0 -1.072527e-13
45 +0 +0 +0 -6.293190e-14
46 +0 +0 +0 -2.165254e-13
47 +0 +0 +0 +5.929952e-15
48 +0 +0 +0 +1.113852e-13
49 +0 +0 +0 -1.216619e-13
50 +0 +0 +0 -9.358554e-14
51 +0 +0 +0 -1.335188e-13
52 +0 +0 +0 -2.924599e-13
53 +0 +0 +0 -3.279189e-13
54 +0 +0 +0 -3.224181e-13
55 +0 +0 +0 -2.475840e-13
56 +0 +0 +0 -1.150605e-13
57 +0 +0 +0 -1.620335e-13
58 +0 +0 +0 -1.203432e-13
59 +0 +0 +0 +2.065537e-14
60 +0 +0 +0 +6.069049e-14
61 +0 +0 +0 +1.628566e-14
62 +0 +0 +0 -8.768918e-15
63 +0 +0 +0 -1.937702e-15
