0 +0 +0 +0 +1.408492e-08
1 +0 +0 +0 +2.574246e-08
2 +0 +0 +0 +1.433220e-08
3 +0 +0 +0 +8.554280e-09
4 +0 +0 +0 +5.239961e-09
5 +0 +0 +0 +3.294307e-09
6 +0 +0 +0 +2.136274e-09
7 +0 +0 +0 +1.406311e-09
8 +0 +0 +0 +9.151018e-10
9 +0 +0 +0 +6.066419e-10
10 +0 +0 +0 +4.072224e-10
11 +0 +0 +0 +2.713358e-10
12 +0 +0 +0 +1.859503e-10
13 +0 +0 +0 +1.165488e-10
14 +0 +0 +0 +7.794414e-11
15 +0 +0 +0 +5.230702e-11
16 +0 +0 +0 +3.617621e-11
17 +0 +0 +0 +2.527094e-11
18 +0 +0 +0 +1.567002e-11
19 +0 +0 +0 +1.238528e-11
20 +0 +0 +0 +9.143035e-12
21 +0 +0 +0 +5.945889e-12
22 +0 +0 +0 +4.665376e-12
23 +0 +0 +0 +2.828451e-12
24 +0 +0 +0 +1.304082e-12
25 +0 +0 +0 +1.347391e-12
26 +0 +0 +0 +3.481756e-13
27 +0 +0 +0 +1.547100e-12
28 +0 +0 +0 +1.213583e-12
29 +0 +0 +0 +9.816755e-13
30 +0 +0 +0 +5.889196e-13
31 +0 +0 +0 +8.356696e-13
32 +0 +0 +0 +1.234114e-12
33 +0 +0 +0 +9.691553e-13
34 +0 +0 +0 +6.783138e-13
35 +0 +0 +0 +9.151768e-13
36 +0 +0 +0 +6.130367e-13
37 +0 +0 +0 +4.288574e-13
38 +0 +0 +0 +7.459944e-13
39 +0 +0 +0 +6.643156e-13
40 +0 +0 +0 +6.800505e-13
41 +0 +0 +0 +2.316134e-13
42 +0 +0 +0 +5.149316e-13
43 +0 +0 +0 +1.897799e-13
44 +0 +0 +0 +2.023249e-14
45 +0 +0 +0 +1.152958e-13
46 +0 +0 +0 +1.428915e-13
47 +0 +0 +0 -1.380821e-13
48 +0 +0 +0 +3.349954e-14
49 +0 +0 +0 -4.675079e-14
50 +0 +0 +0 +5.295424e-14
51 +0 +0 +0 -7.084288e-15
52 +0 +0 +0 -1.155645e-13
53 +0 +0 +0 -5.375005e-14
54 +0 +0 +0 -8.090957e-14
55 +0 +0 +0 -1.251323e-13
56 +0 +0 +0 -1.691806e-13
57 +0 +0 +0 -4.224604e-14
58 +0 +0 +0 -7.663070e-14
59 +0 +0 +0 -5.482071e-14
60 +0 +0 +0 -4.029069e-14
61 +0 +0 +0 -4.146922e-14
62 +0 +0 +0 +4.096718e-14
63 +0 +0 +0 +5.038222e-14
