0 +0 +0 +0 +1.319120e-08
1 +0 +0 +0 +2.467441e-08
2 +0 +0 +0 +1.351945e-08
3 +0 +0 +0 +7.890637e-09
4 +0 +0 +0 +4.859539e-09
5 +0 +0 +0 +3.058667e-09
6 +0 +0 +0 +1.992865e-09
7 +0 +0 +0 +1.331235e-09
8 +0 +0 +0 +8.702917e-10
9 +0 +0 +0 +6.059658e-10
10 +0 +0 +0 +3.958061e-10
11 +0 +0 +0 +2.766707e-10
12 +0 +0 +0 +1.852318e-10
13 +0 +0 +0 +1.257282e-10
14 +0 +0 +0 +8.332075e-11
15 +0 +0 +0 +5.661467e-11
16 +0 +0 +0 +3.929870e-11
17 +0 +0 +0 +2.528429e-11
18 +0 +0 +0 +1.548215e-11
19 +0 +0 +0 +1.035797e-11
20 +0 +0 +0 +6.342637e-12
21 +0 +0 +0 +6.699867e-12
22 +0 +0 +0 +3.926398e-12
23 +0 +0 +0 +8.119732e-13
24 +0 +0 +0 +1.385512e-12
25 +0 +0 +0 +1.383099e-12
26 +0 +0 +0 +1.565991e-12
27 +0 +0 +0 +1.066074e-12
28 +0 +0 +0 +1.160687e-12
29 +0 +0 +0 +1.718086e-13
30 +0 +0 +0 -4.436977e-13
31 +0 +0 +0 +3.130200e-13
32 +0 +0 +0 -6.514643e-13
33 +0 +0 +0 -3.351652e-13
34 +0 +0 +0 +1.864247e-14
35 +0 +0 +0 +2.011521e-13
36 +0 +0 +0 -3.153786e-14
37 +0 +0 +0 +3.037694e-13
38 +0 +0 +0 +1.198734e-13
39 +0 +0 +0 +4.055431e-13
40 +0 +0 +0 +2.379475e-13
41 +0 +0 +0 +3.554449e-13
42 +0 +0 +0 +3.283248e-13
43 +0 +0 +0 +2.979742e-13
44 +0 +0 +0 +2.512369e-13
45 +0 +0 +0 +2.608179e-13
46 +0 +0 +0 +1.713989e-14
47 +0 +0 +0 -1.540760e-13
48 +0 +0 +0 +7.188035e-14
49 +0 +0 +0 +1.401839e-13
50 +0 +0 +0 +1.839304e-13
51 +0 +0 +0 +2.005923e-13
52 +0 +0 +0 +1.509777e-13
53 +0 +0 +0 +1.359940e-13
54 +0 +0 +0 +7.284614e-14
55 +0 +0 +0 +2.408236e-13
56 +0 +0 +0 +1.494909e-13
57 +0 +0 +0 -7.660559e-14
58 +0 +0 +0 -7.126269e-14
59 +0 +0 +0 -7.142100e-14
60 +0 +0 +0 -1.691042e-13
61 +0 +0 +0 -5.855086e-14
62 +0 +0 +0 +3.257456e-14
63 +0 +0 +0 +1.137678e-13
