0 +0 +0 +0 +1.299671e-08
1 +0 +0 +0 +2.366338e-08
2 +0 +0 +0 +1.310192e-08
3 +0 +0 +0 +7.776446e-09
4 +0 +0 +0 +4.805674e-09
5 +0 +0 +0 +3.027303e-09
6 +0 +0 +0 +1.972527e-09
7 +0 +0 +0 +1.292582e-09
8 +0 +0 +0 +8.430785e-10
9 +0 +0 +0 +5.711685e-10
10 +0 +0 +0 +3.967183e-10
11 +0 +0 +0 +2.629830e-10
12 +0 +0 +0 +1.749253e-10
13 +0 +0 +0 +1.149406e-10
14 +0 +0 +0 +7.181991e-11
15 +0 +0 +0 +5.026800e-11
16 +0 +0 +0 +3.531655e-11
17 +0 +0 +0 +2.445508e-11
18 +0 +0 +0 +1.649664e-11
19 +0 +0 +0 +1.097883e-11
20 +0 +0 +0 +5.275769e-12
21 +0 +0 +0 +2.751254e-12
22 +0 +0 +0 +1.402274e-14
23 +0 +0 +0 +3.115202e-13
24 +0 +0 +0 -5.544817e-13
25 +0 +0 +0 +2.881874e-13
26 +0 +0 +0 +6.079779e-13
27 +0 +0 +0 +1.295450e-12
28 +0 +0 +0 +2.171794e-12
29 +0 +0 +0 +1.594622e-12
30 +0 +0 +0 +1.799437e-12
31 +0 +0 +0 +1.219967e-12
32 +0 +0 +0 +7.005998e-13
33 +0 +0 +0 +3.604224e-13
34 +0 +0 +0 +1.277776e-13
35 +0 +0 +0 +8.115507e-13
36 +0 +0 +0 +9.903577e-13
37 +0 +0 +0 +6.463404e-13
38 +0 +0 +0 +8.151332e-13
39 +0 +0 +0 +4.741098e-13
40 +0 +0 +0 +6.790205e-13
41 +0 +0 +0 +5.362259e-13
42 +0 +0 +0 +2.590404e-13
43 +0 +0 +0 +1.489566e-13
44 +0 +0 +0 +4.930440e-14
45 +0 +0 +0 +1.066296e-13
46 +0 +0 +0 +1.284816e-14
47 +0 +0 +0 +5.288987e-14
48 +0 +0 +0 +1.595249e-13
49 +0 +0 +0 +2.922548e-13
50 +0 +0 +0 +1.460450e-13
51 +0 +0 +0 +5.896777e-14
52 +0 +0 +0 +2.062575e-14
53 +0 +0 +0 -5.629895e-14
54 +0 +0 +0 -9.843257e-14
55 +0 +0 +0 -1.634297e-13
56 +0 +0 +0 -1.795216e-13
57 +0 +0 +0 -1.517961e-13
58 +0 +0 +0 -9.553353e-14
59 +0 +0 +0 -4.424934e-14
60 +0 +0 +0 -5.181003e-14
61 +0 +0 +0 -6.053308e-14
62 +0 +0 +0 -2.884158e-14
63 +0 +0 +0 -8.415348e-15
