0 +0 +0 +0 +1.400621e-08
1 +0 +0 +0 +2.471910e-08
2 +0 +0 +0 +1.360347e-08
3 +0 +0 +0 +8.156583e-09
4 +0 +0 +0 +5.078613e-09
5 +0 +0 +0 +3.213587e-09
6 +0 +0 +0 +2.054708e-09
7 +0 +0 +0 +1.365311e-09
8 +0 +0 +0 +9.317368e-10
9 +0 +0 +0 +6.037992e-10
10 +0 +0 +0 +4.099297e-10
11 +0 +0 +0 +2.792302e-10
12 +0 +0 +0 +1.904722e-10
13 +0 +0 +0 +1.307576e-10
14 +0 +0 +0 +9.797695e-11
15 +0 +0 +0 +6.125631e-11
16 +0 +0 +0 +3.695375e-11
17 +0 +0 +0 +2.454268e-11
18 +0 +0 +0 +1.621633e-11
19 +0 +0 +0 +1.039024e-11
20 +0 +0 +0 +7.005368e-12
21 +0 +0 +0 +4.696149e-12
22 +0 +0 +0 +3.149065e-12
23 +0 +0 +0 +2.842901e-12
24 +0 +0 +0 +2.014448e-12
25 +0 +0 +0 +1.667131e-12
26 +0 +0 +0 +2.165229e-12
27 +0 +0 +0 +1.949984e-12
28 +0 +0 +0 +1.818266e-12
29 +0 +0 +0 +1.080061e-12
30 +0 +0 +0 +3.497536e-13
31 +0 +0 +0 +5.279883e-13
32 +0 +0 +0 +5.751947e-13
33 +0 +0 +0 +9.788408e-15
34 +0 +0 +0 -1.393626e-13
35 +0 +0 +0 -2.244783e-13
36 +0 +0 +0 -1.924203e-13
37 +0 +0 +0 -4.314767e-13
38 +0 +0 +0 -3.661086e-13
39 +0 +0 +0 -3.849477e-13
40 +0 +0 +0 -1.784465e-13
41 +0 +0 +0 -2.144380e-13
42 +0 +0 +0 -3.949158e-13
43 +0 +0 +0 -1.129197e-13
44 +0 +0 +0 -1.172137e-14
45 +0 +0 +0 +1.412675e-13
46 +0 +0 +0 +3.920041e-14
47 +0 +0 +0 +9.964966e-14
48 +0 +0 +0 -2.566498e-13
49 +0 +0 +0 -1.377203e-13
50 +0 +0 +0 -1.328582e-13
51 +0 +0 +0 -1.373370e-13
52 +0 +0 +0 -1.791800e-13
53 +0 +0 +0 -2.671349e-13
54 +0 +0 +0 -2.767502e-13
55 +0 +0 +0 -1.323885e-13
56 +0 +0 +0 -6.686825e-14
57 +0 +0 +0 -1.559447e-13
58 +0 +0 +0 -9.839587e-14
59 +0 +0 +0 -1.333390e-13
60 +0 +0 +0 -9.765024e-14
61 +0 +0 +0 -8.368962e-14
62 +0 +0 +0 -4.858797e-14
63 +0 +0 +0 -2.230629e-14
