0 +0 +0 +0 +1.334557e-08
1 +0 +0 +0 +2.447191e-08
2 +0 +0 +0 +1.362611e-08
3 +0 +0 +0 +7.824679e-09
4 +0 +0 +0 +4.849039e-09
5 +0 +0 +0 +3.024723e-09
6 +0 +0 +0 +1.943263e-09
7 +0 +0 +0 +1.299406e-09
8 +0 +0 +0 +8.493090e-10
9 +0 +0 +0 +5.779784e-10
10 +0 +0 +0 +3.865206e-10
11 +0 +0 +0 +2.626381e-10
12 +0 +0 +0 +1.783355e-10
13 +0 +0 +0 +1.197416e-10
14 +0 +0 +0 +8.073329e-11
15 +0 +0 +0 +5.534602e-11
16 +0 +0 +0 +3.512239e-11
17 +0 +0 +0 +2.433657e-11
18 +0 +0 +0 +1.404819e-11
19 +0 +0 +0 +9.157031e-12
20 +0 +0 +0 +6.582635e-12
21 +0 +0 +0 +6.316125e-12
22 +0 +0 +0 +3.916518e-12
23 +0 +0 +0 +2.417294e-12
24 +0 +0 +0 -1.044990e-12
25 +0 +0 +0 -2.859425e-13
26 +0 +0 +0 -5.067152e-13
27 +0 +0 +0 -3.500718e-13
28 +0 +0 +0 -5.923340e-14
29 +0 +0 +0 -5.443444e-13
30 +0 +0 +0 -3.619308e-13
31 +0 +0 +0 -6.069326e-13
32 +0 +0 +0 -1.774814e-13
33 +0 +0 +0 -1.432137e-13
34 +0 +0 +0 +1.002995e-13
35 +0 +0 +0 +7.944815e-14
36 +0 +0 +0 -1.167048e-13
37 +0 +0 +0 -1.253586e-13
38 +0 +0 +0 +7.744996e-14
39 +0 +0 +0 -9.637451e-14
40 +0 +0 +0 -1.705039e-13
41 +0 +0 +0 -3.044949e-13
42 +0 +0 +0 +1.643702e-13
43 +0 +0 +0 +9.012638e-15
44 +0 +0 +0 -2.093392e-14
45 +0 +0 +0 -6.183609e-15
46 +0 +0 +0 +1.203612e-13
47 +0 +0 +0 +1.482496e-13
48 +0 +0 +0 -1.162954e-14
49 +0 +0 +0 +1.163275e-13
50 +0 +0 +0 +5.075726e-14
51 +0 +0 +0 +5.580439e-14
52 +0 +0 +0 +1.210351e-13
53 +0 +0 +0 +6.119437e-14
54 +0 +0 +0 +2.539664e-13
55 +0 +0 +0 +6.816593e-14
56 +0 +0 +0 +3.275085e-15
57 +0 +0 +0 -8.179642e-15
58 +0 +0 +0 +7.419352e-15
59 +0 +0 +0 -7.921066e-14
60 +0 +0 +0 -1.024184e-13
61 +0 +0 +0 -2.375258e-13
62 +0 +0 +0 -1.156574e-13
63 +0 +0 +0 +1.291616e-14
