0 +0 +0 +0 +1.304506e-08
1 +0 +0 +0 +2.400887e-08
2 +0 +0 +0 +1.360744e-08
3 +0 +0 +0 +8.020641e-09
4 +0 +0 +0 +4.959036e-09
5 +0 +0 +0 +3.230339e-09
6 +0 +0 +0 +2.090588e-09
7 +0 +0 +0 +1.387052e-09
8 +0 +0 +0 +9.288565e-10
9 +0 +0 +0 +6.150197e-10
10 +0 +0 +0 +4.110606e-10
11 +0 +0 +0 +2.790911e-10
12 +0 +0 +0 +1.840128e-10
13 +0 +0 +0 +1.203544e-10
14 +0 +0 +0 +8.511475e-11
15 +0 +0 +0 +5.773378e-11
16 +0 +0 +0 +3.728704e-11
17 +0 +0 +0 +2.567808e-11
18 +0 +0 +0 +1.761137e-11
19 +0 +0 +0 +1.008352e-11
20 +0 +0 +0 +7.120001e-12
21 +0 +0 +0 +6.397247e-12
22 +0 +0 +0 +4.051470e-12
23 +0 +0 +0 +2.935665e-12
24 +0 +0 +0 +2.393106e-12
25 +0 +0 +0 +1.707034e-12
26 +0 +0 +0 +5.467827e-13
27 +0 +0 +0 -6.261103e-14
28 +0 +0 +0 +3.936561e-14
29 +0 +0 +0 -2.087404e-14
30 +0 +0 +0 +1.300281e-13
31 +0 +0 +0 -7.542161e-13
32 +0 +0 +0 -4.244707e-13
33 +0 +0 +0 +2.249731e-14
34 +0 +0 +0 +1.874867e-13
35 +0 +0 +0 +5.340352e-13
36 +0 +0 +0 +8.408755e-13
37 +0 +0 +0 +8.763277e-13
38 +0 +0 +0 +5.413613e-13
39 +0 +0 +0 +5.145550e-13
40 +0 +0 +0 +4.124362e-13
41 +0 +0 +0 -9.102630e-14
42 +0 +0 +0 -1.277879e-13
43 +0 +0 +0 +3.991432e-14
44 +0 +0 +0 +1.162814e-13
45 +0 +0 +0 +2.043049e-13
46 +0 +0 +0 +8.955474e-14
47 +0 +0 +0 +6.012001e-14
48 +0 +0 +0 +5.674487e-14
49 +0 +0 +0 -1.377865e-14
50 +0 +0 +0 +1.763290e-13
51 +0 +0 +0 +1.163818e-13
52 +0 +0 +0 +5.901572e-14
53 +0 +0 +0 -8.263444e-16
54 +0 +0 +0 +2.438110e-14
55 +0 +0 +0 +1.085429e-13
56 +0 +0 +0 +4.410628e-15
57 +0 +0 +0 +7.799870e-14
58 +0 +0 +0 +6.402734e-14
59 +0 +0 +0 +1.147473e-13
60 +0 +0 +0 +4.205998e-14
61 +0 +0 +0 -2.074063e-15
62 +0 +0 +0 +7.845365e-14
63 +0 +0 +0 +8.660152e-14
