0 +0 +0 +0 +1.363353e-08
1 +0 +0 +0 +2.490829e-08
2 +0 +0 +0 +1.360065e-08
3 +0 +0 +0 +8.130655e-09
4 +0 +0 +0 +4.966919e-09
5 +0 +0 +0 +3.170356e-09
6 +0 +0 +0 +2.018804e-09
7 +0 +0 +0 +1.320139e-09
8 +0 +0 +0 +8.787803e-10
9 +0 +0 +0 +5.931200e-10
10 +0 +0 +0 +4.040235e-10
11 +0 +0 +0 +2.741012e-10
12 +0 +0 +0 +1.872616e-10
13 +0 +0 +0 +1.260054e-10
14 +0 +0 +0 +8.558623e-11
15 +0 +0 +0 +5.668152e-11
16 +0 +0 +0 +4.144021e-11
17 +0 +0 +0 +2.881893e-11
18 +0 +0 +0 +1.978540e-11
19 +0 +0 +0 +1.443127e-11
20 +0 +0 +0 +9.191110e-12
21 +0 +0 +0 +5.517726e-12
22 +0 +0 +0 +3.851560e-12
23 +0 +0 +0 +1.368505e-12
24 +0 +0 +0 -1.709189e-13
25 +0 +0 +0 -1.847057e-14
26 +0 +0 +0 +2.880086e-13
27 +0 +0 +0 +1.010824e-12
28 +0 +0 +0 +3.522531e-13
29 +0 +0 +0 -1.675712e-13
30 +0 +0 +0 +6.159096e-13
31 +0 +0 +0 +8.832885e-13
32 +0 +0 +0 +1.086524e-13
33 +0 +0 +0 +5.190672e-13
34 +0 +0 +0 +5.918476e-13
35 +0 +0 +0 +3.508085e-13
36 +0 +0 +0 +6.925853e-13
37 +0 +0 +0 +8.111567e-13
38 +0 +0 +0 +6.333301e-13
39 +0 +0 +0 +8.397299e-13
40 +0 +0 +0 +7.979231e-13
41 +0 +0 +0 +6.755562e-13
42 +0 +0 +0 +5.410551e-13
43 +0 +0 +0 +3.815324e-13
44 +0 +0 +0 +3.265357e-13
45 +0 +0 +0 +2.236154e-13
46 +0 +0 +0 +2.250942e-13
47 +0 +0 +0 +1.485562e-13
48 +0 +0 +0 -8.553714e-15
49 +0 +0 +0 -1.522023e-13
50 +0 +0 +0 +5.807379e-14
51 +0 +0 +0 -8.390228e-14
52 +0 +0 +0 -1.238183e-13
53 +0 +0 +0 +3.774274e-14
54 +0 +0 +0 -8.163004e-14
55 +0 +0 +0 -6.104355e-14
56 +0 +0 +0 -5.777888e-14
57 +0 +0 +0 +6.336830e-16
58 +0 +0 +0 -1.221408e-13
59 +0 +0 +0 -1.760538e-13
60 +0 +0 +0 -1.309976e-13
61 +0 +0 +0 -2.219815e-13
62 +0 +0 +0 -2.246408e-13
63 +0 +0 +0 -1.202807e-13
