0 +0 +0 +0 +1.339832e-08
1 +0 +0 +0 +2.401396e-08
2 +0 +0 +0 +1.346817e-08
3 +0 +0 +0 +8.005414e-09
4 +0 +0 +0 +4.820802e-09
5 +0 +0 +0 +3.079807e-09
6 +0 +0 +0 +2.079433e-09
7 +0 +0 +0 +1.359456e-09
8 +0 +0 +0 +8.893831e-10
9 +0 +0 +0 +6.030456e-10
10 +0 +0 +0 +4.074873e-10
11 +0 +0 +0 +2.800459e-10
12 +0 +0 +0 +1.950716e-10
13 +0 +0 +0 +1.360039e-10
14 +0 +0 +0 +9.295339e-11
15 +0 +0 +0 +6.420139e-11
16 +0 +0 +0 +4.239783e-11
17 +0 +0 +0 +2.854837e-11
18 +0 +0 +0 +1.830787e-11
19 +0 +0 +0 +1.308237e-11
20 +0 +0 +0 +1.050258e-11
21 +0 +0 +0 +9.457863e-12
22 +0 +0 +0 +8.795404e-12
23 +0 +0 +0 +7.010469e-12
24 +0 +0 +0 +6.632070e-12
25 +0 +0 +0 +4.447391e-12
26 +0 +0 +0 +3.622264e-12
27 +0 +0 +0 +2.278315e-12
28 +0 +0 +0 +2.005829e-12
29 +0 +0 +0 +1.144786e-12
30 +0 +0 +0 +9.914480e-13
31 +0 +0 +0 +7.261084e-13
32 +0 +0 +0 -1.443991e-13
33 +0 +0 +0 -1.173014e-13
34 +0 +0 +0 -2.885752e-13
35 +0 +0 +0 -4.795950e-13
36 +0 +0 +0 -4.557994e-13
37 +0 +0 +0 -2.581453e-13
38 +0 +0 +0 -1.392898e-13
39 +0 +0 +0 +1.752401e-13
40 +0 +0 +0 -2.049174e-14
41 +0 +0 +0 +8.162917e-14
42 +0 +0 +0 -9.183332e-14
43 +0 +0 +0 -1.668470e-13
44 +0 +0 +0 +1.499631e-13
45 +0 +0 +0 +3.664887e-13
46 +0 +0 +0 +9.568394e-14
47 +0 +0 +0 +1.378607e-14
48 +0 +0 +0 -1.035605e-13
49 +0 +0 +0 -1.581012e-13
50 +0 +0 +0 -1.348528e-14
51 +0 +0 +0 -4.137243e-14
52 +0 +0 +0 -6.263868e-15
53 +0 +0 +0 +5.402622e-14
54 +0 +0 +0 +1.922506e-13
55 +0 +0 +0 +2.310373e-13
56 +0 +0 +0 +1.855050e-13
57 +0 +0 +0 -4.687398e-14
58 +0 +0 +0 -5.122449e-15
59 +0 +0 +0 -7.526206e-14
60 +0 +0 +0 -1.847709e-13
61 +0 +0 +0 -1.761331e-13
62 +0 +0 +0 -1.361756e-13
63 +0 +0 +0 -1.184780e-13
