0 +0 +0 +0 +1.359267e-08
1 +0 +0 +0 +2.452600e-08
2 +0 +0 +0 +1.368274e-08
3 +0 +0 +0 +8.032373e-09
4 +0 +0 +0 +4.989902e-09
5 +0 +0 +0 +3.146852e-09
6 +0 +0 +0 +2.000877e-09
7 +0 +0 +0 +1.319971e-09
8 +0 +0 +0 +8.680383e-10
9 +0 +0 +0 +5.769553e-10
10 +0 +0 +0 +3.753743e-10
11 +0 +0 +0 +2.520397e-10
12 +0 +0 +0 +1.733856e-10
13 +0 +0 +0 +1.169389e-10
14 +0 +0 +0 +8.335431e-11
15 +0 +0 +0 +4.951630e-11
16 +0 +0 +0 +2.976219e-11
17 +0 +0 +0 +2.024335e-11
18 +0 +0 +0 +1.310388e-11
19 +0 +0 +0 +7.420471e-12
20 +0 +0 +0 +3.954919e-12
21 +0 +0 +0 +3.698748e-12
22 +0 +0 +0 +3.219915e-12
23 +0 +0 +0 +2.677537e-12
24 +0 +0 +0 +1.709385e-12
25 +0 +0 +0 +1.386536e-12
26 +0 +0 +0 +1.784451e-12
27 +0 +0 +0 +1.673654e-12
28 +0 +0 +0 +9.154947e-13
29 +0 +0 +0 +9.715369e-13
30 +0 +0 +0 +7.783949e-13
31 +0 +0 +0 +8.138314e-13
32 +0 +0 +0 +5.692691e-13
33 +0 +0 +0 +8.697742e-13
34 +0 +0 +0 +5.490479e-13
35 +0 +0 +0 -2.151495e-13
36 +0 +0 +0 -3.042740e-13
37 +0 +0 +0 -4.832463e-13
38 +0 +0 +0 -9.001231e-14
39 +0 +0 +0 +6.897540e-14
40 +0 +0 +0 +6.902848e-14
41 +0 +0 +0 +3.146661e-13
42 +0 +0 +0 +4.226280e-13
43 +0 +0 +0 +3.546810e-13
44 +0 +0 +0 +4.023640e-13
45 +0 +0 +0 +3.322651e-13
46 +0 +0 +0 +2.648311e-13
47 +0 +0 +0 +2.590176e-13
48 +0 +0 +0 +1.890125e-13
49 +0 +0 +0 +1.260220e-13
50 +0 +0 +0 +8.834989e-14
51 +0 +0 +0 +1.802510e-13
52 +0 +0 +0 +5.750960e-14
53 +0 +0 +0 -3.988149e-14
54 +0 +0 +0 -6.795453e-14
55 +0 +0 +0 +1.024817e-14
56 +0 +0 +0 +2.033667e-14
57 +0 +0 +0 +3.464611e-14
58 +0 +0 +0 -2.178473e-14
59 +0 +0 +0 +1.518854e-14
60 +0 +0 +0 -1.892703e-15
61 +0 +0 +0 +5.755309e-15
62 +0 +0 +0 +5.986480e-14
63 +0 +0 +0 +2.063645e-14
