0 +0 +0 +0 +1.382206e-08
1 +0 +0 +0 +2.449699e-08
2 +0 +0 +0 +1.357474e-08
3 +0 +0 +0 +7.950825e-09
4 +0 +0 +0 +5.090765e-09
5 +0 +0 +0 +3.213496e-09
6 +0 +0 +0 +2.068482e-09
7 +0 +0 +0 +1.368390e-09
8 +0 +0 +0 +8.792724e-10
9 +0 +0 +0 +5.890461e-10
10 +0 +0 +0 +3.970229e-10
11 +0 +0 +0 +2.580212e-10
12 +0 +0 +0 +1.724303e-10
13 +0 +0 +0 +1.142816e-10
14 +0 +0 +0 +8.341842e-11
15 +0 +0 +0 +5.541085e-11
16 +0 +0 +0 +3.731645e-11
17 +0 +0 +0 +2.613547e-11
18 +0 +0 +0 +1.624391e-11
19 +0 +0 +0 +1.593037e-11
20 +0 +0 +0 +1.283220e-11
21 +0 +0 +0 +9.660829e-12
22 +0 +0 +0 +5.859264e-12
23 +0 +0 +0 +3.412920e-12
24 +0 +0 +0 +3.992431e-12
25 +0 +0 +0 +2.696964e-12
26 +0 +0 +0 +1.879207e-12
27 +0 +0 +0 +2.187529e-12
28 +0 +0 +0 +2.233691e-12
29 +0 +0 +0 +2.340937e-12
30 +0 +0 +0 +6.732345e-13
31 +0 +0 +0 +6.567520e-13
32 +0 +0 +0 +4.758436e-13
33 +0 +0 +0 -1.795850e-13
34 +0 +0 +0 -2.412390e-13
35 +0 +0 +0 +4.432842e-14
36 +0 +0 +0 +1.224287e-13
37 +0 +0 +0 +6.161340e-13
38 +0 +0 +0 +1.328596e-13
39 +0 +0 +0 +7.673035e-14
40 +0 +0 +0 -8.681039e-14
41 +0 +0 +0 -1.243094e-13
42 +0 +0 +0 +2.456662e-13
43 +0 +0 +0 +8.255701e-14
44 +0 +0 +0 +2.147026e-13
45 +0 +0 +0 +6.054397e-14
46 +0 +0 +0 +9.226303e-14
47 +0 +0 +0 -1.082326e-14
48 +0 +0 +0 -6.815254e-15
49 +0 +0 +0 -1.873396e-14
50 +0 +0 +0 +2.321159e-13
51 +0 +0 +0 +2.722964e-13
52 +0 +0 +0 +2.255594e-13
53 +0 +0 +0 -6.189372e-14
54 +0 +0 +0 +3.349969e-14
55 +0 +0 +0 +1.311140e-13
56 +0 +0 +0 +2.305274e-13
57 +0 +0 +0 +1.558974e-13
58 +0 +0 +0 +1.985633e-13
59 +0 +0 +0 +2.461727e-13
60 +0 +0 +0 +1.672495e-13
61 +0 +0 +0 +3.935208e-14
62 +0 +0 +0 -8.510482e-14
63 +0 +0 +0 -1.564379e-13
