0 +0 +0 +0 +1.280381e-08
1 +0 +0 +0 +2.427141e-08
2 +0 +0 +0 +1.346936e-08
3 +0 +0 +0 +8.059854e-09
4 +0 +0 +0 +4.836650e-09
5 +0 +0 +0 +3.019145e-09
6 +0 +0 +0 +1.955515e-09
7 +0 +0 +0 +1.279403e-09
8 +0 +0 +0 +8.310459e-10
9 +0 +0 +0 +5.459656e-10
10 +0 +0 +0 +3.578625e-10
11 +0 +0 +0 +2.443191e-10
12 +0 +0 +0 +1.722294e-10
13 +0 +0 +0 +1.126234e-10
14 +0 +0 +0 +7.617829e-11
15 +0 +0 +0 +4.936195e-11
16 +0 +0 +0 +3.459122e-11
17 +0 +0 +0 +2.025294e-11
18 +0 +0 +0 +1.354226e-11
19 +0 +0 +0 +8.189947e-12
20 +0 +0 +0 +5.898297e-12
21 +0 +0 +0 +3.151700e-12
22 +0 +0 +0 +9.280196e-13
23 +0 +0 +0 +1.116948e-12
24 +0 +0 +0 +1.453904e-12
25 +0 +0 +0 +3.638409e-13
26 +0 +0 +0 +6.983215e-13
27 +0 +0 +0 -1.039589e-13
28 +0 +0 +0 -8.532895e-13
29 +0 +0 +0 -4.754358e-13
30 +0 +0 +0 -2.273521e-13
31 +0 +0 +0 -4.541079e-13
32 +0 +0 +0 -2.526212e-13
33 +0 +0 +0 -4.778245e-13
34 +0 +0 +0 -5.294352e-13
35 +0 +0 +0 -5.457268e-13
36 +0 +0 +0 -4.462265e-13
37 +0 +0 +0 -1.367511e-14
38 +0 +0 +0 +6.437113e-14
39 +0 +0 +0 +1.485029e-13
40 +0 +0 +0 +8.086895e-15
41 +0 +0 +0 -3.055335e-14
42 +0 +0 +0 -1.416994e-13
43 +0 +0 +0 -7.355079e-14
44 +0 +0 +0 -9.017044e-14
45 +0 +0 +0 +5.857729e-14
46 +0 +0 +0 -5.348223e-14
47 +0 +0 +0 +8.122763e-15
48 +0 +0 +0 -1.257418e-13
49 +0 +0 +0 -1.540659e-13
50 +0 +0 +0 -1.430631e-13
51 +0 +0 +0 -7.906507e-14
52 +0 +0 +0 -7.481967e-14
53 +0 +0 +0 -7.945533e-14
54 +0 +0 +0 -2.220631e-14
55 +0 +0 +0 +1.687638e-14
56 +0 +0 +0 -3.890627e-14
57 +0 +0 +0 -4.624117e-14
58 +0 +0 +0 -7.015480e-14
59 +0 +0 +0 -6.214654e-14
60 +0 +0 +0 +4.297735e-14
61 +0 +0 +0 +7.401313e-14
62 +0 +0 +0 +1.362939e-14
63 +0 +0 +0 -5.339101e-14
