0 +0 +0 +0 +1.338213e-08
1 +0 +0 +0 +2.457957e-08
2 +0 +0 +0 +1.366380e-08
3 +0 +0 +0 +8.017286e-09
4 +0 +0 +0 +4.977319e-09
5 +0 +0 +0 +3.178099e-09
6 +0 +0 +0 +2.061879e-09
7 +0 +0 +0 +1.357445e-09
8 +0 +0 +0 +9.237817e-10
9 +0 +0 +0 +6.203109e-10
10 +0 +0 +0 +4.204073e-10
11 +0 +0 +0 +2.745978e-10
12 +0 +0 +0 +1.783369e-10
13 +0 +0 +0 +1.163217e-10
14 +0 +0 +0 +8.218623e-11
15 +0 +0 +0 +5.470925e-11
16 +0 +0 +0 +3.695752e-11
17 +0 +0 +0 +2.291663e-11
18 +0 +0 +0 +1.729922e-11
19 +0 +0 +0 +1.280991e-11
20 +0 +0 +0 +9.806826e-12
21 +0 +0 +0 +6.210081e-12
22 +0 +0 +0 +3.180870e-12
23 +0 +0 +0 +1.971484e-12
24 +0 +0 +0 +6.630373e-14
25 +0 +0 +0 +6.491436e-13
26 +0 +0 +0 +1.375945e-12
27 +0 +0 +0 +1.213346e-12
28 +0 +0 +0 +1.141785e-12
29 +0 +0 +0 +1.784808e-12
30 +0 +0 +0 +1.500680e-12
31 +0 +0 +0 +6.372004e-13
32 +0 +0 +0 +8.489659e-13
33 +0 +0 +0 +9.418298e-13
34 +0 +0 +0 +7.156351e-13
35 +0 +0 +0 +5.284664e-13
36 +0 +0 +0 +6.420787e-13
37 +0 +0 +0 +6.548262e-13
38 +0 +0 +0 +3.573199e-13
39 +0 +0 +0 +7.089854e-13
40 +0 +0 +0 +9.442972e-13
41 +0 +0 +0 +7.080750e-13
42 +0 +0 +0 +3.771437e-13
43 +0 +0 +0 +4.997049e-13
44 +0 +0 +0 +1.201097e-13
45 +0 +0 +0 +1.273405e-13
46 +0 +0 +0 +1.501579e-13
47 +0 +0 +0 +3.679395e-14
48 +0 +0 +0 -1.095617e-13
49 +0 +0 +0 -1.402029e-13
50 +0 +0 +0 +2.578668e-14
51 +0 +0 +0 -8.921783e-14
52 +0 +0 +0 -4.003762e-17
53 +0 +0 +0 -4.856149e-14
54 +0 +0 +0 -1.387348e-13
55 +0 +0 +0 -1.060499e-13
56 +0 +0 +0 -7.595763e-14
57 +0 +0 +0 -8.570583e-14
58 +0 +0 +0 -7.283602e-14
59 +0 +0 +0 -1.696185e-13
60 +0 +0 +0 -1.744706e-13
61 +0 +0 +0 -2.577093e-13
62 +0 +0 +0 -1.701864e-13
63 +0 +0 +0 -1.827106e-13
