0 +0 +0 +0 +1.343275e-08
1 +0 +0 +0 +2.449760e-08
2 +0 +0 +0 +1.388288e-08
3 +0 +0 +0 +8.173610e-09
4 +0 +0 +0 +5.036180e-09
5 +0 +0 +0 +3.228907e-09
6 +0 +0 +0 +2.093931e-09
7 +0 +0 +0 +1.360176e-09
8 +0 +0 +0 +8.647563e-10
9 +0 +0 +0 +5.788308e-10
10 +0 +0 +0 +3.850429e-10
11 +0 +0 +0 +2.546358e-10
12 +0 +0 +0 +1.646199e-10
13 +0 +0 +0 +1.094845e-10
14 +0 +0 +0 +7.700889e-11
15 +0 +0 +0 +4.961875e-11
16 +0 +0 +0 +3.449501e-11
17 +0 +0 +0 +2.692500e-11
18 +0 +0 +0 +1.914847e-11
19 +0 +0 +0 +1.569215e-11
20 +0 +0 +0 +1.218510e-11
21 +0 +0 +0 +8.191424e-12
22 +0 +0 +0 +5.821091e-12
23 +0 +0 +0 +3.624236e-12
24 +0 +0 +0 +1.680694e-12
25 +0 +0 +0 +1.880680e-12
26 +0 +0 +0 +3.746264e-13
27 +0 +0 +0 +9.851103e-13
28 +0 +0 +0 +5.816421e-13
29 +0 +0 +0 +6.340433e-13
30 +0 +0 +0 +6.362150e-13
31 +0 +0 +0 -3.687796e-13
32 +0 +0 +0 -7.455362e-14
33 +0 +0 +0 +5.222431e-13
34 +0 +0 +0 +4.477786e-13
35 +0 +0 +0 +4.494453e-13
36 +0 +0 +0 +3.260399e-13
37 +0 +0 +0 -2.610426e-13
38 +0 +0 +0 +1.159731e-13
39 +0 +0 +0 +1.348016e-13
40 +0 +0 +0 +1.422628e-13
41 +0 +0 +0 +1.474955e-14
42 +0 +0 +0 +1.107927e-13
43 +0 +0 +0 +1.600332e-13
44 +0 +0 +0 +1.221345e-13
45 +0 +0 +0 +1.992917e-13
46 +0 +0 +0 +3.027101e-13
47 +0 +0 +0 +1.944106e-13
48 +0 +0 +0 +2.044855e-13
49 +0 +0 +0 +1.636740e-13
50 +0 +0 +0 +2.381163e-13
51 +0 +0 +0 +1.885458e-13
52 +0 +0 +0 +8.206909e-14
53 +0 +0 +0 +8.965281e-14
54 +0 +0 +0 -9.430536e-14
55 +0 +0 +0 -1.732769e-13
56 +0 +0 +0 -6.141103e-14
57 +0 +0 +0 -3.794452e-14
58 +0 +0 +0 +5.305949e-14
59 +0 +0 +0 +1.100742e-13
60 +0 +0 +0 +1.108683e-13
61 +0 +0 +0 +7.787155e-14
62 +0 +0 +0 +4.519439e-14
63 +0 +0 +0 +5.964220e-14
