0 +0 +0 +0 +1.338633e-08
1 +0 +0 +0 +2.405241e-08
2 +0 +0 +0 +1.331631e-08
3 +0 +0 +0 +8.057879e-09
4 +0 +0 +0 +4.966062e-09
5 +0 +0 +0 +3.200938e-09
6 +0 +0 +0 +2.070208e-09
7 +0 +0 +0 +1.370047e-09
8 +0 +0 +0 +9.200872e-10
9 +0 +0 +0 +6.178405e-10
10 +0 +0 +0 +4.050513e-10
11 +0 +0 +0 +2.702574e-10
12 +0 +0 +0 +1.875122e-10
13 +0 +0 +0 +1.259496e-10
14 +0 +0 +0 +8.559085e-11
15 +0 +0 +0 +5.924893e-11
16 +0 +0 +0 +4.209554e-11
17 +0 +0 +0 +2.779695e-11
18 +0 +0 +0 +2.111152e-11
19 +0 +0 +0 +1.411102e-11
20 +0 +0 +0 +1.038334e-11
21 +0 +0 +0 +5.223556e-12
22 +0 +0 +0 +3.414223e-12
23 +0 +0 +0 +2.218335e-12
24 +0 +0 +0 +5.765443e-13
25 +0 +0 +0 +8.972305e-13
26 +0 +0 +0 +1.111963e-12
27 +0 +0 +0 +5.540478e-13
28 +0 +0 +0 +6.235799e-13
29 +0 +0 +0 +1.114503e-12
30 +0 +0 +0 +5.950399e-13
31 +0 +0 +0 +4.334077e-13
32 +0 +0 +0 +4.405632e-13
33 +0 +0 +0 +3.954431e-13
34 +0 +0 +0 -1.789394e-13
35 +0 +0 +0 -3.311614e-13
36 +0 +0 +0 +4.426557e-13
37 +0 +0 +0 +3.726190e-13
38 +0 +0 +0 +6.373764e-13
39 +0 +0 +0 +3.326611e-13
40 +0 +0 +0 +4.871668e-13
41 +0 +0 +0 +6.000577e-13
42 +0 +0 +0 +2.960781e-13
43 +0 +0 +0 +1.908137e-13
44 +0 +0 +0 -1.138780e-13
45 +0 +0 +0 -1.031549e-13
46 +0 +0 +0 -4.249414e-13
47 +0 +0 +0 -4.604955e-13
48 +0 +0 +0 -4.535331e-13
49 +0 +0 +0 -4.273343e-13
50 +0 +0 +0 -4.052406e-13
51 +0 +0 +0 -1.602920e-13
52 +0 +0 +0 -1.522680e-13
53 +0 +0 +0 -4.795557e-14
54 +0 +0 +0 -9.563770e-14
55 +0 +0 +0 -9.015262e-14
56 +0 +0 +0 -9.308600e-14
57 +0 +0 +0 -4.938548e-14
58 +0 +0 +0 +2.485834e-14
59 +0 +0 +0 +3.474636e-14
60 +0 +0 +0 +9.207482e-15
61 +0 +0 +0 -4.064924e-15
62 +0 +0 +0 -7.933200e-14
63 +0 +0 +0 -9.420394e-14
