0 +0 +0 +0 +1.307583e-08
1 +0 +0 +0 +2.311225e-08
2 +0 +0 +0 +1.265184e-08
3 +0 +0 +0 +7.672488e-09
4 +0 +0 +0 +4.704299e-09
5 +0 +0 +0 +2.931717e-09
6 +0 +0 +0 +1.970475e-09
7 +0 +0 +0 +1.279807e-09
8 +0 +0 +0 +8.536808e-10
9 +0 +0 +0 +5.628240e-10
10 +0 +0 +0 +3.767438e-10
11 +0 +0 +0 +2.585053e-10
12 +0 +0 +0 +1.821963e-10
13 +0 +0 +0 +1.269617e-10
14 +0 +0 +0 +8.376177e-11
15 +0 +0 +0 +5.414291e-11
16 +0 +0 +0 +3.517119e-11
17 +0 +0 +0 +2.288823e-11
18 +0 +0 +0 +1.675122e-11
19 +0 +0 +0 +9.054961e-12
20 +0 +0 +0 +8.345192e-12
21 +0 +0 +0 +5.557861e-12
22 +0 +0 +0 +4.193719e-12
23 +0 +0 +0 +2.946982e-12
24 +0 +0 +0 +9.811768e-13
25 +0 +0 +0 +1.075189e-12
26 +0 +0 +0 +1.098623e-12
27 +0 +0 +0 +9.277467e-13
28 +0 +0 +0 +7.574423e-13
29 +0 +0 +0 +7.103297e-13
30 +0 +0 +0 +7.177090e-13
31 +0 +0 +0 +9.596259e-13
32 +0 +0 +0 +5.344191e-13
33 +0 +0 +0 +6.377460e-13
34 +0 +0 +0 +3.136447e-13
35 +0 +0 +0 +4.942106e-13
36 +0 +0 +0 +2.955783e-13
37 +0 +0 +0 +3.001219e-13
38 +0 +0 +0 -4.446075e-15
39 +0 +0 +0 +2.962983e-13
40 +0 +0 +0 +3.395010e-13
41 +0 +0 +0 +5.481086e-13
42 +0 +0 +0 +4.784162e-13
43 +0 +0 +0 +4.394403e-13
44 +0 +0 +0 +2.869942e-13
45 +0 +0 +0 +3.586206e-13
46 +0 +0 +0 +2.671839e-13
47 +0 +0 +0 +2.376180e-13
48 +0 +0 +0 +1.337147e-13
49 +0 +0 +0 +1.660662e-13
50 +0 +0 +0 +2.083728e-13
51 +0 +0 +0 +6.251604e-15
52 +0 +0 +0 -4.256536e-14
53 +0 +0 +0 -2.095749e-14
54 +0 +0 +0 -4.970468e-14
55 +0 +0 +0 +1.633739e-14
56 +0 +0 +0 +2.769596e-14
57 +0 +0 +0 +4.194620e-14
58 +0 +0 +0 -6.706294e-15
59 +0 +0 +0 -4.709472e-15
60 +0 +0 +0 +3.321976e-14
61 +0 +0 +0 -2.719092e-14
62 +0 +0 +0 +7.102647e-14
63 +0 +0 +0 +8.716908e-15
