0 +0 +0 +0 +1.405955e-08
1 +0 +0 +0 +2.494873e-08
2 +0 +0 +0 +1.377214e-08
3 +0 +0 +0 +8.067868e-09
4 +0 +0 +0 +5.011276e-09
5 +0 +0 +0 +3.229605e-09
6 +0 +0 +0 +2.038194e-09
7 +0 +0 +0 +1.356545e-09
8 +0 +0 +0 +9.225211e-10
9 +0 +0 +0 +6.179218e-10
10 +0 +0 +0 +3.996411e-10
11 +0 +0 +0 +2.716094e-10
12 +0 +0 +0 +1.791965e-10
13 +0 +0 +0 +1.193122e-10
14 +0 +0 +0 +7.724270e-11
15 +0 +0 +0 +5.270925e-11
16 +0 +0 +0 +3.960502e-11
17 +0 +0 +0 +2.814685e-11
18 +0 +0 +0 +2.133219e-11
19 +0 +0 +0 +1.354691e-11
20 +0 +0 +0 +1.198865e-11
21 +0 +0 +0 +1.026739e-11
22 +0 +0 +0 +6.372535e-12
23 +0 +0 +0 +5.621918e-12
24 +0 +0 +0 +4.639671e-12
25 +0 +0 +0 +2.617938e-12
26 +0 +0 +0 +3.306516e-12
27 +0 +0 +0 +2.053424e-12
28 +0 +0 +0 +1.878039e-12
29 +0 +0 +0 +1.747564e-12
30 +0 +0 +0 +1.653745e-12
31 +0 +0 +0 +1.474391e-12
32 +0 +0 +0 +2.563757e-13
33 +0 +0 +0 +5.665448e-13
34 +0 +0 +0 +5.634648e-13
35 +0 +0 +0 +2.016396e-13
36 +0 +0 +0 +1.418584e-13
37 +0 +0 +0 +1.670450e-13
38 +0 +0 +0 -2.471078e-13
39 +0 +0 +0 -3.977703e-13
40 +0 +0 +0 -5.871607e-13
41 +0 +0 +0 -7.737688e-13
42 +0 +0 +0 -3.122633e-13
43 +0 +0 +0 -2.305544e-13
44 +0 +0 +0 +6.808336e-15
45 +0 +0 +0 -1.177179e-13
46 +0 +0 +0 -2.438747e-13
47 +0 +0 +0 -1.177315e-13
48 +0 +0 +0 -1.429935e-13
49 +0 +0 +0 -1.704644e-13
50 +0 +0 +0 -5.855783e-14
51 +0 +0 +0 -4.386417e-14
52 +0 +0 +0 -1.287112e-14
53 +0 +0 +0 -3.167885e-14
54 +0 +0 +0 -4.899293e-14
55 +0 +0 +0 -7.732002e-14
56 +0 +0 +0 -2.850265e-14
57 +0 +0 +0 -3.159889e-14
58 +0 +0 +0 -6.597615e-14
59 +0 +0 +0 +3.492653e-14
60 +0 +0 +0 +1.529704e-13
61 +0 +0 +0 +1.468586e-13
62 +0 +0 +0 +1.316725e-13
63 +0 +0 +0 +4.732323e-14
