0 +0 +0 +0 +1.428209e-08
1 +0 +0 +0 +2.526318e-08
2 +0 +0 +0 +1.430096e-08
3 +0 +0 +0 +8.482812e-09
4 +0 +0 +0 +5.307987e-09
5 +0 +0 +0 +3.402457e-09
6 +0 +0 +0 +2.136864e-09
7 +0 +0 +0 +1.389016e-09
8 +0 +0 +0 +9.099686e-10
9 +0 +0 +0 +6.027713e-10
10 +0 +0 +0 +4.250360e-10
11 +0 +0 +0 +2.924265e-10
12 +0 +0 +0 +1.993342e-10
13 +0 +0 +0 +1.343150e-10
14 +0 +0 +0 +8.427377e-11
15 +0 +0 +0 +5.441716e-11
16 +0 +0 +0 +4.020795e-11
17 +0 +0 +0 +2.694214e-11
18 +0 +0 +0 +1.839329e-11
19 +0 +0 +0 +9.500850e-12
20 +0 +0 +0 +7.440497e-12
21 +0 +0 +0 +4.676743e-12
22 +0 +0 +0 +4.673160e-12
23 +0 +0 +0 +3.086286e-12
24 +0 +0 +0 +2.434090e-12
25 +0 +0 +0 +1.424516e-12
26 +0 +0 +0 +8.597207e-13
27 +0 +0 +0 +1.192355e-12
28 +0 +0 +0 -3.605957e-13
29 +0 +0 +0 -4.539799e-13
30 +0 +0 +0 -6.863161e-13
31 +0 +0 +0 -2.658358e-14
32 +0 +0 +0 -4.108923e-14
33 +0 +0 +0 +1.022293e-13
34 +0 +0 +0 -1.397325e-13
35 +0 +0 +0 -8.435171e-13
36 +0 +0 +0 -1.480711e-12
37 +0 +0 +0 -7.842853e-13
38 +0 +0 +0 -7.108563e-13
39 +0 +0 +0 -7.739369e-13
40 +0 +0 +0 -4.799551e-13
41 +0 +0 +0 -1.461302e-13
42 +0 +0 +0 -1.260328e-13
43 +0 +0 +0 -3.048920e-13
44 +0 +0 +0 -1.237803e-13
45 +0 +0 +0 -2.025740e-13
46 +0 +0 +0 -1.742492e-13
47 +0 +0 +0 -3.659195e-13
48 +0 +0 +0 -1.402382e-13
49 +0 +0 +0 -8.313830e-14
50 +0 +0 +0 +3.003137e-14
51 +0 +0 +0 +1.228169e-13
52 +0 +0 +0 +1.750116e-14
53 +0 +0 +0 -9.974547e-15
54 +0 +0 +0 +2.041522e-13
55 +0 +0 +0 +1.090972e-13
56 +0 +0 +0 +7.567078e-14
57 +0 +0 +0 +5.274025e-14
58 +0 +0 +0 -5.910694e-14
59 +0 +0 +0 -1.441322e-13
60 +0 +0 +0 -1.840816e-13
61 +0 +0 +0 -1.212441e-13
62 +0 +0 +0 -2.193803e-13
63 +0 +0 +0 -1.379539e-13
