0 +0 +0 +0 +1.399523e-08
1 +0 +0 +0 +2.513302e-08
2 +0 +0 +0 +1.407934e-08
3 +0 +0 +0 +8.271270e-09
4 +0 +0 +0 +5.065015e-09
5 +0 +0 +0 +3.194591e-09
6 +0 +0 +0 +2.124208e-09
7 +0 +0 +0 +1.381476e-09
8 +0 +0 +0 +9.297073e-10
9 +0 +0 +0 +6.027114e-10
10 +0 +0 +0 +4.128974e-10
11 +0 +0 +0 +2.755492e-10
12 +0 +0 +0 +1.882453e-10
13 +0 +0 +0 +1.283176e-10
14 +0 +0 +0 +9.298959e-11
15 +0 +0 +0 +6.672387e-11
16 +0 +0 +0 +4.531029e-11
17 +0 +0 +0 +2.799228e-11
18 +0 +0 +0 +1.849412e-11
19 +0 +0 +0 +1.421041e-11
20 +0 +0 +0 +1.414675e-11
21 +0 +0 +0 +1.042175e-11
22 +0 +0 +0 +6.959518e-12
23 +0 +0 +0 +6.035505e-12
24 +0 +0 +0 +4.101252e-12
25 +0 +0 +0 +2.920241e-12
26 +0 +0 +0 +2.188421e-12
27 +0 +0 +0 +1.199527e-12
28 +0 +0 +0 +4.759371e-13
29 +0 +0 +0 +5.949733e-13
30 +0 +0 +0 +9.986554e-13
31 +0 +0 +0 +4.986357e-13
32 +0 +0 +0 -1.463828e-13
33 +0 +0 +0 -6.991812e-14
34 +0 +0 +0 -2.130349e-13
35 +0 +0 +0 -1.425616e-13
36 +0 +0 +0 +3.775771e-14
37 +0 +0 +0 -1.394816e-15
38 +0 +0 +0 +1.171441e-13
39 +0 +0 +0 +2.558352e-13
40 +0 +0 +0 +3.486794e-13
41 +0 +0 +0 +1.984668e-13
42 +0 +0 +0 +3.010574e-13
43 +0 +0 +0 +3.665361e-13
44 +0 +0 +0 +3.507138e-13
45 +0 +0 +0 +4.178443e-13
46 +0 +0 +0 +3.449464e-13
47 +0 +0 +0 +2.600315e-13
48 +0 +0 +0 +2.658243e-13
49 +0 +0 +0 +1.585033e-14
50 +0 +0 +0 -6.018734e-14
51 +0 +0 +0 -9.615425e-14
52 +0 +0 +0 -1.968745e-13
53 +0 +0 +0 -2.177782e-13
54 +0 +0 +0 -2.672153e-13
55 +0 +0 +0 -2.056847e-13
56 +0 +0 +0 -1.858552e-13
57 +0 +0 +0 -1.899894e-13
58 +0 +0 +0 -9.469489e-14
59 +0 +0 +0 -1.209924e-13
60 +0 +0 +0 -1.944154e-13
61 +0 +0 +0 -1.412151e-13
62 +0 +0 +0 -1.505474e-13
63 +0 +0 +0 -8.926566e-14
