0 +0 +0 +0 +1.246895e-08
1 +0 +0 +0 +2.407493e-08
2 +0 +0 +0 +1.325633e-08
3 +0 +0 +0 +7.932419e-09
4 +0 +0 +0 +4.900882e-09
5 +0 +0 +0 +3.149217e-09
6 +0 +0 +0 +1.984409e-09
7 +0 +0 +0 +1.315321e-09
8 +0 +0 +0 +8.576613e-10
9 +0 +0 +0 +5.686226e-10
10 +0 +0 +0 +3.886410e-10
11 +0 +0 +0 +2.604794e-10
12 +0 +0 +0 +1.713861e-10
13 +0 +0 +0 +1.172598e-10
14 +0 +0 +0 +8.053649e-11
15 +0 +0 +0 +5.950601e-11
16 +0 +0 +0 +4.045410e-11
17 +0 +0 +0 +2.812236e-11
18 +0 +0 +0 +1.942308e-11
19 +0 +0 +0 +1.261610e-11
20 +0 +0 +0 +9.691952e-12
21 +0 +0 +0 +5.613625e-12
22 +0 +0 +0 +3.858216e-12
23 +0 +0 +0 +3.402664e-12
24 +0 +0 +0 +3.017960e-12
25 +0 +0 +0 +1.065647e-12
26 +0 +0 +0 +5.633886e-13
27 +0 +0 +0 -7.640880e-14
28 +0 +0 +0 +3.013630e-13
29 +0 +0 +0 -9.449736e-14
30 +0 +0 +0 +1.017493e-14
31 +0 +0 +0 -4.387144e-13
32 +0 +0 +0 -7.515123e-14
33 +0 +0 +0 -2.538529e-13
34 +0 +0 +0 -4.484749e-13
35 +0 +0 +0 -2.920062e-14
36 +0 +0 +0 -5.442455e-14
37 +0 +0 +0 +4.508518e-14
38 +0 +0 +0 -2.939827e-13
39 +0 +0 +0 -7.490607e-15
40 +0 +0 +0 +3.057781e-13
41 +0 +0 +0 +3.155966e-13
42 +0 +0 +0 +5.550724e-14
43 +0 +0 +0 +2.948121e-14
44 +0 +0 +0 +8.328154e-14
45 +0 +0 +0 -9.280977e-15
46 +0 +0 +0 +1.168502e-13
47 +0 +0 +0 +2.014673e-13
48 +0 +0 +0 +2.169021e-13
49 +0 +0 +0 +3.517618e-14
50 +0 +0 +0 +6.014049e-14
51 +0 +0 +0 +5.915483e-14
52 +0 +0 +0 +1.778954e-13
53 +0 +0 +0 +1.180657e-13
54 +0 +0 +0 +1.498087e-13
55 +0 +0 +0 +9.964346e-14
56 +0 +0 +0 +1.375907e-13
57 +0 +0 +0 +1.293843e-13
58 +0 +0 +0 +1.244960e-13
59 +0 +0 +0 +6.145933e-14
60 +0 +0 +0 -1.248946e-14
61 +0 +0 +0 -9.170223e-14
62 +0 +0 +0 -6.740189e-14
63 +0 +0 +0 -4.628525e-14
