0 +0 +0 +0 +1.386222e-08
1 +0 +0 +0 +2.520778e-08
2 +0 +0 +0 +1.392921e-08
3 +0 +0 +0 +8.276804e-09
4 +0 +0 +0 +5.223400e-09
5 +0 +0 +0 +3.315087e-09
6 +0 +0 +0 +2.159735e-09
7 +0 +0 +0 +1.460753e-09
8 +0 +0 +0 +9.340802e-10
9 +0 +0 +0 +6.352178e-10
10 +0 +0 +0 +4.239572e-10
11 +0 +0 +0 +2.949138e-10
12 +0 +0 +0 +1.978315e-10
13 +0 +0 +0 +1.287918e-10
14 +0 +0 +0 +8.374704e-11
15 +0 +0 +0 +5.719715e-11
16 +0 +0 +0 +3.490220e-11
17 +0 +0 +0 +2.176617e-11
18 +0 +0 +0 +1.657318e-11
19 +0 +0 +0 +1.034503e-11
20 +0 +0 +0 +6.857546e-12
21 +0 +0 +0 +5.287136e-12
22 +0 +0 +0 +2.561413e-12
23 +0 +0 +0 +2.714436e-12
24 +0 +0 +0 +2.697375e-12
25 +0 +0 +0 +1.846954e-12
26 +0 +0 +0 +2.153375e-12
27 +0 +0 +0 +1.786544e-12
28 +0 +0 +0 +9.776863e-13
29 +0 +0 +0 +1.063675e-12
30 +0 +0 +0 +1.364440e-12
31 +0 +0 +0 +1.131955e-12
32 +0 +0 +0 +6.248119e-13
33 +0 +0 +0 +8.237190e-13
34 +0 +0 +0 +1.333902e-12
35 +0 +0 +0 +1.244050e-12
36 +0 +0 +0 +1.006848e-12
37 +0 +0 +0 +9.857796e-13
38 +0 +0 +0 +5.059988e-13
39 +0 +0 +0 +1.323448e-13
40 +0 +0 +0 +4.541210e-13
41 +0 +0 +0 +3.837540e-13
42 +0 +0 +0 +2.580331e-13
43 +0 +0 +0 +1.634943e-13
44 +0 +0 +0 +1.541552e-13
45 +0 +0 +0 -1.059546e-13
46 +0 +0 +0 +8.562614e-14
47 +0 +0 +0 +7.579601e-14
48 +0 +0 +0 +1.109480e-14
49 +0 +0 +0 -7.532708e-14
50 +0 +0 +0 -5.247233e-14
51 +0 +0 +0 +4.062018e-15
52 +0 +0 +0 +4.734526e-14
53 +0 +0 +0 +1.582448e-13
54 +0 +0 +0 +1.248092e-13
55 +0 +0 +0 -8.347361e-14
56 +0 +0 +0 -3.338059e-14
57 +0 +0 +0 +7.658128e-14
58 +0 +0 +0 +1.028883e-13
59 +0 +0 +0 +5.582189e-14
60 +0 +0 +0 +3.978206e-14
61 +0 +0 +0 +3.622138e-14
62 +0 +0 +0 +6.187364e-14
63 +0 +0 +0 +9.624054e-14
