0 +0 +0 +0 +1.338541e-08
1 +0 +0 +0 +2.452859e-08
2 +0 +0 +0 +1.355478e-08
3 +0 +0 +0 +8.005092e-09
4 +0 +0 +0 +4.905722e-09
5 +0 +0 +0 +3.109674e-09
6 +0 +0 +0 +2.027953e-09
7 +0 +0 +0 +1.330983e-09
8 +0 +0 +0 +8.818251e-10
9 +0 +0 +0 +5.732277e-10
10 +0 +0 +0 +3.900989e-10
11 +0 +0 +0 +2.500297e-10
12 +0 +0 +0 +1.726295e-10
13 +0 +0 +0 +1.180622e-10
14 +0 +0 +0 +8.302831e-11
15 +0 +0 +0 +5.686860e-11
16 +0 +0 +0 +3.665058e-11
17 +0 +0 +0 +2.820496e-11
18 +0 +0 +0 +1.946756e-11
19 +0 +0 +0 +1.361618e-11
20 +0 +0 +0 +8.584654e-12
21 +0 +0 +0 +6.187592e-12
22 +0 +0 +0 +3.257942e-12
23 +0 +0 +0 +1.173963e-12
24 +0 +0 +0 +1.253595e-12
25 +0 +0 +0 +8.080629e-13
26 +0 +0 +0 -1.424838e-13
27 +0 +0 +0 +4.964633e-13
28 +0 +0 +0 +8.637830e-13
29 +0 +0 +0 +1.260125e-12
30 +0 +0 +0 +1.301944e-12
31 +0 +0 +0 +1.022841e-12
32 +0 +0 +0 +9.987379e-13
33 +0 +0 +0 -3.956864e-15
34 +0 +0 +0 -1.706269e-14
35 +0 +0 +0 -1.018545e-13
36 +0 +0 +0 -4.950008e-13
37 +0 +0 +0 -1.133782e-13
38 +0 +0 +0 -3.249115e-13
39 +0 +0 +0 -3.296155e-13
40 +0 +0 +0 -3.387907e-13
41 +0 +0 +0 -3.562257e-13
42 +0 +0 +0 +5.996937e-14
43 +0 +0 +0 +1.668098e-15
44 +0 +0 +0 +2.180519e-13
45 +0 +0 +0 +2.044469e-13
46 +0 +0 +0 +2.585616e-13
47 +0 +0 +0 +2.973096e-13
48 +0 +0 +0 +3.634969e-13
49 +0 +0 +0 +1.685863e-13
50 +0 +0 +0 +1.741269e-13
51 +0 +0 +0 +4.811751e-14
52 +0 +0 +0 +2.259929e-14
53 +0 +0 +0 +1.012478e-13
54 +0 +0 +0 -3.380508e-14
55 +0 +0 +0 +1.187031e-15
56 +0 +0 +0 -1.416236e-13
57 +0 +0 +0 -2.226029e-13
58 +0 +0 +0 -1.754224e-13
59 +0 +0 +0 -1.829181e-13
60 +0 +0 +0 -1.343730e-13
61 +0 +0 +0 -1.705701e-13
62 +0 +0 +0 -8.763061e-14
63 +0 +0 +0 -7.867895e-14
