0 +0 +0 +0 +1.273148e-08
1 +0 +0 +0 +2.355663e-08
2 +0 +0 +0 +1.321655e-08
3 +0 +0 +0 +7.727916e-09
4 +0 +0 +0 +4.818655e-09
5 +0 +0 +0 +3.097425e-09
6 +0 +0 +0 +2.047545e-09
7 +0 +0 +0 +1.367352e-09
8 +0 +0 +0 +8.841002e-10
9 +0 +0 +0 +5.894014e-10
10 +0 +0 +0 +4.034214e-10
11 +0 +0 +0 +2.764035e-10
12 +0 +0 +0 +1.822214e-10
13 +0 +0 +0 +1.210322e-10
14 +0 +0 +0 +8.163631e-11
15 +0 +0 +0 +5.363184e-11
16 +0 +0 +0 +3.196865e-11
17 +0 +0 +0 +2.284422e-11
18 +0 +0 +0 +1.624116e-11
19 +0 +0 +0 +1.194224e-11
20 +0 +0 +0 +8.302113e-12
21 +0 +0 +0 +6.368019e-12
22 +0 +0 +0 +5.453909e-12
23 +0 +0 +0 +2.022961e-12
24 +0 +0 +0 +9.022935e-14
25 +0 +0 +0 +2.084677e-13
26 +0 +0 +0 +5.108902e-14
27 +0 +0 +0 -5.794260e-13
28 +0 +0 +0 -1.020484e-12
29 +0 +0 +0 -1.297189e-12
30 +0 +0 +0 -8.071988e-13
31 +0 +0 +0 -1.057936e-12
32 +0 +0 +0 -1.233404e-12
33 +0 +0 +0 -8.997440e-13
34 +0 +0 +0 -9.969489e-13
35 +0 +0 +0 -4.828523e-13
36 +0 +0 +0 -6.580026e-13
37 +0 +0 +0 -3.667570e-13
38 +0 +0 +0 -4.722897e-14
39 +0 +0 +0 +1.001257e-13
40 +0 +0 +0 +1.629217e-14
41 +0 +0 +0 -3.274509e-13
42 +0 +0 +0 -3.474540e-13
43 +0 +0 +0 -2.305703e-13
44 +0 +0 +0 +1.516948e-14
45 +0 +0 +0 -2.221018e-13
46 +0 +0 +0 -8.598913e-14
47 +0 +0 +0 -2.044865e-13
48 +0 +0 +0 -2.820610e-13
49 +0 +0 +0 -4.472230e-14
50 +0 +0 +0 -4.767421e-14
51 +0 +0 +0 -1.108098e-13
52 +0 +0 +0 -8.049381e-14
53 +0 +0 +0 -9.880525e-14
54 +0 +0 +0 -8.158154e-14
55 +0 +0 +0 -9.052907e-14
56 +0 +0 +0 -1.394661e-13
57 +0 +0 +0 -1.360738e-13
58 +0 +0 +0 -6.121534e-14
59 +0 +0 +0 -4.765768e-14
60 +0 +0 +0 -8.798332e-14
61 +0 +0 +0 -1.121258e-13
62 +0 +0 +0 -9.475774e-14
63 +0 +0 +0 -7.719918e-14
