0 +0 +0 +0 +1.360565e-08
1 +0 +0 +0 +2.496001e-08
2 +0 +0 +0 +1.402053e-08
3 +0 +0 +0 +8.213637e-09
4 +0 +0 +0 +5.035884e-09
5 +0 +0 +0 +3.251826e-09
6 +0 +0 +0 +2.097400e-09
7 +0 +0 +0 +1.351584e-09
8 +0 +0 +0 +8.863232e-10
9 +0 +0 +0 +5.937336e-10
10 +0 +0 +0 +3.861190e-10
11 +0 +0 +0 +2.575768e-10
12 +0 +0 +0 +1.798108e-10
13 +0 +0 +0 +1.166071e-10
14 +0 +0 +0 +8.218506e-11
15 +0 +0 +0 +5.838165e-11
16 +0 +0 +0 +3.786127e-11
17 +0 +0 +0 +2.556683e-11
18 +0 +0 +0 +1.839299e-11
19 +0 +0 +0 +9.834082e-12
20 +0 +0 +0 +6.906720e-12
21 +0 +0 +0 +3.487341e-12
22 +0 +0 +0 +3.282704e-12
23 +0 +0 +0 +1.215697e-12
24 +0 +0 +0 +1.197150e-12
25 +0 +0 +0 +5.470033e-13
26 +0 +0 +0 -4.300232e-13
27 +0 +0 +0 -1.237899e-12
28 +0 +0 +0 -9.980448e-13
29 +0 +0 +0 -1.168428e-12
30 +0 +0 +0 -8.407392e-13
31 +0 +0 +0 -9.798883e-13
32 +0 +0 +0 -1.076308e-12
33 +0 +0 +0 -1.434214e-12
34 +0 +0 +0 -7.723669e-13
35 +0 +0 +0 -2.955504e-13
36 +0 +0 +0 -4.361476e-13
37 +0 +0 +0 -2.130221e-13
38 +0 +0 +0 +1.288224e-13
39 +0 +0 +0 -4.844864e-14
40 +0 +0 +0 -9.233713e-14
41 +0 +0 +0 +1.426966e-13
42 +0 +0 +0 +2.374819e-13
43 +0 +0 +0 +1.748065e-13
44 +0 +0 +0 +9.056062e-15
45 +0 +0 +0 +3.401530e-15
46 +0 +0 +0 +6.374546e-16
47 +0 +0 +0 +7.195162e-14
48 +0 +0 +0 +1.984058e-13
49 +0 +0 +0 +1.849147e-13
50 +0 +0 +0 +5.338276e-14
51 +0 +0 +0 -9.187751e-14
52 +0 +0 +0 +8.911923e-15
53 +0 +0 +0 -1.579378e-13
54 +0 +0 +0 -5.889680e-14
55 +0 +0 +0 -1.478850e-14
56 +0 +0 +0 +1.111774e-13
57 +0 +0 +0 +6.271201e-14
58 +0 +0 +0 -8.561928e-15
59 +0 +0 +0 +1.241454e-13
60 +0 +0 +0 +1.779723e-13
61 +0 +0 +0 +1.390907e-13
62 +0 +0 +0 +1.928072e-13
63 +0 +0 +0 +8.541158e-14
