0 +0 +0 +0 +1.293646e-08
1 +0 +0 +0 +2.427793e-08
2 +0 +0 +0 +1.366249e-08
3 +0 +0 +0 +8.000014e-09
4 +0 +0 +0 +4.892369e-09
5 +0 +0 +0 +3.127391e-09
6 +0 +0 +0 +2.009681e-09
7 +0 +0 +0 +1.331074e-09
8 +0 +0 +0 +8.656288e-10
9 +0 +0 +0 +5.778851e-10
10 +0 +0 +0 +3.977534e-10
11 +0 +0 +0 +2.726477e-10
12 +0 +0 +0 +1.866359e-10
13 +0 +0 +0 +1.278348e-10
14 +0 +0 +0 +8.184389e-11
15 +0 +0 +0 +5.832627e-11
16 +0 +0 +0 +4.244072e-11
17 +0 +0 +0 +3.051191e-11
18 +0 +0 +0 +2.285386e-11
19 +0 +0 +0 +1.561122e-11
20 +0 +0 +0 +1.090862e-11
21 +0 +0 +0 +7.632586e-12
22 +0 +0 +0 +3.378756e-12
23 +0 +0 +0 +8.205558e-13
24 +0 +0 +0 +8.347791e-13
25 +0 +0 +0 +8.136075e-13
26 +0 +0 +0 +9.602914e-13
27 +0 +0 +0 +7.048617e-13
28 +0 +0 +0 +5.668655e-13
29 +0 +0 +0 -6.971860e-14
30 +0 +0 +0 +9.834333e-14
31 +0 +0 +0 -2.286750e-13
32 +0 +0 +0 -2.476769e-13
33 +0 +0 +0 -1.467157e-13
34 +0 +0 +0 +1.633592e-13
35 +0 +0 +0 +4.934576e-14
36 +0 +0 +0 +5.033104e-14
37 +0 +0 +0 +1.850021e-14
38 +0 +0 +0 -6.368080e-14
39 +0 +0 +0 -3.876987e-14
40 +0 +0 +0 -5.641690e-14
41 +0 +0 +0 -1.265920e-13
42 +0 +0 +0 -2.258667e-13
43 +0 +0 +0 -3.184538e-13
44 +0 +0 +0 -2.793773e-13
45 +0 +0 +0 -1.938945e-13
46 +0 +0 +0 -2.976389e-13
47 +0 +0 +0 -7.141001e-14
48 +0 +0 +0 -3.291559e-14
49 +0 +0 +0 +9.203794e-15
50 +0 +0 +0 +2.221153e-13
51 +0 +0 +0 +1.356892e-13
52 +0 +0 +0 +2.307220e-14
53 +0 +0 +0 +3.371026e-14
54 +0 +0 +0 +6.703410e-14
55 +0 +0 +0 -6.875849e-14
56 +0 +0 +0 -1.266627e-13
57 +0 +0 +0 -2.606369e-14
58 +0 +0 +0 -6.614136e-14
59 +0 +0 +0 +5.343055e-14
60 +0 +0 +0 +9.778959e-14
61 +0 +0 +0 +9.999991e-14
62 +0 +0 +0 +7.271325e-14
63 +0 +0 +0 +1.287407e-13
