0 +0 +0 +0 +1.350539e-08
1 +0 +0 +0 +2.394591e-08
2 +0 +0 +0 +1.328620e-08
3 +0 +0 +0 +7.823025e-09
4 +0 +0 +0 +4.785761e-09
5 +0 +0 +0 +3.047121e-09
6 +0 +0 +0 +1.934414e-09
7 +0 +0 +0 +1.268900e-09
8 +0 +0 +0 +8.666336e-10
9 +0 +0 +0 +5.685146e-10
10 +0 +0 +0 +3.785083e-10
11 +0 +0 +0 +2.543509e-10
12 +0 +0 +0 +1.731468e-10
13 +0 +0 +0 +1.159774e-10
14 +0 +0 +0 +8.164693e-11
15 +0 +0 +0 +5.742522e-11
16 +0 +0 +0 +3.712927e-11
17 +0 +0 +0 +2.398288e-11
18 +0 +0 +0 +1.746586e-11
19 +0 +0 +0 +1.147168e-11
20 +0 +0 +0 +9.225661e-12
21 +0 +0 +0 +4.831964e-12
22 +0 +0 +0 +3.389280e-12
23 +0 +0 +0 +3.695959e-12
24 +0 +0 +0 +2.549236e-12
25 +0 +0 +0 +1.672789e-12
26 +0 +0 +0 +1.505424e-12
27 +0 +0 +0 +2.010838e-12
28 +0 +0 +0 +2.701839e-12
29 +0 +0 +0 +2.385058e-12
30 +0 +0 +0 +2.003501e-12
31 +0 +0 +0 +1.704985e-12
32 +0 +0 +0 +1.491625e-12
33 +0 +0 +0 +1.373277e-12
34 +0 +0 +0 +1.423988e-12
35 +0 +0 +0 +4.880982e-13
36 +0 +0 +0 +1.431914e-14
37 +0 +0 +0 -4.925095e-14
38 +0 +0 +0 -1.482425e-13
39 +0 +0 +0 -1.000638e-13
40 +0 +0 +0 -3.643530e-13
41 +0 +0 +0 -2.276190e-13
42 +0 +0 +0 -1.594401e-13
43 +0 +0 +0 -1.081738e-13
44 +0 +0 +0 -1.335348e-13
45 +0 +0 +0 -1.276285e-14
46 +0 +0 +0 -1.690472e-13
47 +0 +0 +0 -1.066320e-13
48 +0 +0 +0 -8.127442e-14
49 +0 +0 +0 -3.365503e-14
50 +0 +0 +0 -6.183583e-14
51 +0 +0 +0 +2.156327e-14
52 +0 +0 +0 +1.098142e-13
53 +0 +0 +0 +1.272586e-13
54 +0 +0 +0 +1.058382e-13
55 +0 +0 +0 +1.943647e-13
56 +0 +0 +0 +1.688146e-14
57 +0 +0 +0 +3.835907e-14
58 +0 +0 +0 +4.579514e-14
59 +0 +0 +0 +4.915739e-14
60 +0 +0 +0 +1.092730e-13
61 +0 +0 +0 +4.331350e-14
62 +0 +0 +0 +1.534240e-14
63 +0 +0 +0 +3.911390e-14
