0 +0 +0 +0 +1.308893e-08
1 +0 +0 +0 +2.301448e-08
2 +0 +0 +0 +1.273051e-08
3 +0 +0 +0 +7.496445e-09
4 +0 +0 +0 +4.614559e-09
5 +0 +0 +0 +2.974749e-09
6 +0 +0 +0 +1.932902e-09
7 +0 +0 +0 +1.258818e-09
8 +0 +0 +0 +8.498297e-10
9 +0 +0 +0 +5.538461e-10
10 +0 +0 +0 +3.779981e-10
11 +0 +0 +0 +2.592665e-10
12 +0 +0 +0 +1.764494e-10
13 +0 +0 +0 +1.170951e-10
14 +0 +0 +0 +7.789342e-11
15 +0 +0 +0 +5.485916e-11
16 +0 +0 +0 +3.484339e-11
17 +0 +0 +0 +2.162270e-11
18 +0 +0 +0 +1.389873e-11
19 +0 +0 +0 +9.458521e-12
20 +0 +0 +0 +6.219418e-12
21 +0 +0 +0 +5.093129e-12
22 +0 +0 +0 +3.754638e-12
23 +0 +0 +0 +2.481213e-12
24 +0 +0 +0 +2.524066e-12
25 +0 +0 +0 +1.000320e-12
26 +0 +0 +0 +1.141578e-12
27 +0 +0 +0 +4.238731e-13
28 +0 +0 +0 -2.430932e-13
29 +0 +0 +0 +3.141125e-13
30 +0 +0 +0 -2.265886e-13
31 +0 +0 +0 +3.338914e-14
32 +0 +0 +0 +2.925412e-13
33 +0 +0 +0 +1.255400e-12
34 +0 +0 +0 +6.210193e-13
35 +0 +0 +0 +4.896644e-13
36 +0 +0 +0 +3.630472e-13
37 +0 +0 +0 +2.539429e-13
38 +0 +0 +0 +4.633319e-14
39 +0 +0 +0 +1.876921e-13
40 +0 +0 +0 +6.747923e-14
41 +0 +0 +0 -1.822446e-13
42 +0 +0 +0 -3.322905e-13
43 +0 +0 +0 -2.968530e-13
44 +0 +0 +0 -1.702474e-13
45 +0 +0 +0 -2.310253e-13
46 +0 +0 +0 -1.022039e-13
47 +0 +0 +0 -2.661120e-14
48 +0 +0 +0 +7.945020e-14
49 +0 +0 +0 +7.029098e-15
50 +0 +0 +0 +1.638145e-13
51 +0 +0 +0 +8.964969e-14
52 +0 +0 +0 +1.110342e-13
53 +0 +0 +0 +1.657902e-13
54 +0 +0 +0 +7.922166e-14
55 +0 +0 +0 +1.239959e-13
56 +0 +0 +0 +2.040578e-13
57 +0 +0 +0 +1.509524e-13
58 +0 +0 +0 +1.689579e-13
59 +0 +0 +0 +5.684054e-14
60 +0 +0 +0 +1.659549e-13
61 +0 +0 +0 +4.859958e-14
62 +0 +0 +0 +1.276588e-13
63 +0 +0 +0 +1.564913e-13
