0 +0 +0 +0 +1.318169e-08
1 +0 +0 +0 +2.361083e-08
2 +0 +0 +0 +1.312780e-08
3 +0 +0 +0 +7.777228e-09
4 +0 +0 +0 +4.748228e-09
5 +0 +0 +0 +3.056568e-09
6 +0 +0 +0 +1.921769e-09
7 +0 +0 +0 +1.247543e-09
8 +0 +0 +0 +8.185670e-10
9 +0 +0 +0 +5.379112e-10
10 +0 +0 +0 +3.575306e-10
11 +0 +0 +0 +2.335252e-10
12 +0 +0 +0 +1.601875e-10
13 +0 +0 +0 +1.069411e-10
14 +0 +0 +0 +7.732729e-11
15 +0 +0 +0 +5.299032e-11
16 +0 +0 +0 +3.559376e-11
17 +0 +0 +0 +2.215560e-11
18 +0 +0 +0 +1.708868e-11
19 +0 +0 +0 +1.038616e-11
20 +0 +0 +0 +6.964052e-12
21 +0 +0 +0 +5.304088e-12
22 +0 +0 +0 +3.759658e-12
23 +0 +0 +0 +1.895032e-12
24 +0 +0 +0 +7.069576e-13
25 +0 +0 +0 +7.720367e-13
26 +0 +0 +0 +1.272051e-12
27 +0 +0 +0 +1.331593e-12
28 +0 +0 +0 +5.366940e-13
29 +0 +0 +0 +1.044990e-12
30 +0 +0 +0 +7.003032e-13
31 +0 +0 +0 +2.603883e-13
32 +0 +0 +0 +4.534656e-13
33 +0 +0 +0 +4.134432e-13
34 +0 +0 +0 -2.813038e-13
35 +0 +0 +0 -3.623492e-13
36 +0 +0 +0 -2.544394e-13
37 +0 +0 +0 -1.236520e-13
38 +0 +0 +0 +2.211435e-13
39 +0 +0 +0 +2.861496e-13
40 +0 +0 +0 +3.395911e-13
41 +0 +0 +0 -2.471458e-13
42 +0 +0 +0 -4.934119e-14
43 +0 +0 +0 -1.921687e-13
44 +0 +0 +0 -1.050598e-13
45 +0 +0 +0 +3.041576e-14
46 +0 +0 +0 +2.576561e-14
47 +0 +0 +0 -6.918761e-14
48 +0 +0 +0 -1.702816e-14
49 +0 +0 +0 -1.437797e-13
50 +0 +0 +0 -2.500611e-13
51 +0 +0 +0 -3.180818e-13
52 +0 +0 +0 -3.180242e-13
53 +0 +0 +0 -2.971147e-13
54 +0 +0 +0 -2.512443e-13
55 +0 +0 +0 -2.438391e-13
56 +0 +0 +0 -2.045600e-13
57 +0 +0 +0 -2.440564e-13
58 +0 +0 +0 -2.557695e-13
59 +0 +0 +0 -1.977018e-13
60 +0 +0 +0 -9.042482e-14
61 +0 +0 +0 -1.689674e-13
62 +0 +0 +0 -8.755361e-15
63 +0 +0 +0 +5.299705e-14
