0 +0 +0 +0 +1.370836e-08
1 +0 +0 +0 +2.506859e-08
2 +0 +0 +0 +1.410382e-08
3 +0 +0 +0 +8.241083e-09
4 +0 +0 +0 +5.081660e-09
5 +0 +0 +0 +3.261113e-09
6 +0 +0 +0 +2.150786e-09
7 +0 +0 +0 +1.431290e-09
8 +0 +0 +0 +9.105753e-10
9 +0 +0 +0 +6.232766e-10
10 +0 +0 +0 +4.182788e-10
11 +0 +0 +0 +2.583821e-10
12 +0 +0 +0 +1.773406e-10
13 +0 +0 +0 +1.159762e-10
14 +0 +0 +0 +7.279487e-11
15 +0 +0 +0 +4.858074e-11
16 +0 +0 +0 +3.123857e-11
17 +0 +0 +0 +2.358477e-11
18 +0 +0 +0 +1.480582e-11
19 +0 +0 +0 +9.985177e-12
20 +0 +0 +0 +4.411879e-12
21 +0 +0 +0 +3.214802e-12
22 +0 +0 +0 +2.253780e-12
23 +0 +0 +0 +1.460133e-12
24 +0 +0 +0 +2.121586e-12
25 +0 +0 +0 +2.743832e-12
26 +0 +0 +0 +1.259553e-12
27 +0 +0 +0 +9.318758e-13
28 +0 +0 +0 -1.158515e-13
29 +0 +0 +0 -3.296920e-13
30 +0 +0 +0 -1.308723e-13
31 +0 +0 +0 -7.124151e-13
32 +0 +0 +0 -1.352292e-12
33 +0 +0 +0 -1.236871e-12
34 +0 +0 +0 -1.147155e-12
35 +0 +0 +0 -9.694854e-13
36 +0 +0 +0 -6.785388e-13
37 +0 +0 +0 -2.322950e-13
38 +0 +0 +0 -4.126534e-14
39 +0 +0 +0 -2.531426e-13
40 +0 +0 +0 -1.696596e-13
41 +0 +0 +0 -2.223374e-14
42 +0 +0 +0 +1.861586e-13
43 +0 +0 +0 +3.387231e-13
44 +0 +0 +0 +1.721282e-13
45 +0 +0 +0 +2.088173e-13
46 +0 +0 +0 +1.782295e-13
47 +0 +0 +0 +3.877372e-14
48 +0 +0 +0 -7.861760e-14
49 +0 +0 +0 +7.412369e-14
50 +0 +0 +0 -7.734715e-15
51 +0 +0 +0 -9.339900e-14
52 +0 +0 +0 -7.058164e-14
53 +0 +0 +0 +1.042213e-14
54 +0 +0 +0 -3.400937e-14
55 +0 +0 +0 +5.077991e-14
56 +0 +0 +0 +1.849102e-13
57 +0 +0 +0 +2.485709e-13
58 +0 +0 +0 +1.851090e-13
59 +0 +0 +0 +1.904779e-13
60 +0 +0 +0 +1.352812e-13
61 +0 +0 +0 +1.523974e-13
62 +0 +0 +0 +1.553254e-13
63 +0 +0 +0 +1.073161e-13
