0 +0 +0 +0 +1.379721e-08
1 +0 +0 +0 +2.454156e-08
2 +0 +0 +0 +1.358602e-08
3 +0 +0 +0 +8.149732e-09
4 +0 +0 +0 +5.045328e-09
5 +0 +0 +0 +3.199586e-09
6 +0 +0 +0 +2.074486e-09
7 +0 +0 +0 +1.331850e-09
8 +0 +0 +0 +8.814766e-10
9 +0 +0 +0 +5.725790e-10
10 +0 +0 +0 +3.850979e-10
11 +0 +0 +0 +2.630783e-10
12 +0 +0 +0 +1.692881e-10
13 +0 +0 +0 +1.160866e-10
14 +0 +0 +0 +7.634130e-11
15 +0 +0 +0 +5.212322e-11
16 +0 +0 +0 +3.343369e-11
17 +0 +0 +0 +2.316753e-11
18 +0 +0 +0 +1.425585e-11
19 +0 +0 +0 +1.158219e-11
20 +0 +0 +0 +7.802955e-12
21 +0 +0 +0 +5.630710e-12
22 +0 +0 +0 +3.563296e-12
23 +0 +0 +0 +1.359955e-12
24 +0 +0 +0 +1.413558e-12
25 +0 +0 +0 +1.007229e-12
26 +0 +0 +0 +7.400100e-13
27 +0 +0 +0 -1.655902e-13
28 +0 +0 +0 +4.482040e-13
29 +0 +0 +0 +1.230867e-12
30 +0 +0 +0 +1.181267e-12
31 +0 +0 +0 +5.150043e-13
32 +0 +0 +0 +9.828874e-13
33 +0 +0 +0 +1.462963e-12
34 +0 +0 +0 +1.632397e-12
35 +0 +0 +0 +1.456235e-12
36 +0 +0 +0 +8.343148e-13
37 +0 +0 +0 +7.603046e-13
38 +0 +0 +0 +5.171966e-13
39 +0 +0 +0 +1.746946e-13
40 +0 +0 +0 +4.117249e-13
41 +0 +0 +0 +8.583682e-14
42 +0 +0 +0 -1.056231e-13
43 +0 +0 +0 -2.451526e-13
44 +0 +0 +0 -3.074262e-13
45 +0 +0 +0 -7.120283e-14
46 +0 +0 +0 -2.169379e-13
47 +0 +0 +0 -1.664362e-13
48 +0 +0 +0 -7.268733e-14
49 +0 +0 +0 -3.055861e-13
50 +0 +0 +0 -3.229043e-13
51 +0 +0 +0 -3.488278e-13
52 +0 +0 +0 -4.367785e-13
53 +0 +0 +0 -3.762633e-13
54 +0 +0 +0 -1.219799e-13
55 +0 +0 +0 -6.209988e-14
56 +0 +0 +0 -4.319690e-15
57 +0 +0 +0 -4.751908e-14
58 +0 +0 +0 -5.335873e-14
59 +0 +0 +0 -3.099342e-14
60 +0 +0 +0 +3.649543e-14
61 +0 +0 +0 +3.885031e-14
62 +0 +0 +0 +1.092084e-14
63 +0 +0 +0 +6.161356e-14
