0 +0 +0 +0 +1.272136e-08
1 +0 +0 +0 +2.436826e-08
2 +0 +0 +0 +1.337354e-08
3 +0 +0 +0 +7.842782e-09
4 +0 +0 +0 +4.795112e-09
5 +0 +0 +0 +3.133584e-09
6 +0 +0 +0 +2.003260e-09
7 +0 +0 +0 +1.327898e-09
8 +0 +0 +0 +8.810057e-10
9 +0 +0 +0 +5.875258e-10
10 +0 +0 +0 +3.931738e-10
11 +0 +0 +0 +2.709021e-10
12 +0 +0 +0 +1.803814e-10
13 +0 +0 +0 +1.260558e-10
14 +0 +0 +0 +8.550003e-11
15 +0 +0 +0 +6.301640e-11
16 +0 +0 +0 +4.600104e-11
17 +0 +0 +0 +3.274225e-11
18 +0 +0 +0 +2.405000e-11
19 +0 +0 +0 +1.643287e-11
20 +0 +0 +0 +1.197714e-11
21 +0 +0 +0 +9.422570e-12
22 +0 +0 +0 +5.930152e-12
23 +0 +0 +0 +1.811807e-12
24 +0 +0 +0 +9.427028e-13
25 +0 +0 +0 -8.062000e-13
26 +0 +0 +0 -9.423161e-13
27 +0 +0 +0 -4.713587e-13
28 +0 +0 +0 -3.445472e-13
29 +0 +0 +0 -7.860112e-13
30 +0 +0 +0 -6.375730e-13
31 +0 +0 +0 -7.300968e-13
32 +0 +0 +0 -1.127682e-12
33 +0 +0 +0 -1.031565e-12
34 +0 +0 +0 -1.190301e-12
35 +0 +0 +0 -7.486432e-13
36 +0 +0 +0 -3.680022e-13
37 +0 +0 +0 -5.851638e-15
38 +0 +0 +0 -1.571895e-13
39 +0 +0 +0 -3.445183e-13
40 +0 +0 +0 -1.404694e-13
41 +0 +0 +0 -1.531069e-13
42 +0 +0 +0 -2.068991e-13
43 +0 +0 +0 -2.439633e-13
44 +0 +0 +0 -5.998274e-15
45 +0 +0 +0 +8.244075e-14
46 +0 +0 +0 +2.487190e-13
47 +0 +0 +0 +2.245519e-13
48 +0 +0 +0 +3.793387e-13
49 +0 +0 +0 +2.627378e-13
50 +0 +0 +0 +2.215052e-13
51 +0 +0 +0 +2.355167e-13
52 +0 +0 +0 +2.352721e-13
53 +0 +0 +0 +8.721249e-14
54 +0 +0 +0 +1.663144e-14
55 +0 +0 +0 +9.449528e-14
56 +0 +0 +0 +7.464861e-14
57 +0 +0 +0 -6.772616e-14
58 +0 +0 +0 -1.030543e-13
59 +0 +0 +0 -1.839018e-14
60 +0 +0 +0 -3.266893e-14
61 +0 +0 +0 +8.835260e-14
62 +0 +0 +0 -1.285756e-14
63 +0 +0 +0 -3.206999e-14
