0 +0 +0 +0 +1.330072e-08
1 +0 +0 +0 +2.441056e-08
2 +0 +0 +0 +1.351408e-08
3 +0 +0 +0 +7.828244e-09
4 +0 +0 +0 +4.723405e-09
5 +0 +0 +0 +3.030273e-09
6 +0 +0 +0 +1.967304e-09
7 +0 +0 +0 +1.290212e-09
8 +0 +0 +0 +8.426762e-10
9 +0 +0 +0 +5.580588e-10
10 +0 +0 +0 +3.628596e-10
11 +0 +0 +0 +2.444942e-10
12 +0 +0 +0 +1.650093e-10
13 +0 +0 +0 +1.159638e-10
14 +0 +0 +0 +7.623769e-11
15 +0 +0 +0 +5.486758e-11
16 +0 +0 +0 +3.875553e-11
17 +0 +0 +0 +2.474536e-11
18 +0 +0 +0 +1.857592e-11
19 +0 +0 +0 +1.375888e-11
20 +0 +0 +0 +1.120984e-11
21 +0 +0 +0 +8.310252e-12
22 +0 +0 +0 +5.840004e-12
23 +0 +0 +0 +4.354938e-12
24 +0 +0 +0 +2.496723e-12
25 +0 +0 +0 +2.071244e-12
26 +0 +0 +0 +1.377966e-12
27 +0 +0 +0 +5.729850e-13
28 +0 +0 +0 -3.534924e-13
29 +0 +0 +0 -8.980689e-13
30 +0 +0 +0 +2.261447e-15
31 +0 +0 +0 -1.081157e-13
32 +0 +0 +0 -1.514336e-13
33 +0 +0 +0 +3.657514e-13
34 +0 +0 +0 -1.246538e-13
35 +0 +0 +0 -1.445051e-13
36 +0 +0 +0 +1.265830e-13
37 +0 +0 +0 +2.775122e-13
38 +0 +0 +0 -1.047923e-13
39 +0 +0 +0 +2.289370e-13
40 +0 +0 +0 +2.465772e-13
41 +0 +0 +0 +2.257138e-13
42 +0 +0 +0 +3.271727e-13
43 +0 +0 +0 +1.337607e-13
44 +0 +0 +0 +1.058306e-13
45 +0 +0 +0 +1.798462e-13
46 +0 +0 +0 +5.851117e-14
47 +0 +0 +0 +1.075005e-13
48 +0 +0 +0 +4.902722e-14
49 +0 +0 +0 +2.548377e-13
50 +0 +0 +0 +2.503248e-13
51 +0 +0 +0 +1.727943e-13
52 +0 +0 +0 +1.630111e-13
53 +0 +0 +0 +7.695597e-14
54 +0 +0 +0 -1.585330e-14
55 +0 +0 +0 -5.189458e-14
56 +0 +0 +0 -6.199673e-15
57 +0 +0 +0 -9.418345e-14
58 +0 +0 +0 -5.411475e-14
59 +0 +0 +0 -2.903256e-15
60 +0 +0 +0 +9.167054e-14
61 +0 +0 +0 +5.341679e-14
62 +0 +0 +0 +1.114379e-14
63 +0 +0 +0 +3.503182e-14
