0 +0 +0 +0 +1.350404e-08
1 +0 +0 +0 +2.478221e-08
2 +0 +0 +0 +1.385787e-08
3 +0 +0 +0 +8.296428e-09
4 +0 +0 +0 +5.205334e-09
5 +0 +0 +0 +3.342633e-09
6 +0 +0 +0 +2.244221e-09
7 +0 +0 +0 +1.444272e-09
8 +0 +0 +0 +9.586680e-10
9 +0 +0 +0 +6.526979e-10
10 +0 +0 +0 +4.336687e-10
11 +0 +0 +0 +2.937212e-10
12 +0 +0 +0 +1.996649e-10
13 +0 +0 +0 +1.396844e-10
14 +0 +0 +0 +8.735989e-11
15 +0 +0 +0 +6.055756e-11
16 +0 +0 +0 +3.882224e-11
17 +0 +0 +0 +2.390977e-11
18 +0 +0 +0 +1.402605e-11
19 +0 +0 +0 +9.005050e-12
20 +0 +0 +0 +6.691862e-12
21 +0 +0 +0 +4.897403e-12
22 +0 +0 +0 +3.404946e-12
23 +0 +0 +0 +2.394804e-12
24 +0 +0 +0 +2.451801e-12
25 +0 +0 +0 +2.038544e-12
26 +0 +0 +0 +3.178240e-13
27 +0 +0 +0 -6.608768e-13
28 +0 +0 +0 +8.729716e-13
29 +0 +0 +0 +9.294487e-14
30 +0 +0 +0 +2.605189e-13
31 +0 +0 +0 +7.951027e-14
32 +0 +0 +0 -2.078600e-13
33 +0 +0 +0 +4.675882e-13
34 +0 +0 +0 +4.254164e-13
35 +0 +0 +0 +4.349261e-13
36 +0 +0 +0 +4.779808e-13
37 +0 +0 +0 +5.887605e-13
38 +0 +0 +0 +1.135283e-13
39 +0 +0 +0 -7.190111e-14
40 +0 +0 +0 +9.143577e-14
41 +0 +0 +0 +1.614446e-13
42 +0 +0 +0 +2.675205e-13
43 +0 +0 +0 +2.480334e-13
44 +0 +0 +0 +2.755448e-13
45 +0 +0 +0 -7.327863e-16
46 +0 +0 +0 -3.369794e-14
47 +0 +0 +0 -2.765929e-13
48 +0 +0 +0 -2.495142e-13
49 +0 +0 +0 -5.194498e-14
50 +0 +0 +0 -5.790269e-14
51 +0 +0 +0 +5.059585e-14
52 +0 +0 +0 +1.349471e-14
53 +0 +0 +0 +2.275131e-14
54 +0 +0 +0 -1.847331e-14
55 +0 +0 +0 +1.045169e-13
56 +0 +0 +0 -1.283806e-14
57 +0 +0 +0 -1.265371e-13
58 +0 +0 +0 -1.209093e-13
59 +0 +0 +0 -5.124106e-14
60 +0 +0 +0 -8.004727e-14
61 +0 +0 +0 -6.542541e-14
62 +0 +0 +0 +4.659932e-14
63 +0 +0 +0 -3.706097e-14
