0 +0 +0 +0 +1.351019e-08
1 +0 +0 +0 +2.506144e-08
2 +0 +0 +0 +1.396366e-08
3 +0 +0 +0 +8.242601e-09
4 +0 +0 +0 +5.085652e-09
5 +0 +0 +0 +3.183044e-09
6 +0 +0 +0 +2.095742e-09
7 +0 +0 +0 +1.371393e-09
8 +0 +0 +0 +8.899175e-10
9 +0 +0 +0 +6.022457e-10
10 +0 +0 +0 +4.143528e-10
11 +0 +0 +0 +2.842786e-10
12 +0 +0 +0 +1.883024e-10
13 +0 +0 +0 +1.199518e-10
14 +0 +0 +0 +8.412375e-11
15 +0 +0 +0 +5.816381e-11
16 +0 +0 +0 +4.146447e-11
17 +0 +0 +0 +2.744019e-11
18 +0 +0 +0 +2.192320e-11
19 +0 +0 +0 +1.682299e-11
20 +0 +0 +0 +1.272568e-11
21 +0 +0 +0 +9.326399e-12
22 +0 +0 +0 +6.409265e-12
23 +0 +0 +0 +4.221588e-12
24 +0 +0 +0 +2.342685e-12
25 +0 +0 +0 +1.989100e-12
26 +0 +0 +0 +5.579371e-13
27 +0 +0 +0 -2.205762e-14
28 +0 +0 +0 -1.192415e-12
29 +0 +0 +0 -9.044696e-13
30 +0 +0 +0 -1.408135e-12
31 +0 +0 +0 -1.774528e-12
32 +0 +0 +0 -1.793629e-12
33 +0 +0 +0 -1.268744e-12
34 +0 +0 +0 -8.711537e-13
35 +0 +0 +0 -7.420402e-13
36 +0 +0 +0 -8.518935e-13
37 +0 +0 +0 -7.558608e-13
38 +0 +0 +0 -3.788813e-13
39 +0 +0 +0 -3.025220e-13
40 +0 +0 +0 +7.292750e-16
41 +0 +0 +0 -6.354615e-14
42 +0 +0 +0 +1.921439e-13
43 +0 +0 +0 +2.275327e-13
44 +0 +0 +0 +1.833777e-13
45 +0 +0 +0 +2.067944e-13
46 +0 +0 +0 +2.024288e-13
47 +0 +0 +0 +2.640728e-13
48 +0 +0 +0 +2.695917e-13
49 +0 +0 +0 +3.178652e-13
50 +0 +0 +0 +1.582083e-13
51 +0 +0 +0 +4.703382e-15
52 +0 +0 +0 -1.074245e-13
53 +0 +0 +0 -2.097500e-13
54 +0 +0 +0 -1.809859e-13
55 +0 +0 +0 -1.963527e-13
56 +0 +0 +0 -2.123976e-13
57 +0 +0 +0 -4.510768e-14
58 +0 +0 +0 +2.642880e-14
59 +0 +0 +0 +3.235236e-14
60 +0 +0 +0 -2.882478e-14
61 +0 +0 +0 -4.723660e-14
62 +0 +0 +0 -2.255287e-14
63 +0 +0 +0 -3.060502e-14
