0 +0 +0 +0 +1.299767e-08
1 +0 +0 +0 +2.414222e-08
2 +0 +0 +0 +1.335076e-08
3 +0 +0 +0 +7.859213e-09
4 +0 +0 +0 +4.983063e-09
5 +0 +0 +0 +3.195653e-09
6 +0 +0 +0 +2.085584e-09
7 +0 +0 +0 +1.338882e-09
8 +0 +0 +0 +8.652718e-10
9 +0 +0 +0 +5.804323e-10
10 +0 +0 +0 +3.911599e-10
11 +0 +0 +0 +2.587771e-10
12 +0 +0 +0 +1.774772e-10
13 +0 +0 +0 +1.265233e-10
14 +0 +0 +0 +8.379502e-11
15 +0 +0 +0 +5.612263e-11
16 +0 +0 +0 +4.273099e-11
17 +0 +0 +0 +2.559966e-11
18 +0 +0 +0 +1.945860e-11
19 +0 +0 +0 +1.414590e-11
20 +0 +0 +0 +9.974652e-12
21 +0 +0 +0 +8.229977e-12
22 +0 +0 +0 +5.876777e-12
23 +0 +0 +0 +3.241761e-12
24 +0 +0 +0 +1.850943e-12
25 +0 +0 +0 +9.797352e-13
26 +0 +0 +0 +4.355194e-13
27 +0 +0 +0 -7.107773e-13
28 +0 +0 +0 -1.261528e-12
29 +0 +0 +0 -1.383862e-12
30 +0 +0 +0 -1.617781e-12
31 +0 +0 +0 -9.327599e-13
32 +0 +0 +0 -3.263454e-13
33 +0 +0 +0 -2.182116e-13
34 +0 +0 +0 +1.764404e-13
35 +0 +0 +0 +3.328213e-13
36 +0 +0 +0 +2.745625e-13
37 +0 +0 +0 +4.492068e-13
38 +0 +0 +0 +5.832054e-13
39 +0 +0 +0 +4.166755e-13
40 +0 +0 +0 +1.937619e-13
41 +0 +0 +0 +2.897315e-13
42 +0 +0 +0 +3.413384e-13
43 +0 +0 +0 +3.676508e-13
44 +0 +0 +0 +3.805241e-13
45 +0 +0 +0 +3.397966e-13
46 +0 +0 +0 +1.954595e-13
47 +0 +0 +0 +5.649266e-15
48 +0 +0 +0 +1.624652e-14
49 +0 +0 +0 -7.976322e-14
50 +0 +0 +0 -5.464658e-14
51 +0 +0 +0 -8.355866e-14
52 +0 +0 +0 -1.051463e-13
53 +0 +0 +0 -6.093091e-14
54 +0 +0 +0 +9.118643e-15
55 +0 +0 +0 +1.042647e-13
56 +0 +0 +0 +1.848220e-14
57 +0 +0 +0 +1.860433e-14
58 +0 +0 +0 +4.192161e-14
59 +0 +0 +0 -5.302648e-14
60 +0 +0 +0 -8.107069e-14
61 +0 +0 +0 -5.909660e-14
62 +0 +0 +0 -1.822653e-14
63 +0 +0 +0 -6.554653e-14
