0 +0 +0 +0 +1.396847e-08
1 +0 +0 +0 +2.473023e-08
2 +0 +0 +0 +1.412529e-08
3 +0 +0 +0 +8.291577e-09
4 +0 +0 +0 +5.015784e-09
5 +0 +0 +0 +3.204332e-09
6 +0 +0 +0 +2.077260e-09
7 +0 +0 +0 +1.364194e-09
8 +0 +0 +0 +9.081270e-10
9 +0 +0 +0 +6.125471e-10
10 +0 +0 +0 +3.964148e-10
11 +0 +0 +0 +2.648990e-10
12 +0 +0 +0 +1.840167e-10
13 +0 +0 +0 +1.275005e-10
14 +0 +0 +0 +9.075914e-11
15 +0 +0 +0 +6.450045e-11
16 +0 +0 +0 +4.486259e-11
17 +0 +0 +0 +2.788934e-11
18 +0 +0 +0 +2.318074e-11
19 +0 +0 +0 +1.697239e-11
20 +0 +0 +0 +1.311290e-11
21 +0 +0 +0 +8.012007e-12
22 +0 +0 +0 +5.177743e-12
23 +0 +0 +0 +2.976811e-12
24 +0 +0 +0 +1.124781e-12
25 +0 +0 +0 +6.578226e-13
26 +0 +0 +0 -4.032508e-14
27 +0 +0 +0 -1.175374e-12
28 +0 +0 +0 -2.186649e-12
29 +0 +0 +0 -1.636794e-12
30 +0 +0 +0 -1.204205e-12
31 +0 +0 +0 -9.225247e-13
32 +0 +0 +0 -1.108034e-12
33 +0 +0 +0 -8.690406e-13
34 +0 +0 +0 -5.652195e-13
35 +0 +0 +0 -4.873587e-13
36 +0 +0 +0 -4.148593e-13
37 +0 +0 +0 -4.013010e-13
38 +0 +0 +0 -3.863120e-13
39 +0 +0 +0 -1.849233e-13
40 +0 +0 +0 -3.903215e-13
41 +0 +0 +0 -6.447336e-13
42 +0 +0 +0 -4.629556e-13
43 +0 +0 +0 -4.582140e-13
44 +0 +0 +0 -7.479287e-14
45 +0 +0 +0 -6.110662e-14
46 +0 +0 +0 -2.172927e-13
47 +0 +0 +0 -3.098299e-13
48 +0 +0 +0 -1.876109e-13
49 +0 +0 +0 -2.395798e-13
50 +0 +0 +0 -1.755118e-13
51 +0 +0 +0 -5.529807e-14
52 +0 +0 +0 -1.588103e-14
53 +0 +0 +0 -9.107004e-14
54 +0 +0 +0 +1.204194e-14
55 +0 +0 +0 -1.877204e-13
56 +0 +0 +0 -1.952492e-13
57 +0 +0 +0 -1.847818e-13
58 +0 +0 +0 -1.698580e-13
59 +0 +0 +0 -1.589210e-13
60 +0 +0 +0 -2.251338e-13
61 +0 +0 +0 -1.551691e-13
62 +0 +0 +0 -6.809109e-14
63 +0 +0 +0 +3.499592e-14
