0 +0 +0 +0 +1.343751e-08
1 +0 +0 +0 +2.423264e-08
2 +0 +0 +0 +1.349192e-08
3 +0 +0 +0 +7.880892e-09
4 +0 +0 +0 +4.987476e-09
5 +0 +0 +0 +3.113510e-09
6 +0 +0 +0 +1.954650e-09
7 +0 +0 +0 +1.278387e-09
8 +0 +0 +0 +8.342124e-10
9 +0 +0 +0 +5.437276e-10
10 +0 +0 +0 +3.458453e-10
11 +0 +0 +0 +2.346438e-10
12 +0 +0 +0 +1.608904e-10
13 +0 +0 +0 +1.086673e-10
14 +0 +0 +0 +7.176659e-11
15 +0 +0 +0 +4.484606e-11
16 +0 +0 +0 +3.280422e-11
17 +0 +0 +0 +2.119030e-11
18 +0 +0 +0 +1.459996e-11
19 +0 +0 +0 +1.038680e-11
20 +0 +0 +0 +6.490639e-12
21 +0 +0 +0 +5.050045e-12
22 +0 +0 +0 +3.577609e-12
23 +0 +0 +0 +3.650371e-12
24 +0 +0 +0 +4.025076e-12
25 +0 +0 +0 +3.173711e-12
26 +0 +0 +0 +2.269806e-12
27 +0 +0 +0 +8.240082e-13
28 +0 +0 +0 +8.028936e-13
29 +0 +0 +0 +9.698730e-13
30 +0 +0 +0 +7.086737e-13
31 +0 +0 +0 -1.465061e-13
32 +0 +0 +0 -3.151325e-13
33 +0 +0 +0 -4.449242e-13
34 +0 +0 +0 -4.409029e-13
35 +0 +0 +0 -1.526400e-13
36 +0 +0 +0 +1.202183e-13
37 +0 +0 +0 -9.782771e-14
38 +0 +0 +0 -1.322170e-14
39 +0 +0 +0 +7.330139e-14
40 +0 +0 +0 -5.556471e-14
41 +0 +0 +0 +1.289530e-13
42 +0 +0 +0 +1.565915e-13
43 +0 +0 +0 +4.782437e-14
44 +0 +0 +0 -2.157476e-14
45 +0 +0 +0 -7.766211e-14
46 +0 +0 +0 -6.102773e-14
47 +0 +0 +0 -2.065950e-13
48 +0 +0 +0 -2.466400e-13
49 +0 +0 +0 -1.223176e-13
50 +0 +0 +0 -7.084589e-14
51 +0 +0 +0 +4.469767e-14
52 +0 +0 +0 +8.527881e-14
53 +0 +0 +0 +5.018382e-14
54 +0 +0 +0 +7.314745e-14
55 +0 +0 +0 +6.902843e-14
56 +0 +0 +0 +2.601811e-14
57 +0 +0 +0 -6.421968e-14
58 +0 +0 +0 +2.653085e-14
59 +0 +0 +0 +3.040860e-14
60 +0 +0 +0 +7.504470e-14
61 +0 +0 +0 +1.245063e-13
62 +0 +0 +0 +3.679579e-14
63 +0 +0 +0 +1.191716e-13
