0 +0 +0 +0 +1.326741e-08
1 +0 +0 +0 +2.433834e-08
2 +0 +0 +0 +1.357370e-08
3 +0 +0 +0 +8.137282e-09
4 +0 +0 +0 +5.086288e-09
5 +0 +0 +0 +3.200000e-09
6 +0 +0 +0 +2.093066e-09
7 +0 +0 +0 +1.381670e-09
8 +0 +0 +0 +9.065247e-10
9 +0 +0 +0 +6.050944e-10
10 +0 +0 +0 +4.062176e-10
11 +0 +0 +0 +2.751755e-10
12 +0 +0 +0 +1.840369e-10
13 +0 +0 +0 +1.237947e-10
14 +0 +0 +0 +8.454589e-11
15 +0 +0 +0 +6.119331e-11
16 +0 +0 +0 +4.511114e-11
17 +0 +0 +0 +3.541446e-11
18 +0 +0 +0 +2.449997e-11
19 +0 +0 +0 +1.295576e-11
20 +0 +0 +0 +1.072379e-11
21 +0 +0 +0 +6.595655e-12
22 +0 +0 +0 +4.151383e-12
23 +0 +0 +0 +1.952322e-12
24 +0 +0 +0 +7.165975e-13
25 +0 +0 +0 +7.497223e-13
26 +0 +0 +0 -4.843185e-13
27 +0 +0 +0 -6.478472e-13
28 +0 +0 +0 -2.417564e-13
29 +0 +0 +0 -7.234231e-13
30 +0 +0 +0 -2.937539e-13
31 +0 +0 +0 -6.718646e-13
32 +0 +0 +0 -1.578977e-13
33 +0 +0 +0 -5.985194e-13
34 +0 +0 +0 -3.366612e-13
35 +0 +0 +0 -6.381108e-13
36 +0 +0 +0 -3.037323e-13
37 +0 +0 +0 -2.740231e-13
38 +0 +0 +0 -2.261026e-13
39 +0 +0 +0 -2.071005e-13
40 +0 +0 +0 +5.159088e-15
41 +0 +0 +0 -1.642290e-13
42 +0 +0 +0 -1.966869e-14
43 +0 +0 +0 +2.602146e-14
44 +0 +0 +0 +1.687487e-13
45 +0 +0 +0 +1.548546e-13
46 +0 +0 +0 +1.863002e-13
47 +0 +0 +0 -3.070651e-14
48 +0 +0 +0 -9.525524e-14
49 +0 +0 +0 -2.024619e-13
50 +0 +0 +0 -1.436276e-13
51 +0 +0 +0 -6.698372e-15
52 +0 +0 +0 +7.355212e-14
53 +0 +0 +0 +1.232382e-13
54 +0 +0 +0 +1.505160e-13
55 +0 +0 +0 +1.680764e-13
56 +0 +0 +0 +1.312843e-13
57 +0 +0 +0 +2.130502e-13
58 +0 +0 +0 +8.429585e-14
59 +0 +0 +0 +1.045525e-13
60 +0 +0 +0 +8.546873e-14
61 +0 +0 +0 +1.651123e-13
62 +0 +0 +0 +3.603797e-14
63 +0 +0 +0 -1.548893e-14
