0 +0 +0 +0 +1.308818e-08
1 +0 +0 +0 +2.385446e-08
2 +0 +0 +0 +1.350459e-08
3 +0 +0 +0 +7.914222e-09
4 +0 +0 +0 +4.881808e-09
5 +0 +0 +0 +3.097721e-09
6 +0 +0 +0 +2.010282e-09
7 +0 +0 +0 +1.357606e-09
8 +0 +0 +0 +8.900344e-10
9 +0 +0 +0 +5.855450e-10
10 +0 +0 +0 +3.880124e-10
11 +0 +0 +0 +2.636707e-10
12 +0 +0 +0 +1.742471e-10
13 +0 +0 +0 +1.175541e-10
14 +0 +0 +0 +8.542318e-11
15 +0 +0 +0 +5.689062e-11
16 +0 +0 +0 +3.741795e-11
17 +0 +0 +0 +2.566459e-11
18 +0 +0 +0 +1.829198e-11
19 +0 +0 +0 +1.077966e-11
20 +0 +0 +0 +6.782302e-12
21 +0 +0 +0 +6.201721e-12
22 +0 +0 +0 +4.008562e-12
23 +0 +0 +0 +2.055968e-12
24 +0 +0 +0 +1.354054e-12
25 +0 +0 +0 +7.679692e-13
26 +0 +0 +0 +8.400876e-13
27 +0 +0 +0 +1.310200e-12
28 +0 +0 +0 +9.588960e-13
29 +0 +0 +0 +1.014105e-12
30 +0 +0 +0 +3.889186e-13
31 +0 +0 +0 -1.342005e-13
32 +0 +0 +0 +1.314562e-13
33 +0 +0 +0 -1.617069e-13
34 +0 +0 +0 +5.667417e-14
35 +0 +0 +0 -2.427262e-14
36 +0 +0 +0 -2.978238e-13
37 +0 +0 +0 -7.642374e-14
38 +0 +0 +0 -1.543743e-13
39 +0 +0 +0 -1.401427e-13
40 +0 +0 +0 -3.940683e-13
41 +0 +0 +0 -3.776362e-13
42 +0 +0 +0 -2.222068e-13
43 +0 +0 +0 -1.697381e-13
44 +0 +0 +0 -8.333656e-14
45 +0 +0 +0 +1.293593e-13
46 +0 +0 +0 +1.089460e-13
47 +0 +0 +0 +1.240635e-13
48 +0 +0 +0 +1.086237e-13
49 +0 +0 +0 +1.740543e-13
50 +0 +0 +0 +1.862516e-13
51 +0 +0 +0 +2.849222e-13
52 +0 +0 +0 +2.601614e-13
53 +0 +0 +0 +2.172335e-13
54 +0 +0 +0 +2.042856e-13
55 +0 +0 +0 +1.716510e-13
56 +0 +0 +0 +8.791017e-14
57 +0 +0 +0 +1.560157e-13
58 +0 +0 +0 +5.420817e-14
59 +0 +0 +0 +3.075632e-15
60 +0 +0 +0 +8.123272e-14
61 +0 +0 +0 -9.065876e-15
62 +0 +0 +0 +1.440023e-14
63 +0 +0 +0 -3.221329e-14
