0 +0 +0 +0 +1.239920e-08
1 +0 +0 +0 +2.430078e-08
2 +0 +0 +0 +1.364859e-08
3 +0 +0 +0 +7.814197e-09
4 +0 +0 +0 +4.767131e-09
5 +0 +0 +0 +3.027238e-09
6 +0 +0 +0 +1.922775e-09
7 +0 +0 +0 +1.233971e-09
8 +0 +0 +0 +8.002898e-10
9 +0 +0 +0 +5.403492e-10
10 +0 +0 +0 +3.656319e-10
11 +0 +0 +0 +2.463636e-10
12 +0 +0 +0 +1.671396e-10
13 +0 +0 +0 +1.097616e-10
14 +0 +0 +0 +7.572978e-11
15 +0 +0 +0 +5.262531e-11
16 +0 +0 +0 +3.289517e-11
17 +0 +0 +0 +2.334059e-11
18 +0 +0 +0 +1.661218e-11
19 +0 +0 +0 +1.233563e-11
20 +0 +0 +0 +8.878380e-12
21 +0 +0 +0 +7.580643e-12
22 +0 +0 +0 +5.213519e-12
23 +0 +0 +0 +4.706885e-12
24 +0 +0 +0 +3.324892e-12
25 +0 +0 +0 +3.837031e-12
26 +0 +0 +0 +3.093014e-12
27 +0 +0 +0 +2.675035e-12
28 +0 +0 +0 +2.240577e-12
29 +0 +0 +0 +2.175040e-12
30 +0 +0 +0 +2.078646e-12
31 +0 +0 +0 +1.933053e-12
32 +0 +0 +0 +1.230825e-12
33 +0 +0 +0 +8.039643e-13
34 +0 +0 +0 +5.281626e-13
35 +0 +0 +0 +6.462544e-13
36 +0 +0 +0 +5.934982e-13
37 +0 +0 +0 +3.882849e-13
38 +0 +0 +0 +7.005083e-14
39 +0 +0 +0 +1.397260e-13
40 +0 +0 +0 +7.069104e-14
41 +0 +0 +0 -2.454263e-14
42 +0 +0 +0 -5.638773e-14
43 +0 +0 +0 -2.316540e-13
44 +0 +0 +0 -1.358887e-13
45 +0 +0 +0 -1.040048e-13
46 +0 +0 +0 +1.215121e-13
47 +0 +0 +0 +2.730901e-13
48 +0 +0 +0 +2.517442e-13
49 +0 +0 +0 +5.776272e-15
50 +0 +0 +0 -1.110577e-13
51 +0 +0 +0 -1.704560e-13
52 +0 +0 +0 -2.713923e-13
53 +0 +0 +0 -1.242084e-13
54 +0 +0 +0 -9.688721e-14
55 +0 +0 +0 -8.637134e-14
56 +0 +0 +0 -6.146023e-15
57 +0 +0 +0 +2.141470e-14
58 +0 +0 +0 +4.664938e-14
59 +0 +0 +0 +4.097867e-14
60 +0 +0 +0 +1.455314e-14
61 +0 +0 +0 +1.219134e-14
62 +0 +0 +0 +5.801214e-14
63 +0 +0 +0 -8.490563e-14
