0 +0 +0 +0 +1.277778e-08
1 +0 +0 +0 +2.381036e-08
2 +0 +0 +0 +1.325478e-08
3 +0 +0 +0 +7.782470e-09
4 +0 +0 +0 +4.781824e-09
5 +0 +0 +0 +3.071081e-09
6 +0 +0 +0 +2.005049e-09
7 +0 +0 +0 +1.342189e-09
8 +0 +0 +0 +8.752470e-10
9 +0 +0 +0 +5.960649e-10
10 +0 +0 +0 +4.041422e-10
11 +0 +0 +0 +2.689311e-10
12 +0 +0 +0 +1.925761e-10
13 +0 +0 +0 +1.268333e-10
14 +0 +0 +0 +8.725578e-11
15 +0 +0 +0 +6.135816e-11
16 +0 +0 +0 +3.823505e-11
17 +0 +0 +0 +2.820390e-11
18 +0 +0 +0 +1.925995e-11
19 +0 +0 +0 +1.213918e-11
20 +0 +0 +0 +8.048753e-12
21 +0 +0 +0 +4.360636e-12
22 +0 +0 +0 +3.060371e-12
23 +0 +0 +0 +1.857321e-12
24 +0 +0 +0 +9.619382e-13
25 +0 +0 +0 +4.639770e-13
26 +0 +0 +0 -2.291401e-14
27 +0 +0 +0 -9.201162e-13
28 +0 +0 +0 -4.392732e-13
29 +0 +0 +0 +7.980622e-13
30 +0 +0 +0 +1.160982e-12
31 +0 +0 +0 +1.126188e-12
32 +0 +0 +0 +1.680660e-12
33 +0 +0 +0 +2.442562e-13
34 +0 +0 +0 +9.825132e-14
35 +0 +0 +0 +4.508027e-13
36 +0 +0 +0 +5.367441e-13
37 +0 +0 +0 +2.764902e-14
38 +0 +0 +0 +2.928017e-13
39 +0 +0 +0 +1.100354e-13
40 +0 +0 +0 +2.020111e-13
41 +0 +0 +0 +4.390443e-13
42 +0 +0 +0 +1.192770e-13
43 +0 +0 +0 +2.058132e-13
44 +0 +0 +0 +1.371860e-13
45 +0 +0 +0 +8.448282e-14
46 +0 +0 +0 +9.287536e-14
47 +0 +0 +0 +2.169977e-13
48 +0 +0 +0 +1.537271e-13
49 +0 +0 +0 +2.503773e-13
50 +0 +0 +0 +3.616067e-14
51 +0 +0 +0 +4.598361e-14
52 +0 +0 +0 +9.710684e-14
53 +0 +0 +0 +1.161907e-13
54 +0 +0 +0 +8.257789e-14
55 +0 +0 +0 +1.269840e-13
56 +0 +0 +0 +8.595093e-14
57 +0 +0 +0 -7.082078e-14
58 +0 +0 +0 -5.720378e-14
59 +0 +0 +0 -1.444514e-14
60 +0 +0 +0 -5.368557e-14
61 +0 +0 +0 -2.591040e-14
62 +0 +0 +0 +5.707446e-14
63 +0 +0 +0 -5.322072e-14
