0 +0 +0 +0 +1.348970e-08
1 +0 +0 +0 +2.381384e-08
2 +0 +0 +0 +1.348600e-08
3 +0 +0 +0 +7.944565e-09
4 +0 +0 +0 +4.857243e-09
5 +0 +0 +0 +3.096702e-09
6 +0 +0 +0 +1.950843e-09
7 +0 +0 +0 +1.249889e-09
8 +0 +0 +0 +8.322804e-10
9 +0 +0 +0 +5.523011e-10
10 +0 +0 +0 +3.788421e-10
11 +0 +0 +0 +2.550270e-10
12 +0 +0 +0 +1.703975e-10
13 +0 +0 +0 +1.114265e-10
14 +0 +0 +0 +7.350700e-11
15 +0 +0 +0 +4.655844e-11
16 +0 +0 +0 +3.409350e-11
17 +0 +0 +0 +2.261173e-11
18 +0 +0 +0 +1.274543e-11
19 +0 +0 +0 +1.007069e-11
20 +0 +0 +0 +6.601596e-12
21 +0 +0 +0 +4.415856e-12
22 +0 +0 +0 +3.121281e-12
23 +0 +0 +0 +3.137297e-12
24 +0 +0 +0 +3.589722e-12
25 +0 +0 +0 +3.202553e-12
26 +0 +0 +0 +2.969457e-12
27 +0 +0 +0 +1.584891e-12
28 +0 +0 +0 +6.242627e-13
29 +0 +0 +0 -3.562062e-13
30 +0 +0 +0 -7.297923e-13
31 +0 +0 +0 -7.816060e-13
32 +0 +0 +0 -7.962956e-13
33 +0 +0 +0 -1.300504e-12
34 +0 +0 +0 -1.099448e-12
35 +0 +0 +0 -7.321678e-13
36 +0 +0 +0 -4.398078e-13
37 +0 +0 +0 -2.247371e-13
38 +0 +0 +0 -1.128698e-13
39 +0 +0 +0 +6.541774e-14
40 +0 +0 +0 +1.513766e-13
41 +0 +0 +0 +2.033780e-13
42 +0 +0 +0 +2.067243e-13
43 +0 +0 +0 +8.038144e-14
44 +0 +0 +0 +8.467845e-14
45 +0 +0 +0 +1.768101e-14
46 +0 +0 +0 +9.797110e-14
47 +0 +0 +0 +1.866948e-14
48 +0 +0 +0 -7.535379e-14
49 +0 +0 +0 -3.089004e-14
50 +0 +0 +0 -9.500612e-14
51 +0 +0 +0 +1.351578e-14
52 +0 +0 +0 +1.245119e-13
53 +0 +0 +0 +4.028913e-14
54 +0 +0 +0 -7.437238e-14
55 +0 +0 +0 -7.968816e-14
56 +0 +0 +0 -1.698381e-13
57 +0 +0 +0 -9.740541e-14
58 +0 +0 +0 -7.346820e-14
59 +0 +0 +0 -2.183255e-14
60 +0 +0 +0 -3.457880e-14
61 +0 +0 +0 -3.561039e-15
62 +0 +0 +0 +9.037925e-14
63 +0 +0 +0 +1.426465e-13
