0 +0 +0 +0 +1.333210e-08
1 +0 +0 +0 +2.461305e-08
2 +0 +0 +0 +1.365455e-08
3 +0 +0 +0 +7.913487e-09
4 +0 +0 +0 +4.945316e-09
5 +0 +0 +0 +3.181511e-09
6 +0 +0 +0 +2.050921e-09
7 +0 +0 +0 +1.342955e-09
8 +0 +0 +0 +8.955132e-10
9 +0 +0 +0 +5.814245e-10
10 +0 +0 +0 +3.872348e-10
11 +0 +0 +0 +2.692774e-10
12 +0 +0 +0 +1.749566e-10
13 +0 +0 +0 +1.208586e-10
14 +0 +0 +0 +8.358760e-11
15 +0 +0 +0 +5.372459e-11
16 +0 +0 +0 +3.467408e-11
17 +0 +0 +0 +2.681549e-11
18 +0 +0 +0 +1.772899e-11
19 +0 +0 +0 +1.241235e-11
20 +0 +0 +0 +9.075296e-12
21 +0 +0 +0 +6.885894e-12
22 +0 +0 +0 +5.774394e-12
23 +0 +0 +0 +4.657281e-12
24 +0 +0 +0 +3.553489e-12
25 +0 +0 +0 +1.980207e-12
26 +0 +0 +0 +9.906273e-13
27 +0 +0 +0 +8.611032e-13
28 +0 +0 +0 +8.782917e-13
29 +0 +0 +0 +1.097501e-12
30 +0 +0 +0 +5.777591e-13
31 +0 +0 +0 +3.833991e-13
32 +0 +0 +0 +1.782606e-13
33 +0 +0 +0 -4.940205e-13
34 +0 +0 +0 +4.165803e-14
35 +0 +0 +0 -3.855897e-13
36 +0 +0 +0 -6.784973e-13
37 +0 +0 +0 -3.141561e-13
38 +0 +0 +0 -4.787006e-13
39 +0 +0 +0 -4.047079e-13
40 +0 +0 +0 -4.383875e-13
41 +0 +0 +0 -4.299402e-13
42 +0 +0 +0 -4.252208e-14
43 +0 +0 +0 -1.177802e-14
44 +0 +0 +0 +2.840793e-13
45 +0 +0 +0 +7.967513e-14
46 +0 +0 +0 +2.462600e-13
47 +0 +0 +0 +1.905347e-13
48 +0 +0 +0 +2.254744e-13
49 +0 +0 +0 +1.530832e-13
50 +0 +0 +0 +2.270327e-13
51 +0 +0 +0 +1.773938e-13
52 +0 +0 +0 -3.285458e-16
53 +0 +0 +0 -2.890252e-14
54 +0 +0 +0 +4.265122e-14
55 +0 +0 +0 +5.121577e-14
56 +0 +0 +0 +1.054171e-14
57 +0 +0 +0 -6.170711e-14
58 +0 +0 +0 -2.310167e-14
59 +0 +0 +0 -2.954335e-14
60 +0 +0 +0 -3.465924e-14
61 +0 +0 +0 -9.606934e-14
62 +0 +0 +0 -1.158151e-13
63 +0 +0 +0 -1.000783e-13
