0 +0 +0 +0 +1.351369e-08
1 +0 +0 +0 +2.441256e-08
2 +0 +0 +0 +1.326886e-08
3 +0 +0 +0 +7.802524e-09
4 +0 +0 +0 +4.864299e-09
5 +0 +0 +0 +3.107588e-09
6 +0 +0 +0 +2.041574e-09
7 +0 +0 +0 +1.395886e-09
8 +0 +0 +0 +9.345516e-10
9 +0 +0 +0 +6.088080e-10
10 +0 +0 +0 +4.005176e-10
11 +0 +0 +0 +2.608773e-10
12 +0 +0 +0 +1.745891e-10
13 +0 +0 +0 +1.186674e-10
14 +0 +0 +0 +8.462083e-11
15 +0 +0 +0 +5.758852e-11
16 +0 +0 +0 +3.924529e-11
17 +0 +0 +0 +2.788824e-11
18 +0 +0 +0 +1.616259e-11
19 +0 +0 +0 +8.152574e-12
20 +0 +0 +0 +2.883020e-12
21 +0 +0 +0 +3.422220e-12
22 +0 +0 +0 +3.599100e-12
23 +0 +0 +0 +1.484375e-12
24 +0 +0 +0 +5.016675e-13
25 +0 +0 +0 +6.450874e-13
26 +0 +0 +0 +1.507734e-13
27 +0 +0 +0 -1.006168e-13
28 +0 +0 +0 -3.105046e-13
29 +0 +0 +0 +7.721179e-13
30 +0 +0 +0 +4.162630e-13
31 +0 +0 +0 +1.582787e-12
32 +0 +0 +0 +1.739510e-12
33 +0 +0 +0 +6.550742e-13
34 +0 +0 +0 +9.073432e-13
35 +0 +0 +0 +7.153172e-13
36 +0 +0 +0 +4.460106e-13
37 +0 +0 +0 +3.652222e-13
38 +0 +0 +0 -7.386272e-14
39 +0 +0 +0 +6.516550e-14
40 +0 +0 +0 +6.031978e-14
41 +0 +0 +0 +1.990946e-13
42 +0 +0 +0 +4.517230e-13
43 +0 +0 +0 +4.092285e-13
44 +0 +0 +0 +5.445830e-13
45 +0 +0 +0 +5.042221e-13
46 +0 +0 +0 +4.232404e-13
47 +0 +0 +0 +2.722161e-13
48 +0 +0 +0 +1.955515e-13
49 +0 +0 +0 +1.659590e-13
50 +0 +0 +0 +7.386740e-14
51 +0 +0 +0 -2.429170e-14
52 +0 +0 +0 -6.164215e-14
53 +0 +0 +0 -2.751595e-14
54 +0 +0 +0 -3.784524e-14
55 +0 +0 +0 +3.077731e-15
56 +0 +0 +0 -7.133812e-14
57 +0 +0 +0 -2.035150e-13
58 +0 +0 +0 -2.459316e-13
59 +0 +0 +0 -2.077097e-13
60 +0 +0 +0 -1.662264e-13
61 +0 +0 +0 -8.620609e-14
62 +0 +0 +0 -3.008321e-14
63 +0 +0 +0 -2.519637e-14
