0 +0 +0 +0 +1.315324e-08
1 +0 +0 +0 +2.469625e-08
2 +0 +0 +0 +1.393023e-08
3 +0 +0 +0 +8.247178e-09
4 +0 +0 +0 +5.086506e-09
5 +0 +0 +0 +3.304471e-09
6 +0 +0 +0 +2.176580e-09
7 +0 +0 +0 +1.438244e-09
8 +0 +0 +0 +9.572378e-10
9 +0 +0 +0 +6.316859e-10
10 +0 +0 +0 +4.200452e-10
11 +0 +0 +0 +2.812106e-10
12 +0 +0 +0 +1.868340e-10
13 +0 +0 +0 +1.159616e-10
14 +0 +0 +0 +7.604829e-11
15 +0 +0 +0 +5.477716e-11
16 +0 +0 +0 +3.763496e-11
17 +0 +0 +0 +2.549653e-11
18 +0 +0 +0 +1.964915e-11
19 +0 +0 +0 +1.234045e-11
20 +0 +0 +0 +8.329830e-12
21 +0 +0 +0 +7.752755e-12
22 +0 +0 +0 +4.714163e-12
23 +0 +0 +0 +2.674793e-12
24 +0 +0 +0 +9.767107e-13
25 +0 +0 +0 +7.864697e-13
26 +0 +0 +0 +1.362537e-13
27 +0 +0 +0 +1.047439e-12
28 +0 +0 +0 +8.586221e-13
29 +0 +0 +0 -7.950341e-13
30 +0 +0 +0 -2.313079e-13
31 +0 +0 +0 -7.836993e-13
32 +0 +0 +0 -7.253571e-13
33 +0 +0 +0 -4.173446e-13
34 +0 +0 +0 -9.187318e-13
35 +0 +0 +0 -3.908993e-13
36 +0 +0 +0 -4.434183e-13
37 +0 +0 +0 +9.382885e-14
38 +0 +0 +0 +9.908397e-14
39 +0 +0 +0 +2.458311e-13
40 +0 +0 +0 +2.184132e-13
41 +0 +0 +0 -1.711342e-13
42 +0 +0 +0 -1.865179e-13
43 +0 +0 +0 -1.579882e-14
44 +0 +0 +0 -8.354181e-15
45 +0 +0 +0 -1.134527e-13
46 +0 +0 +0 -1.516700e-13
47 +0 +0 +0 -1.567605e-13
48 +0 +0 +0 -9.814871e-14
49 +0 +0 +0 -1.485380e-13
50 +0 +0 +0 -1.539175e-13
51 +0 +0 +0 +2.201802e-16
52 +0 +0 +0 +8.968546e-14
53 +0 +0 +0 +2.739469e-13
54 +0 +0 +0 +3.244299e-13
55 +0 +0 +0 +2.794430e-13
56 +0 +0 +0 +4.548935e-13
57 +0 +0 +0 +3.283622e-13
58 +0 +0 +0 +2.148752e-13
59 +0 +0 +0 +1.751581e-13
60 +0 +0 +0 +1.793650e-13
61 +0 +0 +0 +6.615569e-14
62 +0 +0 +0 +2.559932e-14
63 +0 +0 +0 +8.720581e-16
