0 +0 +0 +0 +1.264004e-08
1 +0 +0 +0 +2.368501e-08
2 +0 +0 +0 +1.316928e-08
3 +0 +0 +0 +7.717276e-09
4 +0 +0 +0 +4.732776e-09
5 +0 +0 +0 +3.075177e-09
6 +0 +0 +0 +2.012678e-09
7 +0 +0 +0 +1.302212e-09
8 +0 +0 +0 +8.573407e-10
9 +0 +0 +0 +5.622190e-10
10 +0 +0 +0 +3.846666e-10
11 +0 +0 +0 +2.609045e-10
12 +0 +0 +0 +1.786886e-10
13 +0 +0 +0 +1.258713e-10
14 +0 +0 +0 +9.031703e-11
15 +0 +0 +0 +6.275974e-11
16 +0 +0 +0 +4.344110e-11
17 +0 +0 +0 +3.380812e-11
18 +0 +0 +0 +2.138092e-11
19 +0 +0 +0 +1.591389e-11
20 +0 +0 +0 +8.273030e-12
21 +0 +0 +0 +4.531485e-12
22 +0 +0 +0 +1.609555e-12
23 +0 +0 +0 -2.208169e-13
24 +0 +0 +0 +5.751480e-13
25 +0 +0 +0 +5.387836e-13
26 +0 +0 +0 +1.088596e-12
27 +0 +0 +0 -9.486966e-15
28 +0 +0 +0 +3.784880e-13
29 +0 +0 +0 +5.013589e-13
30 +0 +0 +0 +8.021452e-13
31 +0 +0 +0 +5.523756e-13
32 +0 +0 +0 +3.278077e-13
33 +0 +0 +0 -6.090240e-14
34 +0 +0 +0 -9.693363e-14
35 +0 +0 +0 -1.515923e-13
36 +0 +0 +0 -1.881789e-13
37 +0 +0 +0 +5.851764e-13
38 +0 +0 +0 +5.156774e-13
39 +0 +0 +0 +2.605403e-13
40 +0 +0 +0 +1.291040e-13
41 +0 +0 +0 +8.609833e-14
42 +0 +0 +0 -9.436124e-14
43 +0 +0 +0 +5.548740e-14
44 +0 +0 +0 -2.104754e-13
45 +0 +0 +0 -2.811681e-13
46 +0 +0 +0 -3.166256e-13
47 +0 +0 +0 -2.091697e-13
48 +0 +0 +0 -2.263732e-13
49 +0 +0 +0 -2.094662e-13
50 +0 +0 +0 -2.134455e-13
51 +0 +0 +0 -2.990999e-14
52 +0 +0 +0 +1.643887e-13
53 +0 +0 +0 +2.740390e-13
54 +0 +0 +0 +2.359959e-13
55 +0 +0 +0 +8.076310e-14
56 +0 +0 +0 +1.964589e-14
57 +0 +0 +0 +8.388340e-14
58 +0 +0 +0 +3.358673e-14
59 +0 +0 +0 -1.970768e-15
60 +0 +0 +0 -2.405336e-14
61 +0 +0 +0 -5.976366e-14
62 +0 +0 +0 +9.933852e-14
63 +0 +0 +0 +1.396889e-13
