0 +0 +0 +0 +1.285220e-08
1 +0 +0 +0 +2.456217e-08
2 +0 +0 +0 +1.336920e-08
3 +0 +0 +0 +7.888352e-09
4 +0 +0 +0 +4.906231e-09
5 +0 +0 +0 +3.107043e-09
6 +0 +0 +0 +2.020192e-09
7 +0 +0 +0 +1.273145e-09
8 +0 +0 +0 +8.411539e-10
9 +0 +0 +0 +5.571752e-10
10 +0 +0 +0 +3.725288e-10
11 +0 +0 +0 +2.496181e-10
12 +0 +0 +0 +1.609413e-10
13 +0 +0 +0 +1.100848e-10
14 +0 +0 +0 +7.210149e-11
15 +0 +0 +0 +4.702901e-11
16 +0 +0 +0 +3.179721e-11
17 +0 +0 +0 +1.624953e-11
18 +0 +0 +0 +1.027922e-11
19 +0 +0 +0 +6.814357e-12
20 +0 +0 +0 +4.811304e-12
21 +0 +0 +0 +3.588468e-12
22 +0 +0 +0 +3.503252e-12
23 +0 +0 +0 +2.883616e-12
24 +0 +0 +0 +1.527083e-12
25 +0 +0 +0 +1.695797e-12
26 +0 +0 +0 +1.027266e-12
27 +0 +0 +0 +1.081442e-12
28 +0 +0 +0 +8.232237e-13
29 +0 +0 +0 +1.022112e-12
30 +0 +0 +0 +4.107862e-13
31 +0 +0 +0 +1.504193e-14
32 +0 +0 +0 -2.682593e-13
33 +0 +0 +0 -7.762552e-14
34 +0 +0 +0 -3.200218e-13
35 +0 +0 +0 -1.145005e-12
36 +0 +0 +0 -1.057404e-12
37 +0 +0 +0 -9.812646e-13
38 +0 +0 +0 -8.003260e-13
39 +0 +0 +0 -7.604707e-13
40 +0 +0 +0 -6.624655e-13
41 +0 +0 +0 -5.517083e-13
42 +0 +0 +0 -5.023202e-13
43 +0 +0 +0 -4.008817e-13
44 +0 +0 +0 -4.652380e-13
45 +0 +0 +0 -2.298029e-13
46 +0 +0 +0 -1.669495e-13
47 +0 +0 +0 -1.458747e-13
48 +0 +0 +0 -7.644816e-14
49 +0 +0 +0 +5.508072e-14
50 +0 +0 +0 +4.721482e-15
51 +0 +0 +0 +2.207051e-13
52 +0 +0 +0 +1.455167e-13
53 +0 +0 +0 -1.582401e-14
54 +0 +0 +0 +3.165764e-14
55 +0 +0 +0 +1.221700e-13
56 +0 +0 +0 +9.133686e-14
57 +0 +0 +0 +4.907394e-14
58 +0 +0 +0 +4.760811e-14
59 +0 +0 +0 +3.609605e-14
60 +0 +0 +0 +1.405754e-14
61 +0 +0 +0 +5.523572e-14
62 +0 +0 +0 -1.760401e-15
63 +0 +0 +0 -9.510168e-15
