0 +0 +0 +0 +1.298460e-08
1 +0 +0 +0 +2.328181e-08
2 +0 +0 +0 +1.302945e-08
3 +0 +0 +0 +7.535190e-09
4 +0 +0 +0 +4.734906e-09
5 +0 +0 +0 +3.063076e-09
6 +0 +0 +0 +2.015749e-09
7 +0 +0 +0 +1.308869e-09
8 +0 +0 +0 +8.743510e-10
9 +0 +0 +0 +5.841336e-10
10 +0 +0 +0 +3.919513e-10
11 +0 +0 +0 +2.600894e-10
12 +0 +0 +0 +1.788781e-10
13 +0 +0 +0 +1.221560e-10
14 +0 +0 +0 +8.350574e-11
15 +0 +0 +0 +5.966599e-11
16 +0 +0 +0 +4.051269e-11
17 +0 +0 +0 +2.782385e-11
18 +0 +0 +0 +1.831858e-11
19 +0 +0 +0 +1.272330e-11
20 +0 +0 +0 +7.878401e-12
21 +0 +0 +0 +4.685568e-12
22 +0 +0 +0 +2.207046e-12
23 +0 +0 +0 +2.023590e-12
24 +0 +0 +0 +1.515050e-12
25 +0 +0 +0 +1.237346e-12
26 +0 +0 +0 +1.410156e-12
27 +0 +0 +0 +9.222543e-13
28 +0 +0 +0 +5.264947e-13
29 +0 +0 +0 +2.577847e-13
30 +0 +0 +0 -6.132966e-13
31 +0 +0 +0 -9.699273e-13
32 +0 +0 +0 -1.191308e-12
33 +0 +0 +0 -1.212756e-12
34 +0 +0 +0 -1.023376e-12
35 +0 +0 +0 -9.878899e-13
36 +0 +0 +0 -8.137934e-13
37 +0 +0 +0 -6.589702e-13
38 +0 +0 +0 -4.721248e-13
39 +0 +0 +0 -4.225361e-13
40 +0 +0 +0 -2.974936e-13
41 +0 +0 +0 -9.763863e-14
42 +0 +0 +0 +9.159410e-14
43 +0 +0 +0 +2.539154e-13
44 +0 +0 +0 +3.996118e-13
45 +0 +0 +0 +4.420512e-13
46 +0 +0 +0 +1.563017e-13
47 +0 +0 +0 +7.250673e-14
48 +0 +0 +0 +1.315966e-13
49 +0 +0 +0 +7.531788e-14
50 +0 +0 +0 +2.201757e-15
51 +0 +0 +0 +3.214682e-14
52 +0 +0 +0 -4.621058e-14
53 +0 +0 +0 +6.343060e-14
54 +0 +0 +0 -3.610481e-14
55 +0 +0 +0 -2.763733e-14
56 +0 +0 +0 +1.660371e-14
57 +0 +0 +0 -2.032763e-14
58 +0 +0 +0 -6.435078e-15
59 +0 +0 +0 -6.558618e-15
60 +0 +0 +0 +3.144554e-16
61 +0 +0 +0 -4.316919e-14
62 +0 +0 +0 -3.094335e-14
63 +0 +0 +0 -1.474112e-13
