0 +0 +0 +0 +1.350006e-08
1 +0 +0 +0 +2.515827e-08
2 +0 +0 +0 +1.374096e-08
3 +0 +0 +0 +8.318174e-09
4 +0 +0 +0 +5.015790e-09
5 +0 +0 +0 +3.198231e-09
6 +0 +0 +0 +2.102770e-09
7 +0 +0 +0 +1.408705e-09
8 +0 +0 +0 +9.466727e-10
9 +0 +0 +0 +6.552230e-10
10 +0 +0 +0 +4.498406e-10
11 +0 +0 +0 +2.982179e-10
12 +0 +0 +0 +2.095858e-10
13 +0 +0 +0 +1.421326e-10
14 +0 +0 +0 +1.023443e-10
15 +0 +0 +0 +6.744632e-11
16 +0 +0 +0 +4.614909e-11
17 +0 +0 +0 +3.271392e-11
18 +0 +0 +0 +2.469112e-11
19 +0 +0 +0 +1.548216e-11
20 +0 +0 +0 +1.214711e-11
21 +0 +0 +0 +8.765999e-12
22 +0 +0 +0 +5.790114e-12
23 +0 +0 +0 +3.962829e-12
24 +0 +0 +0 +8.806919e-13
25 +0 +0 +0 +1.263561e-13
26 +0 +0 +0 +1.762144e-13
27 +0 +0 +0 +5.879175e-13
28 +0 +0 +0 -3.954186e-13
29 +0 +0 +0 +5.443434e-13
30 +0 +0 +0 +2.702611e-13
31 +0 +0 +0 +5.457201e-13
32 +0 +0 +0 +1.405286e-13
33 +0 +0 +0 +2.106903e-13
34 +0 +0 +0 +2.034845e-13
35 +0 +0 +0 -1.149586e-13
36 +0 +0 +0 +2.909819e-13
37 +0 +0 +0 -9.177070e-14
38 +0 +0 +0 -2.436359e-13
39 +0 +0 +0 -4.346829e-13
40 +0 +0 +0 -5.274385e-13
41 +0 +0 +0 -3.637236e-13
42 +0 +0 +0 -1.829586e-13
43 +0 +0 +0 +1.004221e-13
44 +0 +0 +0 +1.566887e-13
45 +0 +0 +0 +2.240388e-13
46 +0 +0 +0 +1.960726e-13
47 +0 +0 +0 +1.163125e-13
48 +0 +0 +0 +1.700529e-13
49 +0 +0 +0 +1.100018e-13
50 +0 +0 +0 +1.766324e-13
51 +0 +0 +0 +7.140480e-14
52 +0 +0 +0 +1.179836e-13
53 +0 +0 +0 -5.146804e-15
54 +0 +0 +0 +5.305760e-14
55 +0 +0 +0 +3.107807e-16
56 +0 +0 +0 -1.324447e-13
57 +0 +0 +0 -5.335492e-14
58 +0 +0 +0 -3.075299e-14
59 +0 +0 +0 -1.001798e-13
60 +0 +0 +0 -1.063067e-13
61 +0 +0 +0 -5.281479e-15
62 +0 +0 +0 -2.287998e-14
63 +0 +0 +0 -3.988105e-14
