0 +0 +0 +0 +1.194723e-08
1 +0 +0 +0 +2.328788e-08
2 +0 +0 +0 +1.279489e-08
3 +0 +0 +0 +7.528879e-09
4 +0 +0 +0 +4.630530e-09
5 +0 +0 +0 +2.953843e-09
6 +0 +0 +0 +1.940387e-09
7 +0 +0 +0 +1.291003e-09
8 +0 +0 +0 +8.414387e-10
9 +0 +0 +0 +5.794473e-10
10 +0 +0 +0 +3.856738e-10
11 +0 +0 +0 +2.603056e-10
12 +0 +0 +0 +1.790694e-10
13 +0 +0 +0 +1.214542e-10
14 +0 +0 +0 +8.329837e-11
15 +0 +0 +0 +5.930076e-11
16 +0 +0 +0 +3.893740e-11
17 +0 +0 +0 +2.733512e-11
18 +0 +0 +0 +1.949117e-11
19 +0 +0 +0 +1.376598e-11
20 +0 +0 +0 +8.030352e-12
21 +0 +0 +0 +5.049927e-12
22 +0 +0 +0 +2.715878e-12
23 +0 +0 +0 +1.664716e-12
24 +0 +0 +0 -2.514271e-13
25 +0 +0 +0 +2.496010e-13
26 +0 +0 +0 -4.459873e-13
27 +0 +0 +0 -1.413908e-12
28 +0 +0 +0 -5.881838e-13
29 +0 +0 +0 -4.077803e-13
30 +0 +0 +0 -6.134204e-13
31 +0 +0 +0 -6.102399e-13
32 +0 +0 +0 -4.962283e-13
33 +0 +0 +0 -4.491388e-13
34 +0 +0 +0 -2.962223e-13
35 +0 +0 +0 -1.496572e-13
36 +0 +0 +0 +2.022137e-13
37 +0 +0 +0 +1.256032e-13
38 +0 +0 +0 -6.203767e-14
39 +0 +0 +0 -1.391572e-13
40 +0 +0 +0 -1.913330e-13
41 +0 +0 +0 +5.018716e-14
42 +0 +0 +0 -1.075195e-13
43 +0 +0 +0 +8.051336e-14
44 +0 +0 +0 -1.824048e-14
45 +0 +0 +0 +2.024898e-14
46 +0 +0 +0 +1.943481e-13
47 +0 +0 +0 +3.792821e-14
48 +0 +0 +0 +2.897021e-13
49 +0 +0 +0 +7.594475e-14
50 +0 +0 +0 +1.516023e-13
51 +0 +0 +0 +1.012346e-13
52 +0 +0 +0 +7.457341e-14
53 +0 +0 +0 +1.915250e-14
54 +0 +0 +0 -1.272165e-13
55 +0 +0 +0 -1.276701e-13
56 +0 +0 +0 -2.315484e-13
57 +0 +0 +0 -1.271297e-13
58 +0 +0 +0 -1.161037e-13
59 +0 +0 +0 -7.983173e-14
60 +0 +0 +0 -8.728415e-14
61 +0 +0 +0 -5.284025e-14
62 +0 +0 +0 -7.186729e-14
63 +0 +0 +0 -1.253885e-13
