0 +0 +0 +0 +1.368507e-08
1 +0 +0 +0 +2.490766e-08
2 +0 +0 +0 +1.375674e-08
3 +0 +0 +0 +8.123785e-09
4 +0 +0 +0 +5.074510e-09
5 +0 +0 +0 +3.252545e-09
6 +0 +0 +0 +2.089841e-09
7 +0 +0 +0 +1.395601e-09
8 +0 +0 +0 +9.205812e-10
9 +0 +0 +0 +6.299474e-10
10 +0 +0 +0 +4.161176e-10
11 +0 +0 +0 +2.766523e-10
12 +0 +0 +0 +1.811298e-10
13 +0 +0 +0 +1.223437e-10
14 +0 +0 +0 +8.140950e-11
15 +0 +0 +0 +5.085897e-11
16 +0 +0 +0 +3.613661e-11
17 +0 +0 +0 +2.370400e-11
18 +0 +0 +0 +1.582193e-11
19 +0 +0 +0 +1.332129e-11
20 +0 +0 +0 +7.191967e-12
21 +0 +0 +0 +6.075733e-12
22 +0 +0 +0 +3.220061e-12
23 +0 +0 +0 +1.502577e-12
24 +0 +0 +0 +1.255887e-12
25 +0 +0 +0 +1.304680e-12
26 +0 +0 +0 +1.373943e-12
27 +0 +0 +0 +2.096065e-12
28 +0 +0 +0 +2.262173e-12
29 +0 +0 +0 +2.801104e-12
30 +0 +0 +0 +2.525634e-12
31 +0 +0 +0 +2.043358e-12
32 +0 +0 +0 +1.493498e-12
33 +0 +0 +0 +1.259901e-12
34 +0 +0 +0 +4.910532e-13
35 +0 +0 +0 +7.395864e-13
36 +0 +0 +0 +4.266604e-13
37 +0 +0 +0 -5.564607e-14
38 +0 +0 +0 -1.118402e-13
39 +0 +0 +0 -7.486957e-15
40 +0 +0 +0 +1.279565e-13
41 +0 +0 +0 -4.425303e-14
42 +0 +0 +0 -2.652815e-13
43 +0 +0 +0 -4.323660e-13
44 +0 +0 +0 -2.238930e-13
45 +0 +0 +0 -3.126954e-14
46 +0 +0 +0 -1.492596e-13
47 +0 +0 +0 -7.766711e-15
48 +0 +0 +0 -4.206187e-14
49 +0 +0 +0 -1.430471e-13
50 +0 +0 +0 -2.686316e-13
51 +0 +0 +0 -2.607653e-13
52 +0 +0 +0 -4.583829e-13
53 +0 +0 +0 -2.801392e-13
54 +0 +0 +0 -2.458110e-13
55 +0 +0 +0 -2.188088e-13
56 +0 +0 +0 -6.893283e-14
57 +0 +0 +0 +4.072689e-16
58 +0 +0 +0 -7.579492e-14
59 +0 +0 +0 -2.288075e-14
60 +0 +0 +0 -1.509868e-14
61 +0 +0 +0 -6.006601e-14
62 +0 +0 +0 -2.599802e-14
63 +0 +0 +0 +4.214326e-14
