0 +0 +0 +0 +1.315292e-08
1 +0 +0 +0 +2.442281e-08
2 +0 +0 +0 +1.368703e-08
3 +0 +0 +0 +8.132105e-09
4 +0 +0 +0 +4.976176e-09
5 +0 +0 +0 +3.158011e-09
6 +0 +0 +0 +2.013714e-09
7 +0 +0 +0 +1.314905e-09
8 +0 +0 +0 +8.620955e-10
9 +0 +0 +0 +5.653668e-10
10 +0 +0 +0 +3.660912e-10
11 +0 +0 +0 +2.544069e-10
12 +0 +0 +0 +1.754989e-10
13 +0 +0 +0 +1.143072e-10
14 +0 +0 +0 +8.075333e-11
15 +0 +0 +0 +5.378550e-11
16 +0 +0 +0 +3.685750e-11
17 +0 +0 +0 +2.496647e-11
18 +0 +0 +0 +1.621720e-11
19 +0 +0 +0 +7.896389e-12
20 +0 +0 +0 +4.820577e-12
21 +0 +0 +0 +5.235921e-12
22 +0 +0 +0 +4.591059e-12
23 +0 +0 +0 +3.495914e-12
24 +0 +0 +0 +1.386242e-12
25 +0 +0 +0 +1.243844e-12
26 +0 +0 +0 +9.712577e-13
27 +0 +0 +0 +1.087260e-12
28 +0 +0 +0 +6.833213e-13
29 +0 +0 +0 +7.524926e-13
30 +0 +0 +0 -5.453000e-13
31 +0 +0 +0 -1.297707e-12
32 +0 +0 +0 -8.202637e-13
33 +0 +0 +0 -8.395294e-13
34 +0 +0 +0 -9.428714e-13
35 +0 +0 +0 -4.212919e-13
36 +0 +0 +0 -2.337192e-13
37 +0 +0 +0 -4.311259e-13
38 +0 +0 +0 -4.681796e-13
39 +0 +0 +0 -5.952490e-13
40 +0 +0 +0 -4.089193e-13
41 +0 +0 +0 -4.516503e-13
42 +0 +0 +0 -1.207843e-13
43 +0 +0 +0 -2.282575e-13
44 +0 +0 +0 -1.501182e-13
45 +0 +0 +0 -2.961420e-13
46 +0 +0 +0 -2.950422e-13
47 +0 +0 +0 -3.153140e-13
48 +0 +0 +0 -2.771117e-13
49 +0 +0 +0 -5.159463e-14
50 +0 +0 +0 -4.401775e-14
51 +0 +0 +0 -1.404726e-13
52 +0 +0 +0 -1.228840e-13
53 +0 +0 +0 -8.645754e-15
54 +0 +0 +0 -4.800203e-14
55 +0 +0 +0 -1.575257e-14
56 +0 +0 +0 -5.336070e-14
57 +0 +0 +0 -5.636389e-14
58 +0 +0 +0 +2.089255e-14
59 +0 +0 +0 +5.253252e-14
60 +0 +0 +0 +9.355216e-14
61 +0 +0 +0 +1.430031e-13
62 +0 +0 +0 +7.172596e-14
63 +0 +0 +0 +6.029064e-14
