0 +0 +0 +0 +1.286966e-08
1 +0 +0 +0 +2.352036e-08
2 +0 +0 +0 +1.308929e-08
3 +0 +0 +0 +7.737080e-09
4 +0 +0 +0 +4.747093e-09
5 +0 +0 +0 +3.084420e-09
6 +0 +0 +0 +2.021340e-09
7 +0 +0 +0 +1.363287e-09
8 +0 +0 +0 +8.881715e-10
9 +0 +0 +0 +5.942554e-10
10 +0 +0 +0 +3.984939e-10
11 +0 +0 +0 +2.671369e-10
12 +0 +0 +0 +1.829110e-10
13 +0 +0 +0 +1.239664e-10
14 +0 +0 +0 +8.645580e-11
15 +0 +0 +0 +5.983428e-11
16 +0 +0 +0 +4.244239e-11
17 +0 +0 +0 +3.138795e-11
18 +0 +0 +0 +2.137343e-11
19 +0 +0 +0 +1.646944e-11
20 +0 +0 +0 +1.157261e-11
21 +0 +0 +0 +8.970778e-12
22 +0 +0 +0 +6.738064e-12
23 +0 +0 +0 +3.980449e-12
24 +0 +0 +0 +2.887899e-12
25 +0 +0 +0 +1.237916e-12
26 +0 +0 +0 +4.810897e-13
27 +0 +0 +0 +7.927716e-13
28 +0 +0 +0 +1.757803e-12
29 +0 +0 +0 +1.513364e-12
30 +0 +0 +0 +1.516562e-12
31 +0 +0 +0 +8.598730e-13
32 +0 +0 +0 +4.801159e-13
33 +0 +0 +0 +6.848370e-13
34 +0 +0 +0 +6.874487e-13
35 +0 +0 +0 +7.565982e-13
36 +0 +0 +0 +9.556190e-13
37 +0 +0 +0 +8.736917e-13
38 +0 +0 +0 +7.429057e-13
39 +0 +0 +0 +3.351117e-13
40 +0 +0 +0 +2.089907e-13
41 +0 +0 +0 -7.999117e-14
42 +0 +0 +0 -1.254720e-13
43 +0 +0 +0 +5.415756e-14
44 +0 +0 +0 -2.708565e-13
45 +0 +0 +0 -1.468614e-13
46 +0 +0 +0 -2.810215e-13
47 +0 +0 +0 -2.518507e-13
48 +0 +0 +0 -2.578011e-13
49 +0 +0 +0 -1.092581e-13
50 +0 +0 +0 -5.385122e-14
51 +0 +0 +0 -1.027043e-13
52 +0 +0 +0 -1.585391e-13
53 +0 +0 +0 -7.555443e-14
54 +0 +0 +0 +6.227403e-14
55 +0 +0 +0 +1.944309e-14
56 +0 +0 +0 -3.234066e-16
57 +0 +0 +0 -6.874983e-14
58 +0 +0 +0 -9.978467e-14
59 +0 +0 +0 +4.040484e-14
60 +0 +0 +0 +1.423062e-14
61 +0 +0 +0 -6.117411e-14
62 +0 +0 +0 -1.418171e-14
63 +0 +0 +0 +8.247099e-15
