0 +0 +0 +0 +1.274874e-08
1 +0 +0 +0 +2.481752e-08
2 +0 +0 +0 +1.393587e-08
3 +0 +0 +0 +8.320102e-09
4 +0 +0 +0 +5.020508e-09
5 +0 +0 +0 +3.215444e-09
6 +0 +0 +0 +2.101017e-09
7 +0 +0 +0 +1.370197e-09
8 +0 +0 +0 +9.241080e-10
9 +0 +0 +0 +6.280566e-10
10 +0 +0 +0 +4.154933e-10
11 +0 +0 +0 +2.790742e-10
12 +0 +0 +0 +1.832333e-10
13 +0 +0 +0 +1.195135e-10
14 +0 +0 +0 +8.293138e-11
15 +0 +0 +0 +6.011758e-11
16 +0 +0 +0 +3.933652e-11
17 +0 +0 +0 +2.752040e-11
18 +0 +0 +0 +1.963687e-11
19 +0 +0 +0 +1.379872e-11
20 +0 +0 +0 +8.601923e-12
21 +0 +0 +0 +9.897793e-12
22 +0 +0 +0 +8.753390e-12
23 +0 +0 +0 +6.041604e-12
24 +0 +0 +0 +6.690163e-12
25 +0 +0 +0 +4.345405e-12
26 +0 +0 +0 +1.599483e-12
27 +0 +0 +0 +1.363207e-12
28 +0 +0 +0 +1.020421e-12
29 +0 +0 +0 -1.728578e-13
30 +0 +0 +0 -7.536704e-13
31 +0 +0 +0 -1.670003e-13
32 +0 +0 +0 +2.971783e-13
33 +0 +0 +0 +1.218181e-12
34 +0 +0 +0 +1.038350e-12
35 +0 +0 +0 +7.450645e-13
36 +0 +0 +0 +3.663060e-13
37 +0 +0 +0 +2.792315e-13
38 +0 +0 +0 +8.235574e-15
39 +0 +0 +0 -1.285376e-13
40 +0 +0 +0 -4.164585e-14
41 +0 +0 +0 -1.139579e-13
42 +0 +0 +0 +4.324801e-15
43 +0 +0 +0 -3.569098e-13
44 +0 +0 +0 -3.112802e-13
45 +0 +0 +0 -1.579293e-13
46 +0 +0 +0 -2.156382e-13
47 +0 +0 +0 -2.980775e-13
48 +0 +0 +0 -3.331141e-13
49 +0 +0 +0 -2.904143e-13
50 +0 +0 +0 -1.411680e-13
51 +0 +0 +0 -1.043973e-13
52 +0 +0 +0 +1.319404e-14
53 +0 +0 +0 +1.138581e-13
54 +0 +0 +0 +2.006274e-13
55 +0 +0 +0 +2.498797e-13
56 +0 +0 +0 +2.190078e-13
57 +0 +0 +0 +1.063764e-13
58 +0 +0 +0 +1.062359e-13
59 +0 +0 +0 +1.316733e-13
60 +0 +0 +0 +6.072404e-14
61 +0 +0 +0 +4.759719e-14
62 +0 +0 +0 +8.019248e-14
63 +0 +0 +0 +6.660669e-14
