0 +0 +0 +0 +1.313874e-08
1 +0 +0 +0 +2.368278e-08
2 +0 +0 +0 +1.320773e-08
3 +0 +0 +0 +7.991306e-09
4 +0 +0 +0 +4.849966e-09
5 +0 +0 +0 +3.099636e-09
6 +0 +0 +0 +2.003594e-09
7 +0 +0 +0 +1.323681e-09
8 +0 +0 +0 +8.679962e-10
9 +0 +0 +0 +5.776455e-10
10 +0 +0 +0 +3.921784e-10
11 +0 +0 +0 +2.664261e-10
12 +0 +0 +0 +1.753023e-10
13 +0 +0 +0 +1.216699e-10
14 +0 +0 +0 +7.918269e-11
15 +0 +0 +0 +4.981342e-11
16 +0 +0 +0 +3.840776e-11
17 +0 +0 +0 +2.650147e-11
18 +0 +0 +0 +1.632804e-11
19 +0 +0 +0 +1.171904e-11
20 +0 +0 +0 +6.669133e-12
21 +0 +0 +0 +3.644145e-12
22 +0 +0 +0 +1.106556e-12
23 +0 +0 +0 -4.645156e-13
24 +0 +0 +0 -1.107056e-12
25 +0 +0 +0 -7.033732e-13
26 +0 +0 +0 -2.303646e-13
27 +0 +0 +0 -9.275234e-13
28 +0 +0 +0 -9.475324e-14
29 +0 +0 +0 +2.258014e-14
30 +0 +0 +0 +1.715576e-13
31 +0 +0 +0 +3.041425e-13
32 +0 +0 +0 +6.794340e-13
33 +0 +0 +0 -3.536440e-13
34 +0 +0 +0 -5.605455e-13
35 +0 +0 +0 -7.845181e-13
36 +0 +0 +0 -7.500525e-13
37 +0 +0 +0 -6.864821e-13
38 +0 +0 +0 -2.132196e-13
39 +0 +0 +0 +1.950760e-13
40 +0 +0 +0 +2.783585e-13
41 +0 +0 +0 +2.078741e-13
42 +0 +0 +0 +1.033320e-13
43 +0 +0 +0 +3.040697e-13
44 +0 +0 +0 +4.838278e-13
45 +0 +0 +0 +2.287860e-13
46 +0 +0 +0 -2.448149e-14
47 +0 +0 +0 +1.615495e-13
48 +0 +0 +0 +6.337723e-14
49 +0 +0 +0 -1.917702e-14
50 +0 +0 +0 -1.894014e-13
51 +0 +0 +0 -1.970414e-13
52 +0 +0 +0 -1.642871e-13
53 +0 +0 +0 -1.255554e-13
54 +0 +0 +0 -1.174660e-13
55 +0 +0 +0 -2.083283e-14
56 +0 +0 +0 -8.381809e-14
57 +0 +0 +0 -3.091727e-14
58 +0 +0 +0 +4.655192e-15
59 +0 +0 +0 +9.256251e-14
60 +0 +0 +0 +1.083873e-13
61 +0 +0 +0 +1.531067e-13
62 +0 +0 +0 +1.013991e-13
63 +0 +0 +0 +3.582054e-14
