0 +0 +0 +0 +1.311029e-08
1 +0 +0 +0 +2.389645e-08
2 +0 +0 +0 +1.332913e-08
3 +0 +0 +0 +7.953301e-09
4 +0 +0 +0 +4.900678e-09
5 +0 +0 +0 +3.142281e-09
6 +0 +0 +0 +2.066932e-09
7 +0 +0 +0 +1.311230e-09
8 +0 +0 +0 +8.668871e-10
9 +0 +0 +0 +5.620946e-10
10 +0 +0 +0 +3.720501e-10
11 +0 +0 +0 +2.540173e-10
12 +0 +0 +0 +1.707960e-10
13 +0 +0 +0 +1.162153e-10
14 +0 +0 +0 +7.776343e-11
15 +0 +0 +0 +5.813662e-11
16 +0 +0 +0 +3.683091e-11
17 +0 +0 +0 +2.601444e-11
18 +0 +0 +0 +1.879045e-11
19 +0 +0 +0 +1.309025e-11
20 +0 +0 +0 +1.009576e-11
21 +0 +0 +0 +6.461513e-12
22 +0 +0 +0 +6.070288e-12
23 +0 +0 +0 +4.458406e-12
24 +0 +0 +0 +2.593219e-12
25 +0 +0 +0 +4.906230e-13
26 +0 +0 +0 +1.568146e-13
27 +0 +0 +0 +2.618148e-14
28 +0 +0 +0 -4.684593e-13
29 +0 +0 +0 -6.730651e-13
30 +0 +0 +0 +4.744287e-13
31 +0 +0 +0 -2.958029e-14
32 +0 +0 +0 -6.268968e-14
33 +0 +0 +0 -3.554896e-13
34 +0 +0 +0 -4.504854e-13
35 +0 +0 +0 +1.542196e-13
36 +0 +0 +0 +2.835659e-13
37 +0 +0 +0 +1.377051e-13
38 +0 +0 +0 +4.920794e-13
39 +0 +0 +0 +4.639615e-13
40 +0 +0 +0 +1.675558e-13
41 +0 +0 +0 +5.042808e-13
42 +0 +0 +0 +4.274938e-13
43 +0 +0 +0 +2.780156e-13
44 +0 +0 +0 +3.978355e-13
45 +0 +0 +0 +4.446836e-13
46 +0 +0 +0 +3.690860e-13
47 +0 +0 +0 +3.125021e-13
48 +0 +0 +0 +3.319964e-13
49 +0 +0 +0 +2.414545e-13
50 +0 +0 +0 +2.187084e-13
51 +0 +0 +0 +1.115239e-13
52 +0 +0 +0 +2.823851e-13
53 +0 +0 +0 +3.213739e-13
54 +0 +0 +0 +3.450266e-13
55 +0 +0 +0 +4.251735e-13
56 +0 +0 +0 +2.908341e-13
57 +0 +0 +0 +1.452204e-13
58 +0 +0 +0 +1.324880e-13
59 +0 +0 +0 +7.441294e-14
60 +0 +0 +0 +2.190373e-14
61 +0 +0 +0 +3.691749e-14
62 +0 +0 +0 -4.641323e-14
63 +0 +0 +0 -3.884826e-14
