0 +0 +0 +0 +1.348537e-08
1 +0 +0 +0 +2.446784e-08
2 +0 +0 +0 +1.342246e-08
3 +0 +0 +0 +7.781843e-09
4 +0 +0 +0 +4.851045e-09
5 +0 +0 +0 +3.040388e-09
6 +0 +0 +0 +1.923609e-09
7 +0 +0 +0 +1.304222e-09
8 +0 +0 +0 +8.419144e-10
9 +0 +0 +0 +5.694919e-10
10 +0 +0 +0 +3.842265e-10
11 +0 +0 +0 +2.541603e-10
12 +0 +0 +0 +1.709047e-10
13 +0 +0 +0 +1.159885e-10
14 +0 +0 +0 +7.751882e-11
15 +0 +0 +0 +5.221383e-11
16 +0 +0 +0 +3.599323e-11
17 +0 +0 +0 +2.131816e-11
18 +0 +0 +0 +1.209748e-11
19 +0 +0 +0 +8.192031e-12
20 +0 +0 +0 +4.875937e-12
21 +0 +0 +0 +2.361294e-12
22 +0 +0 +0 +3.079897e-12
23 +0 +0 +0 +1.284551e-12
24 +0 +0 +0 +1.582043e-12
25 +0 +0 +0 +2.331390e-13
26 +0 +0 +0 +8.869138e-13
27 +0 +0 +0 +8.767026e-13
28 +0 +0 +0 +7.279778e-13
29 +0 +0 +0 +4.436799e-13
30 +0 +0 +0 +3.380759e-13
31 +0 +0 +0 +9.688153e-13
32 +0 +0 +0 +8.896855e-13
33 +0 +0 +0 +5.516070e-13
34 +0 +0 +0 +4.755144e-14
35 +0 +0 +0 -3.073413e-13
36 +0 +0 +0 -1.885498e-13
37 +0 +0 +0 +2.448958e-13
38 +0 +0 +0 +3.782851e-13
39 +0 +0 +0 +3.626926e-13
40 +0 +0 +0 +4.748618e-13
41 +0 +0 +0 +5.789682e-13
42 +0 +0 +0 +4.335556e-13
43 +0 +0 +0 +6.430393e-13
44 +0 +0 +0 +7.711208e-13
45 +0 +0 +0 +8.800937e-13
46 +0 +0 +0 +6.047060e-13
47 +0 +0 +0 +4.490481e-13
48 +0 +0 +0 +1.942506e-13
49 +0 +0 +0 +7.756305e-14
50 +0 +0 +0 +1.513625e-13
51 +0 +0 +0 +2.377815e-13
52 +0 +0 +0 +2.131135e-13
53 +0 +0 +0 +1.496741e-13
54 +0 +0 +0 +2.141032e-13
55 +0 +0 +0 +1.098767e-13
56 +0 +0 +0 +9.656444e-14
57 +0 +0 +0 +4.543967e-16
58 +0 +0 +0 +5.781066e-15
59 +0 +0 +0 +2.377051e-14
60 +0 +0 +0 +7.540967e-15
61 +0 +0 +0 -9.191480e-14
62 +0 +0 +0 -2.899917e-14
63 +0 +0 +0 +1.766045e-15
