0 +0 +0 +0 +1.292277e-08
1 +0 +0 +0 +2.402386e-08
2 +0 +0 +0 +1.320674e-08
3 +0 +0 +0 +7.811133e-09
4 +0 +0 +0 +4.774116e-09
5 +0 +0 +0 +3.064717e-09
6 +0 +0 +0 +1.947653e-09
7 +0 +0 +0 +1.290790e-09
8 +0 +0 +0 +8.672215e-10
9 +0 +0 +0 +5.904550e-10
10 +0 +0 +0 +3.782174e-10
11 +0 +0 +0 +2.558191e-10
12 +0 +0 +0 +1.773531e-10
13 +0 +0 +0 +1.217853e-10
14 +0 +0 +0 +8.260059e-11
15 +0 +0 +0 +5.421536e-11
16 +0 +0 +0 +3.874493e-11
17 +0 +0 +0 +2.798448e-11
18 +0 +0 +0 +1.754911e-11
19 +0 +0 +0 +1.069850e-11
20 +0 +0 +0 +9.107352e-12
21 +0 +0 +0 +6.644514e-12
22 +0 +0 +0 +2.591998e-12
23 +0 +0 +0 +1.999009e-12
24 +0 +0 +0 +1.005250e-12
25 +0 +0 +0 +9.600502e-13
26 +0 +0 +0 +1.318297e-12
27 +0 +0 +0 +1.274917e-12
28 +0 +0 +0 +1.043391e-12
29 +0 +0 +0 +1.660953e-12
30 +0 +0 +0 +1.276375e-12
31 +0 +0 +0 +5.835822e-13
32 +0 +0 +0 +1.521284e-13
33 +0 +0 +0 +1.046321e-14
34 +0 +0 +0 -4.939738e-13
35 +0 +0 +0 -3.929677e-13
36 +0 +0 +0 -6.193250e-13
37 +0 +0 +0 -4.808301e-13
38 +0 +0 +0 -7.822467e-13
39 +0 +0 +0 -9.010197e-13
40 +0 +0 +0 -6.269380e-13
41 +0 +0 +0 -6.308641e-13
42 +0 +0 +0 -5.205640e-13
43 +0 +0 +0 -2.479400e-13
44 +0 +0 +0 -2.866019e-13
45 +0 +0 +0 -2.096578e-13
46 +0 +0 +0 -1.078718e-13
47 +0 +0 +0 -1.724488e-13
48 +0 +0 +0 +2.370348e-14
49 +0 +0 +0 +3.193569e-14
50 +0 +0 +0 +8.751040e-14
51 +0 +0 +0 +9.907658e-14
52 +0 +0 +0 +7.780711e-14
53 +0 +0 +0 +1.169937e-13
54 +0 +0 +0 +1.436285e-14
55 +0 +0 +0 +1.546397e-14
56 +0 +0 +0 -1.715548e-14
57 +0 +0 +0 -6.530191e-14
58 +0 +0 +0 -7.697002e-15
59 +0 +0 +0 -6.686907e-14
60 +0 +0 +0 -4.514344e-14
61 +0 +0 +0 -1.058248e-15
62 +0 +0 +0 +1.035742e-15
63 +0 +0 +0 -1.425959e-14
