0 +0 +0 +0 +1.288164e-08
1 +0 +0 +0 +2.440651e-08
2 +0 +0 +0 +1.347390e-08
3 +0 +0 +0 +8.149489e-09
4 +0 +0 +0 +5.107526e-09
5 +0 +0 +0 +3.271548e-09
6 +0 +0 +0 +2.168342e-09
7 +0 +0 +0 +1.402516e-09
8 +0 +0 +0 +8.855927e-10
9 +0 +0 +0 +5.967444e-10
10 +0 +0 +0 +4.015435e-10
11 +0 +0 +0 +2.671615e-10
12 +0 +0 +0 +1.848668e-10
13 +0 +0 +0 +1.222517e-10
14 +0 +0 +0 +8.226414e-11
15 +0 +0 +0 +6.082594e-11
16 +0 +0 +0 +3.790156e-11
17 +0 +0 +0 +2.498082e-11
18 +0 +0 +0 +1.707156e-11
19 +0 +0 +0 +9.556917e-12
20 +0 +0 +0 +5.598125e-12
21 +0 +0 +0 +4.091503e-12
22 +0 +0 +0 +3.117022e-12
23 +0 +0 +0 +2.892724e-12
24 +0 +0 +0 +2.204088e-12
25 +0 +0 +0 +1.575460e-12
26 +0 +0 +0 +2.545157e-12
27 +0 +0 +0 +2.324292e-12
28 +0 +0 +0 +2.544940e-12
29 +0 +0 +0 +1.522114e-12
30 +0 +0 +0 +1.251715e-12
31 +0 +0 +0 +3.762503e-13
32 +0 +0 +0 +4.328840e-13
33 +0 +0 +0 +5.736332e-13
34 +0 +0 +0 +2.485475e-13
35 +0 +0 +0 +2.452727e-13
36 +0 +0 +0 +1.154125e-13
37 +0 +0 +0 +4.211985e-13
38 +0 +0 +0 +7.159033e-15
39 +0 +0 +0 +6.458243e-14
40 +0 +0 +0 +1.183823e-13
41 +0 +0 +0 +1.630582e-13
42 +0 +0 +0 +1.492541e-13
43 +0 +0 +0 +1.431419e-13
44 +0 +0 +0 -2.388552e-13
45 +0 +0 +0 -3.764790e-13
46 +0 +0 +0 -2.455052e-13
47 +0 +0 +0 -1.383378e-13
48 +0 +0 +0 -5.984735e-14
49 +0 +0 +0 -8.663128e-14
50 +0 +0 +0 -1.396791e-13
51 +0 +0 +0 -1.374347e-13
52 +0 +0 +0 -2.146349e-13
53 +0 +0 +0 -2.872098e-13
54 +0 +0 +0 -2.052218e-13
55 +0 +0 +0 -2.110044e-13
56 +0 +0 +0 -1.079682e-13
57 +0 +0 +0 -3.314448e-14
58 +0 +0 +0 -1.280584e-14
59 +0 +0 +0 +8.503705e-14
60 +0 +0 +0 +1.039224e-13
61 +0 +0 +0 +7.480346e-14
62 +0 +0 +0 +2.212220e-14
63 +0 +0 +0 -9.210938e-14
