0 +0 +0 +0 +1.323538e-08
1 +0 +0 +0 +2.439495e-08
2 +0 +0 +0 +1.372911e-08
3 +0 +0 +0 +8.015826e-09
4 +0 +0 +0 +5.003522e-09
5 +0 +0 +0 +3.199972e-09
6 +0 +0 +0 +2.035102e-09
7 +0 +0 +0 +1.325547e-09
8 +0 +0 +0 +8.743877e-10
9 +0 +0 +0 +5.839903e-10
10 +0 +0 +0 +3.950284e-10
11 +0 +0 +0 +2.660222e-10
12 +0 +0 +0 +1.786631e-10
13 +0 +0 +0 +1.098639e-10
14 +0 +0 +0 +7.482537e-11
15 +0 +0 +0 +5.017695e-11
16 +0 +0 +0 +3.443581e-11
17 +0 +0 +0 +2.498327e-11
18 +0 +0 +0 +1.629914e-11
19 +0 +0 +0 +1.037880e-11
20 +0 +0 +0 +7.375114e-12
21 +0 +0 +0 +4.254351e-12
22 +0 +0 +0 +1.928001e-12
23 +0 +0 +0 +5.876277e-13
24 +0 +0 +0 -1.111478e-12
25 +0 +0 +0 -4.435692e-13
26 +0 +0 +0 +4.650614e-13
27 +0 +0 +0 +2.180693e-13
28 +0 +0 +0 +1.000560e-13
29 +0 +0 +0 -4.430129e-13
30 +0 +0 +0 -6.014724e-13
31 +0 +0 +0 -6.987662e-13
32 +0 +0 +0 -2.468419e-13
33 +0 +0 +0 -5.910316e-13
34 +0 +0 +0 -8.526601e-13
35 +0 +0 +0 -6.182552e-13
36 +0 +0 +0 -3.658843e-13
37 +0 +0 +0 -5.431718e-13
38 +0 +0 +0 -1.004215e-12
39 +0 +0 +0 -6.495706e-13
40 +0 +0 +0 -5.048652e-13
41 +0 +0 +0 -2.106537e-13
42 +0 +0 +0 -1.765385e-14
43 +0 +0 +0 +1.799505e-14
44 +0 +0 +0 -8.837530e-14
45 +0 +0 +0 -1.472151e-13
46 +0 +0 +0 -3.438155e-13
47 +0 +0 +0 -3.940777e-13
48 +0 +0 +0 -3.325905e-13
49 +0 +0 +0 -1.991085e-13
50 +0 +0 +0 -1.552150e-13
51 +0 +0 +0 -1.480259e-13
52 +0 +0 +0 -2.137379e-13
53 +0 +0 +0 -6.278519e-14
54 +0 +0 +0 +2.602796e-14
55 +0 +0 +0 +8.304499e-15
56 +0 +0 +0 +4.756291e-14
57 +0 +0 +0 -2.499346e-14
58 +0 +0 +0 +5.127504e-15
59 +0 +0 +0 -1.767024e-14
60 +0 +0 +0 -9.219430e-14
61 +0 +0 +0 -1.846688e-13
62 +0 +0 +0 -1.703453e-13
63 +0 +0 +0 -3.020225e-13
