0 +0 +0 +0 +1.339512e-08
1 +0 +0 +0 +2.359120e-08
2 +0 +0 +0 +1.338901e-08
3 +0 +0 +0 +7.953781e-09
4 +0 +0 +0 +4.854135e-09
5 +0 +0 +0 +3.192144e-09
6 +0 +0 +0 +2.050835e-09
7 +0 +0 +0 +1.393369e-09
8 +0 +0 +0 +9.047164e-10
9 +0 +0 +0 +6.133090e-10
10 +0 +0 +0 +4.029792e-10
11 +0 +0 +0 +2.634206e-10
12 +0 +0 +0 +1.787464e-10
13 +0 +0 +0 +1.226587e-10
14 +0 +0 +0 +8.570776e-11
15 +0 +0 +0 +5.731807e-11
16 +0 +0 +0 +3.803267e-11
17 +0 +0 +0 +2.658808e-11
18 +0 +0 +0 +1.823857e-11
19 +0 +0 +0 +1.178870e-11
20 +0 +0 +0 +7.227191e-12
21 +0 +0 +0 +2.777814e-12
22 +0 +0 +0 +1.380120e-12
23 +0 +0 +0 +7.536248e-13
24 +0 +0 +0 +2.821635e-12
25 +0 +0 +0 +1.255523e-12
26 +0 +0 +0 +7.996331e-13
27 +0 +0 +0 +1.923605e-12
28 +0 +0 +0 +2.393820e-12
29 +0 +0 +0 +2.199964e-12
30 +0 +0 +0 +1.961223e-12
31 +0 +0 +0 +1.412269e-12
32 +0 +0 +0 +9.267963e-13
33 +0 +0 +0 +9.317312e-13
34 +0 +0 +0 +5.604336e-13
35 +0 +0 +0 -1.252272e-13
36 +0 +0 +0 +1.161518e-13
37 +0 +0 +0 +3.441852e-13
38 +0 +0 +0 +2.828399e-13
39 +0 +0 +0 +2.120138e-13
40 +0 +0 +0 +1.878015e-13
41 +0 +0 +0 +3.225236e-13
42 +0 +0 +0 +4.071779e-13
43 +0 +0 +0 +5.196271e-13
44 +0 +0 +0 +9.027971e-14
45 +0 +0 +0 +2.137328e-13
46 +0 +0 +0 +1.142122e-13
47 +0 +0 +0 +8.383248e-14
48 +0 +0 +0 +1.633120e-13
49 +0 +0 +0 +1.223130e-13
50 +0 +0 +0 +1.367342e-13
51 +0 +0 +0 +1.284060e-13
52 +0 +0 +0 +1.119157e-13
53 +0 +0 +0 +7.117936e-14
54 +0 +0 +0 +5.504504e-14
55 +0 +0 +0 -3.719018e-15
56 +0 +0 +0 -7.544698e-14
57 +0 +0 +0 -1.105816e-13
58 +0 +0 +0 -1.236928e-13
59 +0 +0 +0 -1.045917e-13
60 +0 +0 +0 -9.444206e-14
61 +0 +0 +0 -7.501174e-14
62 +0 +0 +0 -1.333678e-13
63 +0 +0 +0 -7.495433e-14
