0 +0 +0 +0 +1.399220e-08
1 +0 +0 +0 +2.496520e-08
2 +0 +0 +0 +1.386667e-08
3 +0 +0 +0 +8.095826e-09
4 +0 +0 +0 +5.017054e-09
5 +0 +0 +0 +3.145814e-09
6 +0 +0 +0 +2.096998e-09
7 +0 +0 +0 +1.360471e-09
8 +0 +0 +0 +8.729492e-10
9 +0 +0 +0 +5.886921e-10
10 +0 +0 +0 +4.064579e-10
11 +0 +0 +0 +2.770550e-10
12 +0 +0 +0 +1.903450e-10
13 +0 +0 +0 +1.310056e-10
14 +0 +0 +0 +8.986416e-11
15 +0 +0 +0 +6.353417e-11
16 +0 +0 +0 +4.650592e-11
17 +0 +0 +0 +3.506937e-11
18 +0 +0 +0 +2.791162e-11
19 +0 +0 +0 +2.050090e-11
20 +0 +0 +0 +1.495016e-11
21 +0 +0 +0 +1.072946e-11
22 +0 +0 +0 +9.733528e-12
23 +0 +0 +0 +6.450642e-12
24 +0 +0 +0 +5.961323e-12
25 +0 +0 +0 +4.155869e-12
26 +0 +0 +0 +4.911711e-13
27 +0 +0 +0 -3.223504e-13
28 +0 +0 +0 -1.223227e-12
29 +0 +0 +0 -2.121088e-12
30 +0 +0 +0 -1.013310e-12
31 +0 +0 +0 -1.001937e-12
32 +0 +0 +0 -6.496249e-13
33 +0 +0 +0 -2.218805e-13
34 +0 +0 +0 -3.248351e-13
35 +0 +0 +0 -3.967612e-13
36 +0 +0 +0 -1.067033e-13
37 +0 +0 +0 +2.188914e-13
38 +0 +0 +0 +4.098773e-13
39 +0 +0 +0 +4.424419e-13
40 +0 +0 +0 +3.429172e-13
41 +0 +0 +0 +2.815745e-13
42 +0 +0 +0 +5.511795e-13
43 +0 +0 +0 +5.120256e-13
44 +0 +0 +0 +7.606792e-13
45 +0 +0 +0 +5.070864e-13
46 +0 +0 +0 +5.142944e-13
47 +0 +0 +0 +2.629227e-13
48 +0 +0 +0 +1.826103e-13
49 +0 +0 +0 +4.905470e-15
50 +0 +0 +0 -5.960578e-14
51 +0 +0 +0 -5.015952e-14
52 +0 +0 +0 -5.139808e-14
53 +0 +0 +0 +8.292834e-15
54 +0 +0 +0 -1.766926e-14
55 +0 +0 +0 +4.069281e-14
56 +0 +0 +0 +2.704453e-14
57 +0 +0 +0 -4.850526e-14
58 +0 +0 +0 -1.379883e-13
59 +0 +0 +0 -8.834381e-14
60 +0 +0 +0 +7.804004e-14
61 +0 +0 +0 +1.092881e-13
62 +0 +0 +0 +1.158128e-13
63 +0 +0 +0 +1.522674e-13
