0 +0 +0 +0 +1.359521e-08
1 +0 +0 +0 +2.487237e-08
2 +0 +0 +0 +1.400264e-08
3 +0 +0 +0 +8.377500e-09
4 +0 +0 +0 +5.294161e-09
5 +0 +0 +0 +3.379509e-09
6 +0 +0 +0 +2.188399e-09
7 +0 +0 +0 +1.455550e-09
8 +0 +0 +0 +9.395424e-10
9 +0 +0 +0 +6.261806e-10
10 +0 +0 +0 +4.306792e-10
11 +0 +0 +0 +3.006760e-10
12 +0 +0 +0 +2.093867e-10
13 +0 +0 +0 +1.408386e-10
14 +0 +0 +0 +9.089231e-11
15 +0 +0 +0 +6.204742e-11
16 +0 +0 +0 +4.188580e-11
17 +0 +0 +0 +2.915300e-11
18 +0 +0 +0 +1.948800e-11
19 +0 +0 +0 +1.495143e-11
20 +0 +0 +0 +9.123644e-12
21 +0 +0 +0 +7.039835e-12
22 +0 +0 +0 +4.311084e-12
23 +0 +0 +0 +2.932525e-12
24 +0 +0 +0 +8.885734e-13
25 +0 +0 +0 +2.278949e-13
26 +0 +0 +0 +1.261135e-12
27 +0 +0 +0 +9.465185e-13
28 +0 +0 +0 +6.738321e-13
29 +0 +0 +0 +1.228268e-12
30 +0 +0 +0 +7.302127e-13
31 +0 +0 +0 +7.204326e-13
32 +0 +0 +0 +6.331122e-13
33 +0 +0 +0 +7.185449e-13
34 +0 +0 +0 +5.022951e-13
35 +0 +0 +0 +3.993664e-13
36 +0 +0 +0 +7.270508e-13
37 +0 +0 +0 +4.275656e-13
38 +0 +0 +0 +2.417745e-13
39 +0 +0 +0 +3.513679e-13
40 +0 +0 +0 +4.353348e-13
41 +0 +0 +0 +4.778536e-14
42 +0 +0 +0 -1.394366e-13
43 +0 +0 +0 -3.748525e-13
44 +0 +0 +0 -1.315876e-13
45 +0 +0 +0 +4.187873e-14
46 +0 +0 +0 +2.144946e-14
47 +0 +0 +0 -9.030438e-14
48 +0 +0 +0 +1.742319e-15
49 +0 +0 +0 -1.167463e-13
50 +0 +0 +0 -2.450997e-13
51 +0 +0 +0 -1.516130e-13
52 +0 +0 +0 -5.101895e-14
53 +0 +0 +0 +1.998058e-14
54 +0 +0 +0 +7.148819e-14
55 +0 +0 +0 +8.351999e-14
56 +0 +0 +0 +8.045467e-14
57 +0 +0 +0 +3.926235e-14
58 +0 +0 +0 +1.198466e-13
59 +0 +0 +0 +1.354623e-13
60 +0 +0 +0 +1.783465e-13
61 +0 +0 +0 +3.277430e-14
62 +0 +0 +0 -3.039134e-14
63 +0 +0 +0 +9.015565e-15
