0 +0 +0 +0 +1.275072e-08
1 +0 +0 +0 +2.371143e-08
2 +0 +0 +0 +1.318203e-08
3 +0 +0 +0 +7.931146e-09
4 +0 +0 +0 +4.912892e-09
5 +0 +0 +0 +3.161718e-09
6 +0 +0 +0 +2.039848e-09
7 +0 +0 +0 +1.340306e-09
8 +0 +0 +0 +8.594420e-10
9 +0 +0 +0 +5.751609e-10
10 +0 +0 +0 +3.836097e-10
11 +0 +0 +0 +2.633101e-10
12 +0 +0 +0 +1.805771e-10
13 +0 +0 +0 +1.261977e-10
14 +0 +0 +0 +8.548623e-11
15 +0 +0 +0 +5.482493e-11
16 +0 +0 +0 +3.322255e-11
17 +0 +0 +0 +2.328913e-11
18 +0 +0 +0 +1.497788e-11
19 +0 +0 +0 +8.430694e-12
20 +0 +0 +0 +5.000889e-12
21 +0 +0 +0 +9.499195e-13
22 +0 +0 +0 +7.152415e-14
23 +0 +0 +0 -2.298250e-13
24 +0 +0 +0 -2.871060e-13
25 +0 +0 +0 -3.484249e-13
26 +0 +0 +0 -2.749058e-13
27 +0 +0 +0 -1.240860e-12
28 +0 +0 +0 -7.879400e-13
29 +0 +0 +0 -4.895117e-13
30 +0 +0 +0 -6.867779e-13
31 +0 +0 +0 -1.229240e-12
32 +0 +0 +0 -9.916947e-13
33 +0 +0 +0 -4.146258e-13
34 +0 +0 +0 -9.832797e-13
35 +0 +0 +0 -8.889032e-13
36 +0 +0 +0 -1.187898e-12
37 +0 +0 +0 -8.525558e-13
38 +0 +0 +0 -8.359719e-13
39 +0 +0 +0 -3.579356e-13
40 +0 +0 +0 -2.050614e-13
41 +0 +0 +0 -9.057388e-14
42 +0 +0 +0 -1.632650e-13
43 +0 +0 +0 -1.751594e-13
44 +0 +0 +0 -2.976499e-14
45 +0 +0 +0 -4.767838e-14
46 +0 +0 +0 -2.112124e-13
47 +0 +0 +0 -1.482423e-13
48 +0 +0 +0 -1.367729e-13
49 +0 +0 +0 -4.814545e-14
50 +0 +0 +0 +9.204290e-14
51 +0 +0 +0 +7.608200e-14
52 +0 +0 +0 +1.490999e-13
53 +0 +0 +0 +3.612867e-14
54 +0 +0 +0 +2.071956e-13
55 +0 +0 +0 +3.414954e-13
56 +0 +0 +0 +3.467815e-13
57 +0 +0 +0 +2.683048e-13
58 +0 +0 +0 +2.082364e-13
59 +0 +0 +0 +9.021301e-14
60 +0 +0 +0 -1.139151e-14
61 +0 +0 +0 -2.956717e-14
62 +0 +0 +0 -1.935487e-13
63 +0 +0 +0 -2.524286e-13
