0 +0 +0 +0 +1.289196e-08
1 +0 +0 +0 +2.407497e-08
2 +0 +0 +0 +1.319471e-08
3 +0 +0 +0 +7.857967e-09
4 +0 +0 +0 +4.831195e-09
5 +0 +0 +0 +3.077521e-09
6 +0 +0 +0 +1.999362e-09
7 +0 +0 +0 +1.350532e-09
8 +0 +0 +0 +8.848672e-10
9 +0 +0 +0 +5.911759e-10
10 +0 +0 +0 +3.850470e-10
11 +0 +0 +0 +2.621773e-10
12 +0 +0 +0 +1.759247e-10
13 +0 +0 +0 +1.210936e-10
14 +0 +0 +0 +8.685373e-11
15 +0 +0 +0 +5.956850e-11
16 +0 +0 +0 +3.838359e-11
17 +0 +0 +0 +2.546597e-11
18 +0 +0 +0 +1.546910e-11
19 +0 +0 +0 +9.577890e-12
20 +0 +0 +0 +7.060186e-12
21 +0 +0 +0 +4.744395e-12
22 +0 +0 +0 +1.412717e-12
23 +0 +0 +0 +2.325858e-13
24 +0 +0 +0 +1.139209e-12
25 +0 +0 +0 +1.738961e-12
26 +0 +0 +0 +6.124563e-13
27 +0 +0 +0 +1.214398e-12
28 +0 +0 +0 +1.350066e-12
29 +0 +0 +0 +1.210355e-12
30 +0 +0 +0 +8.992976e-13
31 +0 +0 +0 +5.108120e-13
32 +0 +0 +0 +1.796276e-13
33 +0 +0 +0 +3.718959e-13
34 +0 +0 +0 +5.316044e-13
35 +0 +0 +0 +5.370743e-13
36 +0 +0 +0 +2.888945e-13
37 +0 +0 +0 +2.291784e-14
38 +0 +0 +0 -1.378208e-13
39 +0 +0 +0 -3.789657e-15
40 +0 +0 +0 +1.603496e-14
41 +0 +0 +0 -3.368486e-13
42 +0 +0 +0 -1.961950e-13
43 +0 +0 +0 +2.978777e-14
44 +0 +0 +0 +1.235406e-14
45 +0 +0 +0 -8.540096e-14
46 +0 +0 +0 +6.456911e-14
47 +0 +0 +0 +1.077231e-13
48 +0 +0 +0 +1.606074e-13
49 +0 +0 +0 +1.809882e-13
50 +0 +0 +0 +2.026575e-14
51 +0 +0 +0 +1.135127e-13
52 +0 +0 +0 +9.085831e-14
53 +0 +0 +0 +1.594146e-14
54 +0 +0 +0 -1.295275e-14
55 +0 +0 +0 -5.901350e-14
56 +0 +0 +0 -4.936864e-14
57 +0 +0 +0 -9.862036e-14
58 +0 +0 +0 -1.123383e-13
59 +0 +0 +0 -7.787206e-14
60 +0 +0 +0 +3.246911e-14
61 +0 +0 +0 +7.226231e-15
62 +0 +0 +0 -5.790440e-14
63 +0 +0 +0 +3.275905e-15
