0 +0 +0 +0 +1.380754e-08
1 +0 +0 +0 +2.473399e-08
2 +0 +0 +0 +1.373036e-08
3 +0 +0 +0 +8.173898e-09
4 +0 +0 +0 +5.135434e-09
5 +0 +0 +0 +3.214686e-09
6 +0 +0 +0 +2.155780e-09
7 +0 +0 +0 +1.449322e-09
8 +0 +0 +0 +9.602615e-10
9 +0 +0 +0 +6.472924e-10
10 +0 +0 +0 +4.377330e-10
11 +0 +0 +0 +2.805432e-10
12 +0 +0 +0 +2.053349e-10
13 +0 +0 +0 +1.278136e-10
14 +0 +0 +0 +8.645904e-11
15 +0 +0 +0 +5.908004e-11
16 +0 +0 +0 +4.140145e-11
17 +0 +0 +0 +2.521207e-11
18 +0 +0 +0 +1.362433e-11
19 +0 +0 +0 +8.342841e-12
20 +0 +0 +0 +4.957195e-12
21 +0 +0 +0 +2.068426e-12
22 +0 +0 +0 +2.914567e-12
23 +0 +0 +0 +1.478236e-12
24 +0 +0 +0 +1.730634e-15
25 +0 +0 +0 +1.193183e-14
26 +0 +0 +0 -6.040785e-13
27 +0 +0 +0 -3.746657e-13
28 +0 +0 +0 +5.547284e-13
29 +0 +0 +0 +6.980541e-13
30 +0 +0 +0 +1.049173e-12
31 +0 +0 +0 +1.055081e-12
32 +0 +0 +0 +1.847400e-13
33 +0 +0 +0 -8.192072e-14
34 +0 +0 +0 +1.137878e-13
35 +0 +0 +0 +4.965740e-13
36 +0 +0 +0 -2.702416e-14
37 +0 +0 +0 +5.129291e-13
38 +0 +0 +0 +3.317022e-13
39 +0 +0 +0 -8.408640e-14
40 +0 +0 +0 -5.226582e-14
41 +0 +0 +0 -1.303186e-13
42 +0 +0 +0 -1.930635e-14
43 +0 +0 +0 -5.752884e-14
44 +0 +0 +0 -7.838954e-14
45 +0 +0 +0 -1.293071e-13
46 +0 +0 +0 -2.179331e-13
47 +0 +0 +0 -1.600778e-13
48 +0 +0 +0 -6.484032e-14
49 +0 +0 +0 -1.634691e-13
50 +0 +0 +0 -8.697829e-14
51 +0 +0 +0 -7.326449e-14
52 +0 +0 +0 -3.691661e-14
53 +0 +0 +0 +3.838685e-14
54 +0 +0 +0 -5.104529e-14
55 +0 +0 +0 -1.675555e-14
56 +0 +0 +0 +3.388614e-14
57 +0 +0 +0 -6.033414e-14
58 +0 +0 +0 -2.422263e-14
59 +0 +0 +0 -3.237024e-14
60 +0 +0 +0 +1.211854e-14
61 +0 +0 +0 -2.210668e-15
62 +0 +0 +0 -1.128612e-13
63 +0 +0 +0 -4.831345e-14
