0 +0 +0 +0 +1.283384e-08
1 +0 +0 +0 +2.402224e-08
2 +0 +0 +0 +1.327218e-08
3 +0 +0 +0 +7.750467e-09
4 +0 +0 +0 +4.934222e-09
5 +0 +0 +0 +3.225620e-09
6 +0 +0 +0 +2.070310e-09
7 +0 +0 +0 +1.348479e-09
8 +0 +0 +0 +9.145346e-10
9 +0 +0 +0 +6.136483e-10
10 +0 +0 +0 +4.106779e-10
11 +0 +0 +0 +2.747094e-10
12 +0 +0 +0 +1.827385e-10
13 +0 +0 +0 +1.245142e-10
14 +0 +0 +0 +8.511078e-11
15 +0 +0 +0 +5.646468e-11
16 +0 +0 +0 +3.981855e-11
17 +0 +0 +0 +2.847103e-11
18 +0 +0 +0 +2.042803e-11
19 +0 +0 +0 +1.487369e-11
20 +0 +0 +0 +9.423220e-12
21 +0 +0 +0 +6.793956e-12
22 +0 +0 +0 +5.968972e-12
23 +0 +0 +0 +5.987611e-12
24 +0 +0 +0 +2.677788e-12
25 +0 +0 +0 +1.879063e-12
26 +0 +0 +0 +5.596026e-13
27 +0 +0 +0 -7.540293e-13
28 +0 +0 +0 -8.101958e-13
29 +0 +0 +0 -1.189394e-12
30 +0 +0 +0 -4.555532e-13
31 +0 +0 +0 +7.047736e-13
32 +0 +0 +0 -1.464501e-14
33 +0 +0 +0 +3.426282e-13
34 +0 +0 +0 -7.584754e-14
35 +0 +0 +0 +9.290407e-14
36 +0 +0 +0 -3.225126e-13
37 +0 +0 +0 -2.073862e-13
38 +0 +0 +0 -1.407846e-13
39 +0 +0 +0 +7.248140e-14
40 +0 +0 +0 +1.456304e-13
41 +0 +0 +0 +1.337910e-13
42 +0 +0 +0 +1.801019e-13
43 +0 +0 +0 +7.625493e-14
44 +0 +0 +0 -4.565422e-14
45 +0 +0 +0 +6.542660e-14
46 +0 +0 +0 +1.633272e-13
47 +0 +0 +0 +1.884937e-13
48 +0 +0 +0 +3.274823e-13
49 +0 +0 +0 +2.630782e-13
50 +0 +0 +0 +1.556837e-13
51 +0 +0 +0 +1.136154e-13
52 +0 +0 +0 -5.375553e-14
53 +0 +0 +0 +2.672202e-14
54 +0 +0 +0 +8.221025e-15
55 +0 +0 +0 -2.164446e-14
56 +0 +0 +0 -8.727963e-14
57 +0 +0 +0 -2.924868e-14
58 +0 +0 +0 -7.525014e-14
59 +0 +0 +0 -8.398384e-14
60 +0 +0 +0 -1.259163e-13
61 +0 +0 +0 -1.156035e-13
62 +0 +0 +0 -7.173316e-14
63 +0 +0 +0 -1.188157e-14
