0 +0 +0 +0 +1.376056e-08
1 +0 +0 +0 +2.478642e-08
2 +0 +0 +0 +1.381402e-08
3 +0 +0 +0 +8.189532e-09
4 +0 +0 +0 +4.889649e-09
5 +0 +0 +0 +3.151593e-09
6 +0 +0 +0 +2.039354e-09
7 +0 +0 +0 +1.381766e-09
8 +0 +0 +0 +9.310915e-10
9 +0 +0 +0 +6.305325e-10
10 +0 +0 +0 +4.189094e-10
11 +0 +0 +0 +2.750088e-10
12 +0 +0 +0 +1.872254e-10
13 +0 +0 +0 +1.266070e-10
14 +0 +0 +0 +8.838507e-11
15 +0 +0 +0 +6.269725e-11
16 +0 +0 +0 +4.311356e-11
17 +0 +0 +0 +2.695543e-11
18 +0 +0 +0 +1.931918e-11
19 +0 +0 +0 +1.166990e-11
20 +0 +0 +0 +8.512272e-12
21 +0 +0 +0 +8.626700e-12
22 +0 +0 +0 +5.917660e-12
23 +0 +0 +0 +5.358615e-12
24 +0 +0 +0 +3.349471e-12
25 +0 +0 +0 +1.958703e-12
26 +0 +0 +0 +1.376016e-12
27 +0 +0 +0 +1.264986e-13
28 +0 +0 +0 +3.734350e-13
29 +0 +0 +0 +8.522212e-14
30 +0 +0 +0 +1.575815e-13
31 +0 +0 +0 +3.020017e-13
32 +0 +0 +0 -8.571884e-13
33 +0 +0 +0 -3.738744e-13
34 +0 +0 +0 -5.277828e-13
35 +0 +0 +0 -6.442117e-13
36 +0 +0 +0 -5.627661e-13
37 +0 +0 +0 -6.430483e-13
38 +0 +0 +0 -5.160497e-13
39 +0 +0 +0 -4.569884e-13
40 +0 +0 +0 -6.066142e-13
41 +0 +0 +0 -3.747403e-13
42 +0 +0 +0 -3.637076e-13
43 +0 +0 +0 -3.137153e-13
44 +0 +0 +0 -2.215467e-13
45 +0 +0 +0 -1.393963e-13
46 +0 +0 +0 -6.083993e-15
47 +0 +0 +0 -6.410583e-14
48 +0 +0 +0 +6.170573e-14
49 +0 +0 +0 +1.121339e-13
50 +0 +0 +0 +1.636077e-13
51 +0 +0 +0 +1.455959e-13
52 +0 +0 +0 +1.252586e-13
53 +0 +0 +0 -1.309413e-13
54 +0 +0 +0 -4.191953e-14
55 +0 +0 +0 -1.469528e-13
56 +0 +0 +0 -7.689170e-14
57 +0 +0 +0 -6.356887e-14
58 +0 +0 +0 -1.019604e-13
59 +0 +0 +0 -1.355747e-13
60 +0 +0 +0 -5.378680e-14
61 +0 +0 +0 -3.372148e-14
62 +0 +0 +0 -5.501372e-15
63 +0 +0 +0 +3.401930e-15
