0 +0 +0 +0 +1.253506e-08
1 +0 +0 +0 +2.321909e-08
2 +0 +0 +0 +1.300386e-08
3 +0 +0 +0 +7.555107e-09
4 +0 +0 +0 +4.670969e-09
5 +0 +0 +0 +2.994508e-09
6 +0 +0 +0 +1.929969e-09
7 +0 +0 +0 +1.265290e-09
8 +0 +0 +0 +8.287916e-10
9 +0 +0 +0 +5.511090e-10
10 +0 +0 +0 +3.679332e-10
11 +0 +0 +0 +2.378833e-10
12 +0 +0 +0 +1.634731e-10
13 +0 +0 +0 +1.157685e-10
14 +0 +0 +0 +7.809805e-11
15 +0 +0 +0 +5.365359e-11
16 +0 +0 +0 +3.741180e-11
17 +0 +0 +0 +2.660969e-11
18 +0 +0 +0 +1.858019e-11
19 +0 +0 +0 +1.145919e-11
20 +0 +0 +0 +7.076601e-12
21 +0 +0 +0 +3.907986e-12
22 +0 +0 +0 +2.175223e-12
23 +0 +0 +0 +1.207528e-12
24 +0 +0 +0 +1.138627e-12
25 +0 +0 +0 +6.270156e-13
26 +0 +0 +0 -3.909151e-13
27 +0 +0 +0 +7.976769e-13
28 +0 +0 +0 +5.872307e-13
29 +0 +0 +0 +4.745026e-13
30 +0 +0 +0 +5.291372e-13
31 +0 +0 +0 +5.010829e-13
32 +0 +0 +0 +4.221300e-13
33 +0 +0 +0 +5.725876e-13
34 +0 +0 +0 +4.138008e-13
35 +0 +0 +0 +4.096700e-13
36 +0 +0 +0 -5.840507e-14
37 +0 +0 +0 -1.455478e-13
38 +0 +0 +0 -9.280810e-15
39 +0 +0 +0 +2.066665e-13
40 +0 +0 +0 +1.455812e-14
41 +0 +0 +0 +1.411746e-13
42 +0 +0 +0 +1.200609e-13
43 +0 +0 +0 -4.342168e-14
44 +0 +0 +0 -1.573320e-14
45 +0 +0 +0 -1.950138e-13
46 +0 +0 +0 -1.786313e-13
47 +0 +0 +0 -2.635505e-13
48 +0 +0 +0 -2.733300e-13
49 +0 +0 +0 -2.672635e-13
50 +0 +0 +0 -2.839546e-13
51 +0 +0 +0 -1.090952e-13
52 +0 +0 +0 -1.133494e-13
53 +0 +0 +0 -1.787845e-13
54 +0 +0 +0 -6.140846e-14
55 +0 +0 +0 +4.977289e-15
56 +0 +0 +0 +9.203800e-14
57 +0 +0 +0 +5.987653e-14
58 +0 +0 +0 +5.126957e-14
59 +0 +0 +0 +9.061984e-14
60 +0 +0 +0 +1.815434e-13
61 +0 +0 +0 +2.234234e-13
62 +0 +0 +0 +1.900859e-13
63 +0 +0 +0 +1.282509e-13
