0 +0 +0 +0 +1.379640e-08
1 +0 +0 +0 +2.408426e-08
2 +0 +0 +0 +1.389232e-08
3 +0 +0 +0 +7.943289e-09
4 +0 +0 +0 +4.940637e-09
5 +0 +0 +0 +3.165219e-09
6 +0 +0 +0 +2.049566e-09
7 +0 +0 +0 +1.365622e-09
8 +0 +0 +0 +9.184934e-10
9 +0 +0 +0 +6.162198e-10
10 +0 +0 +0 +4.036155e-10
11 +0 +0 +0 +2.714161e-10
12 +0 +0 +0 +1.803137e-10
13 +0 +0 +0 +1.146623e-10
14 +0 +0 +0 +7.375104e-11
15 +0 +0 +0 +5.101611e-11
16 +0 +0 +0 +3.390790e-11
17 +0 +0 +0 +2.415042e-11
18 +0 +0 +0 +1.474143e-11
19 +0 +0 +0 +7.971712e-12
20 +0 +0 +0 +4.616337e-12
21 +0 +0 +0 +2.034575e-12
22 +0 +0 +0 -4.809986e-13
23 +0 +0 +0 +6.499070e-13
24 +0 +0 +0 +1.001435e-12
25 +0 +0 +0 +1.131907e-12
26 +0 +0 +0 +1.306459e-12
27 +0 +0 +0 +1.988376e-12
28 +0 +0 +0 +9.634312e-13
29 +0 +0 +0 +1.471587e-13
30 +0 +0 +0 +9.601147e-14
31 +0 +0 +0 +1.009866e-13
32 +0 +0 +0 -2.561323e-13
33 +0 +0 +0 +1.377875e-13
34 +0 +0 +0 +3.283311e-13
35 +0 +0 +0 +1.902333e-13
36 +0 +0 +0 -7.437673e-14
37 +0 +0 +0 -3.184653e-13
38 +0 +0 +0 -2.689030e-13
39 +0 +0 +0 -2.732964e-13
40 +0 +0 +0 -3.324614e-13
41 +0 +0 +0 -2.151320e-13
42 +0 +0 +0 -4.063732e-14
43 +0 +0 +0 -2.227425e-13
44 +0 +0 +0 -2.438424e-13
45 +0 +0 +0 -1.506944e-14
46 +0 +0 +0 -2.145815e-13
47 +0 +0 +0 -3.754009e-13
48 +0 +0 +0 -2.720600e-13
49 +0 +0 +0 -1.293778e-13
50 +0 +0 +0 -2.406519e-13
51 +0 +0 +0 -9.787917e-14
52 +0 +0 +0 -3.919421e-14
53 +0 +0 +0 -3.553684e-14
54 +0 +0 +0 -8.839353e-14
55 +0 +0 +0 +2.827781e-14
56 +0 +0 +0 +7.254179e-14
57 +0 +0 +0 +9.621502e-14
58 +0 +0 +0 +5.281437e-14
59 +0 +0 +0 +6.737865e-14
60 +0 +0 +0 +1.809933e-13
61 +0 +0 +0 +4.625319e-14
62 +0 +0 +0 +6.389039e-14
63 +0 +0 +0 +1.215052e-13
