0 +0 +0 +0 +1.317233e-08
1 +0 +0 +0 +2.431263e-08
2 +0 +0 +0 +1.370092e-08
3 +0 +0 +0 +8.092971e-09
4 +0 +0 +0 +5.000214e-09
5 +0 +0 +0 +3.151305e-09
6 +0 +0 +0 +2.073576e-09
7 +0 +0 +0 +1.404336e-09
8 +0 +0 +0 +9.142465e-10
9 +0 +0 +0 +6.164537e-10
10 +0 +0 +0 +4.092888e-10
11 +0 +0 +0 +2.878692e-10
12 +0 +0 +0 +2.002627e-10
13 +0 +0 +0 +1.382515e-10
14 +0 +0 +0 +9.932870e-11
15 +0 +0 +0 +6.720436e-11
16 +0 +0 +0 +4.730644e-11
17 +0 +0 +0 +3.817207e-11
18 +0 +0 +0 +2.774294e-11
19 +0 +0 +0 +1.845570e-11
20 +0 +0 +0 +1.190180e-11
21 +0 +0 +0 +7.796665e-12
22 +0 +0 +0 +6.317185e-12
23 +0 +0 +0 +5.952803e-12
24 +0 +0 +0 +3.858045e-12
25 +0 +0 +0 +3.625786e-12
26 +0 +0 +0 +1.911820e-12
27 +0 +0 +0 +6.686376e-13
28 +0 +0 +0 +1.091376e-12
29 +0 +0 +0 -7.659543e-13
30 +0 +0 +0 -5.241780e-13
31 +0 +0 +0 +8.445822e-14
32 +0 +0 +0 +3.868143e-14
33 +0 +0 +0 -5.096451e-13
34 +0 +0 +0 -8.786286e-13
35 +0 +0 +0 -6.105852e-13
36 +0 +0 +0 -3.931222e-13
37 +0 +0 +0 -1.506975e-13
38 +0 +0 +0 -3.273939e-13
39 +0 +0 +0 -3.575855e-13
40 +0 +0 +0 -2.047611e-13
41 +0 +0 +0 -4.229540e-13
42 +0 +0 +0 -6.477222e-13
43 +0 +0 +0 -4.484979e-13
44 +0 +0 +0 -3.858857e-13
45 +0 +0 +0 -1.047608e-13
46 +0 +0 +0 -4.442763e-14
47 +0 +0 +0 +9.359167e-14
48 +0 +0 +0 +1.750953e-13
49 +0 +0 +0 +9.478036e-14
50 +0 +0 +0 +3.815885e-15
51 +0 +0 +0 -1.138098e-13
52 +0 +0 +0 +4.959319e-15
53 +0 +0 +0 +2.632953e-14
54 +0 +0 +0 +2.429750e-13
55 +0 +0 +0 +2.291395e-13
56 +0 +0 +0 +2.137832e-13
57 +0 +0 +0 +2.520202e-13
58 +0 +0 +0 +2.536532e-13
59 +0 +0 +0 +1.310869e-13
60 +0 +0 +0 +1.254114e-13
61 +0 +0 +0 +1.691368e-13
62 +0 +0 +0 +1.900333e-13
63 +0 +0 +0 +2.740767e-13
