0 +0 +0 +0 +1.300012e-08
1 +0 +0 +0 +2.415940e-08
2 +0 +0 +0 +1.344699e-08
3 +0 +0 +0 +8.060743e-09
4 +0 +0 +0 +4.989029e-09
5 +0 +0 +0 +3.247251e-09
6 +0 +0 +0 +2.073239e-09
7 +0 +0 +0 +1.390523e-09
8 +0 +0 +0 +9.027664e-10
9 +0 +0 +0 +5.711113e-10
10 +0 +0 +0 +3.731188e-10
11 +0 +0 +0 +2.501604e-10
12 +0 +0 +0 +1.659774e-10
13 +0 +0 +0 +1.104519e-10
14 +0 +0 +0 +7.705458e-11
15 +0 +0 +0 +5.131700e-11
16 +0 +0 +0 +3.641905e-11
17 +0 +0 +0 +2.668207e-11
18 +0 +0 +0 +1.948937e-11
19 +0 +0 +0 +1.457367e-11
20 +0 +0 +0 +1.176036e-11
21 +0 +0 +0 +8.882164e-12
22 +0 +0 +0 +5.575227e-12
23 +0 +0 +0 +2.385201e-12
24 +0 +0 +0 +1.303593e-12
25 +0 +0 +0 +4.303070e-13
26 +0 +0 +0 -1.064300e-13
27 +0 +0 +0 -1.247217e-12
28 +0 +0 +0 -7.709471e-13
29 +0 +0 +0 -1.273338e-12
30 +0 +0 +0 -3.206670e-13
31 +0 +0 +0 -1.069330e-13
32 +0 +0 +0 -1.398065e-13
33 +0 +0 +0 +1.964849e-13
34 +0 +0 +0 +4.652676e-13
35 +0 +0 +0 +6.959231e-13
36 +0 +0 +0 +5.905516e-13
37 +0 +0 +0 -7.387264e-14
38 +0 +0 +0 +1.581518e-14
39 +0 +0 +0 -2.751019e-13
40 +0 +0 +0 -2.031128e-13
41 +0 +0 +0 -2.542627e-13
42 +0 +0 +0 -4.009582e-13
43 +0 +0 +0 -1.278433e-13
44 +0 +0 +0 -3.141715e-13
45 +0 +0 +0 -4.165545e-13
46 +0 +0 +0 -4.111436e-13
47 +0 +0 +0 -5.481764e-13
48 +0 +0 +0 -3.295964e-13
49 +0 +0 +0 -2.249696e-13
50 +0 +0 +0 -1.823771e-13
51 +0 +0 +0 -2.029783e-13
52 +0 +0 +0 -2.321185e-13
53 +0 +0 +0 -1.306877e-13
54 +0 +0 +0 -5.633719e-14
55 +0 +0 +0 -6.492380e-14
56 +0 +0 +0 -5.976963e-15
57 +0 +0 +0 +1.778030e-13
58 +0 +0 +0 +2.198155e-13
59 +0 +0 +0 +1.626097e-13
60 +0 +0 +0 +1.562211e-13
61 +0 +0 +0 +2.787988e-13
62 +0 +0 +0 +1.759664e-13
63 +0 +0 +0 +1.269022e-13
