0 +0 +0 +0 +1.245846e-08
1 +0 +0 +0 +2.384804e-08
2 +0 +0 +0 +1.337786e-08
3 +0 +0 +0 +7.796314e-09
4 +0 +0 +0 +4.861312e-09
5 +0 +0 +0 +3.105229e-09
6 +0 +0 +0 +2.006760e-09
7 +0 +0 +0 +1.287399e-09
8 +0 +0 +0 +8.526213e-10
9 +0 +0 +0 +5.943454e-10
10 +0 +0 +0 +3.953908e-10
11 +0 +0 +0 +2.634816e-10
12 +0 +0 +0 +1.696329e-10
13 +0 +0 +0 +1.125326e-10
14 +0 +0 +0 +7.586598e-11
15 +0 +0 +0 +5.293866e-11
16 +0 +0 +0 +3.945178e-11
17 +0 +0 +0 +2.739557e-11
18 +0 +0 +0 +1.835522e-11
19 +0 +0 +0 +1.226346e-11
20 +0 +0 +0 +7.138518e-12
21 +0 +0 +0 +5.140208e-12
22 +0 +0 +0 +1.650161e-12
23 +0 +0 +0 +6.317210e-13
24 +0 +0 +0 +6.910543e-13
25 +0 +0 +0 +3.869472e-13
26 +0 +0 +0 +8.986759e-13
27 +0 +0 +0 -2.757606e-13
28 +0 +0 +0 -2.748253e-13
29 +0 +0 +0 -1.928288e-12
30 +0 +0 +0 -2.311028e-12
31 +0 +0 +0 -1.858729e-12
32 +0 +0 +0 -1.391935e-12
33 +0 +0 +0 -1.858470e-12
34 +0 +0 +0 -1.576709e-12
35 +0 +0 +0 -1.177627e-12
36 +0 +0 +0 -7.681332e-13
37 +0 +0 +0 -8.592677e-13
38 +0 +0 +0 -7.320594e-13
39 +0 +0 +0 -4.381686e-13
40 +0 +0 +0 -3.608597e-13
41 +0 +0 +0 -2.384673e-13
42 +0 +0 +0 -1.374341e-13
43 +0 +0 +0 -1.458668e-13
44 +0 +0 +0 -3.359844e-13
45 +0 +0 +0 -3.054238e-13
46 +0 +0 +0 -2.715617e-13
47 +0 +0 +0 -1.782164e-13
48 +0 +0 +0 -4.463474e-14
49 +0 +0 +0 +1.361413e-14
50 +0 +0 +0 -7.051421e-14
51 +0 +0 +0 -8.182312e-14
52 +0 +0 +0 -1.373858e-13
53 +0 +0 +0 +5.929337e-14
54 +0 +0 +0 -7.082179e-16
55 +0 +0 +0 -5.943573e-14
56 +0 +0 +0 -6.538391e-14
57 +0 +0 +0 -8.157566e-15
58 +0 +0 +0 +8.527080e-14
59 +0 +0 +0 -6.191047e-15
60 +0 +0 +0 -2.571000e-14
61 +0 +0 +0 +7.657447e-14
62 +0 +0 +0 +2.085456e-13
63 +0 +0 +0 +2.273835e-13
