0 +0 +0 +0 +1.235983e-08
1 +0 +0 +0 +2.364917e-08
2 +0 +0 +0 +1.292772e-08
3 +0 +0 +0 +7.684781e-09
4 +0 +0 +0 +4.720187e-09
5 +0 +0 +0 +2.983890e-09
6 +0 +0 +0 +1.918811e-09
7 +0 +0 +0 +1.233547e-09
8 +0 +0 +0 +7.907491e-10
9 +0 +0 +0 +5.221254e-10
10 +0 +0 +0 +3.420280e-10
11 +0 +0 +0 +2.196736e-10
12 +0 +0 +0 +1.447633e-10
13 +0 +0 +0 +9.621998e-11
14 +0 +0 +0 +6.419541e-11
15 +0 +0 +0 +4.708711e-11
16 +0 +0 +0 +3.233468e-11
17 +0 +0 +0 +2.064773e-11
18 +0 +0 +0 +1.401073e-11
19 +0 +0 +0 +8.820999e-12
20 +0 +0 +0 +4.885566e-12
21 +0 +0 +0 +3.646394e-12
22 +0 +0 +0 +1.529771e-12
23 +0 +0 +0 +9.151162e-13
24 +0 +0 +0 +8.202687e-13
25 +0 +0 +0 +5.618283e-13
26 +0 +0 +0 +1.595979e-13
27 +0 +0 +0 +2.253918e-13
28 +0 +0 +0 -6.050227e-14
29 +0 +0 +0 -7.930393e-14
30 +0 +0 +0 -5.320135e-13
31 +0 +0 +0 -7.717028e-13
32 +0 +0 +0 -3.902783e-13
33 +0 +0 +0 -4.952736e-13
34 +0 +0 +0 -5.535235e-13
35 +0 +0 +0 -5.537254e-13
36 +0 +0 +0 -3.404928e-13
37 +0 +0 +0 -4.949029e-13
38 +0 +0 +0 -1.137252e-13
39 +0 +0 +0 +5.542042e-14
40 +0 +0 +0 +1.266180e-13
41 +0 +0 +0 +9.809838e-14
42 +0 +0 +0 +3.123104e-13
43 +0 +0 +0 +4.767728e-13
44 +0 +0 +0 +1.856391e-13
45 +0 +0 +0 +1.790563e-13
46 +0 +0 +0 +1.386527e-13
47 +0 +0 +0 +7.821102e-14
48 +0 +0 +0 +7.988917e-15
49 +0 +0 +0 -6.628524e-14
50 +0 +0 +0 -3.493093e-14
51 +0 +0 +0 -5.561169e-14
52 +0 +0 +0 -3.212372e-14
53 +0 +0 +0 -1.592450e-15
54 +0 +0 +0 -4.617244e-14
55 +0 +0 +0 -6.024459e-15
56 +0 +0 +0 -1.815910e-14
57 +0 +0 +0 -5.643781e-14
58 +0 +0 +0 -2.054577e-15
59 +0 +0 +0 -2.428023e-14
60 +0 +0 +0 -3.811926e-14
61 +0 +0 +0 -1.310065e-14
62 +0 +0 +0 +3.482362e-14
63 +0 +0 +0 -2.127655e-15
