0 +0 +0 +0 +1.340689e-08
1 +0 +0 +0 +2.541626e-08
2 +0 +0 +0 +1.416015e-08
3 +0 +0 +0 +8.439754e-09
4 +0 +0 +0 +5.204523e-09
5 +0 +0 +0 +3.282923e-09
6 +0 +0 +0 +2.130465e-09
7 +0 +0 +0 +1.382938e-09
8 +0 +0 +0 +9.028742e-10
9 +0 +0 +0 +6.314615e-10
10 +0 +0 +0 +3.977722e-10
11 +0 +0 +0 +2.680254e-10
12 +0 +0 +0 +1.785326e-10
13 +0 +0 +0 +1.271872e-10
14 +0 +0 +0 +8.684047e-11
15 +0 +0 +0 +6.097712e-11
16 +0 +0 +0 +4.173810e-11
17 +0 +0 +0 +3.010747e-11
18 +0 +0 +0 +1.654096e-11
19 +0 +0 +0 +9.249107e-12
20 +0 +0 +0 +7.046972e-12
21 +0 +0 +0 +5.874736e-12
22 +0 +0 +0 +4.085954e-12
23 +0 +0 +0 +3.772932e-12
24 +0 +0 +0 +7.897071e-13
25 +0 +0 +0 +1.041656e-12
26 +0 +0 +0 +2.790652e-13
27 +0 +0 +0 -4.749615e-13
28 +0 +0 +0 -8.498405e-13
29 +0 +0 +0 +3.071207e-14
30 +0 +0 +0 -1.513230e-12
31 +0 +0 +0 -6.326672e-13
32 +0 +0 +0 -7.497947e-13
33 +0 +0 +0 -5.704722e-13
34 +0 +0 +0 -5.903831e-13
35 +0 +0 +0 -3.835852e-13
36 +0 +0 +0 -4.241538e-13
37 +0 +0 +0 +6.301158e-14
38 +0 +0 +0 +1.621967e-13
39 +0 +0 +0 -4.637673e-14
40 +0 +0 +0 +3.981081e-13
41 +0 +0 +0 +5.406907e-13
42 +0 +0 +0 -4.384545e-14
43 +0 +0 +0 -6.704590e-14
44 +0 +0 +0 +1.653645e-13
45 +0 +0 +0 +3.100385e-13
46 +0 +0 +0 +3.477118e-13
47 +0 +0 +0 +3.884591e-13
48 +0 +0 +0 +2.218226e-13
49 +0 +0 +0 +4.075773e-14
50 +0 +0 +0 -9.549424e-14
51 +0 +0 +0 +6.067636e-14
52 +0 +0 +0 +1.986737e-13
53 +0 +0 +0 +1.642789e-13
54 +0 +0 +0 +2.024762e-13
55 +0 +0 +0 +5.857035e-14
56 +0 +0 +0 +9.325466e-14
57 +0 +0 +0 -1.448100e-14
58 +0 +0 +0 -4.857842e-14
59 +0 +0 +0 -5.110583e-14
60 +0 +0 +0 -1.989160e-14
61 +0 +0 +0 -6.448721e-14
62 +0 +0 +0 -1.358646e-13
63 +0 +0 +0 -1.653140e-13
