0 +0 +0 +0 +1.363854e-08
1 +0 +0 +0 +2.472464e-08
2 +0 +0 +0 +1.357428e-08
3 +0 +0 +0 +8.121980e-09
4 +0 +0 +0 +4.889738e-09
5 +0 +0 +0 +3.027372e-09
6 +0 +0 +0 +1.968018e-09
7 +0 +0 +0 +1.296427e-09
8 +0 +0 +0 +8.368381e-10
9 +0 +0 +0 +5.582272e-10
10 +0 +0 +0 +3.794300e-10
11 +0 +0 +0 +2.571304e-10
12 +0 +0 +0 +1.782733e-10
13 +0 +0 +0 +1.214997e-10
14 +0 +0 +0 +8.310780e-11
15 +0 +0 +0 +5.977945e-11
16 +0 +0 +0 +4.182458e-11
17 +0 +0 +0 +2.923229e-11
18 +0 +0 +0 +2.053834e-11
19 +0 +0 +0 +1.265114e-11
20 +0 +0 +0 +1.167837e-11
21 +0 +0 +0 +7.751803e-12
22 +0 +0 +0 +4.670105e-12
23 +0 +0 +0 +3.526495e-12
24 +0 +0 +0 +2.113064e-12
25 +0 +0 +0 +1.354729e-12
26 +0 +0 +0 +1.291504e-12
27 +0 +0 +0 +2.214712e-12
28 +0 +0 +0 +1.990766e-12
29 +0 +0 +0 +1.245432e-12
30 +0 +0 +0 +3.920147e-13
31 +0 +0 +0 +9.654000e-15
32 +0 +0 +0 +6.265799e-13
33 +0 +0 +0 -3.726402e-13
34 +0 +0 +0 +1.901577e-13
35 +0 +0 +0 +1.537075e-13
36 +0 +0 +0 +3.712946e-13
37 +0 +0 +0 +3.558278e-13
38 +0 +0 +0 +2.459452e-13
39 +0 +0 +0 -1.163516e-14
40 +0 +0 +0 +1.770506e-13
41 +0 +0 +0 +3.362185e-14
42 +0 +0 +0 -4.439814e-14
43 +0 +0 +0 +9.825897e-14
44 +0 +0 +0 +1.242988e-13
45 +0 +0 +0 +3.851877e-13
46 +0 +0 +0 +4.247453e-13
47 +0 +0 +0 +2.772760e-13
48 +0 +0 +0 +1.865243e-13
49 +0 +0 +0 +2.762362e-13
50 +0 +0 +0 +3.429413e-13
51 +0 +0 +0 +3.412212e-13
52 +0 +0 +0 +3.814331e-13
53 +0 +0 +0 +3.318735e-13
54 +0 +0 +0 +3.390604e-13
55 +0 +0 +0 +3.212071e-13
56 +0 +0 +0 +2.833112e-13
57 +0 +0 +0 +2.520037e-13
58 +0 +0 +0 +1.883704e-13
59 +0 +0 +0 +2.283821e-13
60 +0 +0 +0 +1.610918e-13
61 +0 +0 +0 +1.324928e-13
62 +0 +0 +0 +3.163233e-14
63 +0 +0 +0 +3.136859e-14
