0 +0 +0 +0 +1.234440e-08
1 +0 +0 +0 +2.378631e-08
2 +0 +0 +0 +1.296705e-08
3 +0 +0 +0 +7.520665e-09
4 +0 +0 +0 +4.707263e-09
5 +0 +0 +0 +2.890035e-09
6 +0 +0 +0 +1.870942e-09
7 +0 +0 +0 +1.264287e-09
8 +0 +0 +0 +8.476383e-10
9 +0 +0 +0 +5.625349e-10
10 +0 +0 +0 +3.729299e-10
11 +0 +0 +0 +2.510993e-10
12 +0 +0 +0 +1.722498e-10
13 +0 +0 +0 +1.200645e-10
14 +0 +0 +0 +8.296903e-11
15 +0 +0 +0 +5.694558e-11
16 +0 +0 +0 +3.930725e-11
17 +0 +0 +0 +2.735473e-11
18 +0 +0 +0 +2.027549e-11
19 +0 +0 +0 +1.236749e-11
20 +0 +0 +0 +1.037145e-11
21 +0 +0 +0 +7.243268e-12
22 +0 +0 +0 +4.585962e-12
23 +0 +0 +0 +3.211501e-12
24 +0 +0 +0 +1.352690e-12
25 +0 +0 +0 +4.796967e-13
26 +0 +0 +0 +3.792562e-13
27 +0 +0 +0 -3.249744e-14
28 +0 +0 +0 +3.626830e-13
29 +0 +0 +0 +5.526962e-13
30 +0 +0 +0 -1.778858e-13
31 +0 +0 +0 -8.386387e-14
32 +0 +0 +0 +2.999705e-13
33 +0 +0 +0 -3.539877e-14
34 +0 +0 +0 -2.272509e-13
35 +0 +0 +0 -6.954576e-13
36 +0 +0 +0 -2.976018e-14
37 +0 +0 +0 +1.427930e-13
38 +0 +0 +0 +1.030471e-14
39 +0 +0 +0 +1.064635e-13
40 +0 +0 +0 +3.356881e-14
41 +0 +0 +0 -8.405817e-14
42 +0 +0 +0 -1.632880e-13
43 +0 +0 +0 -4.473796e-14
44 +0 +0 +0 -2.154833e-13
45 +0 +0 +0 -2.375767e-13
46 +0 +0 +0 -4.288659e-13
47 +0 +0 +0 -1.388356e-13
48 +0 +0 +0 -1.165846e-13
49 +0 +0 +0 -1.641694e-14
50 +0 +0 +0 +5.750063e-14
51 +0 +0 +0 -3.616084e-14
52 +0 +0 +0 -1.086027e-14
53 +0 +0 +0 +7.392912e-15
54 +0 +0 +0 -1.359659e-13
55 +0 +0 +0 -5.627725e-14
56 +0 +0 +0 -9.203531e-14
57 +0 +0 +0 -9.400346e-14
58 +0 +0 +0 -7.793560e-14
59 +0 +0 +0 +3.788112e-14
60 +0 +0 +0 +1.248993e-13
61 +0 +0 +0 +1.335676e-13
62 +0 +0 +0 +1.584102e-13
63 +0 +0 +0 +2.049809e-13
