0 +0 +0 +0 +1.348942e-08
1 +0 +0 +0 +2.425198e-08
2 +0 +0 +0 +1.356178e-08
3 +0 +0 +0 +8.098791e-09
4 +0 +0 +0 +4.955537e-09
5 +0 +0 +0 +3.143975e-09
6 +0 +0 +0 +2.043080e-09
7 +0 +0 +0 +1.365504e-09
8 +0 +0 +0 +8.969211e-10
9 +0 +0 +0 +5.993099e-10
10 +0 +0 +0 +4.078504e-10
11 +0 +0 +0 +2.720799e-10
12 +0 +0 +0 +1.864421e-10
13 +0 +0 +0 +1.263579e-10
14 +0 +0 +0 +8.457526e-11
15 +0 +0 +0 +5.244177e-11
16 +0 +0 +0 +3.679159e-11
17 +0 +0 +0 +2.613387e-11
18 +0 +0 +0 +1.931645e-11
19 +0 +0 +0 +1.218234e-11
20 +0 +0 +0 +1.073930e-11
21 +0 +0 +0 +5.052487e-12
22 +0 +0 +0 +2.143896e-12
23 +0 +0 +0 +9.897781e-13
24 +0 +0 +0 +1.536402e-12
25 +0 +0 +0 -3.536990e-13
26 +0 +0 +0 -3.699223e-13
27 +0 +0 +0 -4.605726e-13
28 +0 +0 +0 -1.109080e-12
29 +0 +0 +0 -1.281050e-12
30 +0 +0 +0 -1.156680e-12
31 +0 +0 +0 -7.903998e-13
32 +0 +0 +0 -9.760203e-13
33 +0 +0 +0 -1.106581e-12
34 +0 +0 +0 -8.363637e-13
35 +0 +0 +0 -8.431328e-13
36 +0 +0 +0 -5.301331e-13
37 +0 +0 +0 -4.468119e-13
38 +0 +0 +0 -4.810910e-13
39 +0 +0 +0 -3.499852e-15
40 +0 +0 +0 +2.319139e-13
41 +0 +0 +0 +2.832482e-13
42 +0 +0 +0 +3.646755e-14
43 +0 +0 +0 +1.331569e-13
44 +0 +0 +0 +1.490429e-13
45 +0 +0 +0 +2.197629e-13
46 +0 +0 +0 +2.144026e-13
47 +0 +0 +0 +3.032269e-13
48 +0 +0 +0 -6.294469e-15
49 +0 +0 +0 +4.800984e-14
50 +0 +0 +0 -3.085706e-14
51 +0 +0 +0 -2.482184e-14
52 +0 +0 +0 -1.552389e-13
53 +0 +0 +0 -2.759054e-13
54 +0 +0 +0 -2.169946e-13
55 +0 +0 +0 -1.676172e-13
56 +0 +0 +0 -2.307582e-13
57 +0 +0 +0 -1.607567e-13
58 +0 +0 +0 -2.708221e-13
59 +0 +0 +0 -1.775300e-13
60 +0 +0 +0 -6.752051e-14
61 +0 +0 +0 -5.910809e-14
62 +0 +0 +0 +6.557605e-14
63 +0 +0 +0 +1.732019e-13
