0 +0 +0 +0 +1.236500e-08
1 +0 +0 +0 +2.387178e-08
2 +0 +0 +0 +1.329406e-08
3 +0 +0 +0 +8.085537e-09
4 +0 +0 +0 +5.039799e-09
5 +0 +0 +0 +3.264132e-09
6 +0 +0 +0 +2.108428e-09
7 +0 +0 +0 +1.383256e-09
8 +0 +0 +0 +9.069432e-10
9 +0 +0 +0 +5.923246e-10
10 +0 +0 +0 +4.151318e-10
11 +0 +0 +0 +2.887228e-10
12 +0 +0 +0 +2.017089e-10
13 +0 +0 +0 +1.353850e-10
14 +0 +0 +0 +9.659569e-11
15 +0 +0 +0 +7.031827e-11
16 +0 +0 +0 +4.836660e-11
17 +0 +0 +0 +3.453896e-11
18 +0 +0 +0 +2.352734e-11
19 +0 +0 +0 +1.919871e-11
20 +0 +0 +0 +1.352318e-11
21 +0 +0 +0 +9.723264e-12
22 +0 +0 +0 +8.843994e-12
23 +0 +0 +0 +6.307784e-12
24 +0 +0 +0 +5.341259e-12
25 +0 +0 +0 +5.030998e-12
26 +0 +0 +0 +3.720689e-12
27 +0 +0 +0 +3.372518e-12
28 +0 +0 +0 +1.729862e-12
29 +0 +0 +0 +1.823752e-12
30 +0 +0 +0 +1.307496e-12
31 +0 +0 +0 +1.250919e-12
32 +0 +0 +0 +1.081523e-12
33 +0 +0 +0 +9.957873e-13
34 +0 +0 +0 +7.461887e-13
35 +0 +0 +0 +1.854181e-13
36 +0 +0 +0 +2.012280e-13
37 +0 +0 +0 -1.580827e-13
38 +0 +0 +0 -1.585774e-13
39 +0 +0 +0 -2.162064e-13
40 +0 +0 +0 -2.366559e-13
41 +0 +0 +0 -1.666344e-13
42 +0 +0 +0 +7.896514e-14
43 +0 +0 +0 +5.879862e-14
44 +0 +0 +0 +4.447974e-14
45 +0 +0 +0 -3.821276e-13
46 +0 +0 +0 -2.838304e-13
47 +0 +0 +0 -1.481001e-13
48 +0 +0 +0 +1.966055e-15
49 +0 +0 +0 +5.855272e-14
50 +0 +0 +0 +7.576822e-14
51 +0 +0 +0 -2.965835e-14
52 +0 +0 +0 +4.412670e-14
53 +0 +0 +0 -4.448145e-14
54 +0 +0 +0 +3.338572e-14
55 +0 +0 +0 +1.008872e-13
56 +0 +0 +0 +1.403931e-13
57 +0 +0 +0 +9.136144e-14
58 +0 +0 +0 +1.598784e-13
59 +0 +0 +0 +6.970850e-14
60 +0 +0 +0 -8.311705e-15
61 +0 +0 +0 +7.952193e-14
62 +0 +0 +0 +2.791176e-14
63 +0 +0 +0 +5.495296e-14
