0 +0 +0 +0 +1.296265e-08
1 +0 +0 +0 +2.428097e-08
2 +0 +0 +0 +1.357330e-08
3 +0 +0 +0 +8.062566e-09
4 +0 +0 +0 +4.907827e-09
5 +0 +0 +0 +3.054706e-09
6 +0 +0 +0 +2.047675e-09
7 +0 +0 +0 +1.353120e-09
8 +0 +0 +0 +8.913535e-10
9 +0 +0 +0 +5.810806e-10
10 +0 +0 +0 +3.945600e-10
11 +0 +0 +0 +2.571479e-10
12 +0 +0 +0 +1.776100e-10
13 +0 +0 +0 +1.211179e-10
14 +0 +0 +0 +8.195877e-11
15 +0 +0 +0 +5.745345e-11
16 +0 +0 +0 +3.762209e-11
17 +0 +0 +0 +2.445237e-11
18 +0 +0 +0 +1.302155e-11
19 +0 +0 +0 +1.081942e-11
20 +0 +0 +0 +7.261190e-12
21 +0 +0 +0 +4.408468e-12
22 +0 +0 +0 +2.895431e-12
23 +0 +0 +0 +2.847556e-12
24 +0 +0 +0 +2.515638e-12
25 +0 +0 +0 +1.291411e-12
26 +0 +0 +0 +1.431193e-12
27 +0 +0 +0 +1.610170e-12
28 +0 +0 +0 +1.286438e-12
29 +0 +0 +0 +1.272664e-12
30 +0 +0 +0 +8.562917e-13
31 +0 +0 +0 +1.463546e-13
32 +0 +0 +0 -2.139511e-13
33 +0 +0 +0 -5.343760e-13
34 +0 +0 +0 -5.286949e-14
35 +0 +0 +0 +5.434575e-13
36 +0 +0 +0 +8.089434e-13
37 +0 +0 +0 +3.165614e-13
38 +0 +0 +0 +2.757830e-13
39 +0 +0 +0 +2.347402e-13
40 +0 +0 +0 +2.153672e-13
41 +0 +0 +0 +1.937343e-13
42 +0 +0 +0 +3.795474e-14
43 +0 +0 +0 +1.426411e-13
44 +0 +0 +0 +3.435747e-13
45 +0 +0 +0 +2.383543e-13
46 +0 +0 +0 +8.490109e-14
47 +0 +0 +0 +5.047825e-14
48 +0 +0 +0 -1.680181e-13
49 +0 +0 +0 -3.542096e-14
50 +0 +0 +0 +9.164194e-14
51 +0 +0 +0 +1.195306e-14
52 +0 +0 +0 -1.106625e-15
53 +0 +0 +0 +1.408095e-13
54 +0 +0 +0 +1.796519e-13
55 +0 +0 +0 +7.759375e-14
56 +0 +0 +0 +1.262846e-14
57 +0 +0 +0 +2.886382e-14
58 +0 +0 +0 +5.231169e-14
59 +0 +0 +0 -1.666521e-14
60 +0 +0 +0 +1.425217e-14
61 +0 +0 +0 +3.406536e-14
62 +0 +0 +0 +4.314079e-14
63 +0 +0 +0 -2.330176e-14
