0 +0 +0 +0 +1.348024e-08
1 +0 +0 +0 +2.389101e-08
2 +0 +0 +0 +1.304898e-08
3 +0 +0 +0 +7.652509e-09
4 +0 +0 +0 +4.654333e-09
5 +0 +0 +0 +2.951883e-09
6 +0 +0 +0 +1.933033e-09
7 +0 +0 +0 +1.240059e-09
8 +0 +0 +0 +8.480786e-10
9 +0 +0 +0 +5.738147e-10
10 +0 +0 +0 +3.857201e-10
11 +0 +0 +0 +2.701847e-10
12 +0 +0 +0 +1.829244e-10
13 +0 +0 +0 +1.203956e-10
14 +0 +0 +0 +8.453193e-11
15 +0 +0 +0 +6.096381e-11
16 +0 +0 +0 +4.232258e-11
17 +0 +0 +0 +2.877580e-11
18 +0 +0 +0 +1.780617e-11
19 +0 +0 +0 +1.156250e-11
20 +0 +0 +0 +8.539394e-12
21 +0 +0 +0 +6.498863e-12
22 +0 +0 +0 +4.473624e-12
23 +0 +0 +0 +2.910677e-12
24 +0 +0 +0 +1.291141e-12
25 +0 +0 +0 +1.041378e-13
26 +0 +0 +0 +6.862797e-13
27 +0 +0 +0 +5.500168e-13
28 +0 +0 +0 +1.020815e-12
29 +0 +0 +0 +7.631487e-13
30 +0 +0 +0 +6.101858e-13
31 +0 +0 +0 +4.283780e-13
32 +0 +0 +0 +9.340074e-13
33 +0 +0 +0 +8.643659e-13
34 +0 +0 +0 +1.182842e-12
35 +0 +0 +0 +9.199621e-13
36 +0 +0 +0 +8.151612e-13
37 +0 +0 +0 +3.605296e-13
38 +0 +0 +0 +3.775973e-13
39 +0 +0 +0 +1.446764e-13
40 +0 +0 +0 +8.477913e-14
41 +0 +0 +0 +7.312223e-14
42 +0 +0 +0 +5.552209e-14
43 +0 +0 +0 +2.812780e-14
44 +0 +0 +0 -9.117295e-14
45 +0 +0 +0 +8.488677e-15
46 +0 +0 +0 -3.567609e-15
47 +0 +0 +0 -1.455566e-13
48 +0 +0 +0 +1.645079e-14
49 +0 +0 +0 +3.543703e-14
50 +0 +0 +0 +2.571219e-15
51 +0 +0 +0 +2.254097e-14
52 +0 +0 +0 +7.002252e-14
53 +0 +0 +0 +9.411538e-14
54 +0 +0 +0 +1.437955e-13
55 +0 +0 +0 +2.104237e-13
56 +0 +0 +0 +1.644773e-13
57 +0 +0 +0 +7.951310e-14
58 +0 +0 +0 +2.004194e-14
59 +0 +0 +0 -1.150805e-13
60 +0 +0 +0 -5.475970e-14
61 +0 +0 +0 -1.036907e-13
62 +0 +0 +0 -7.341941e-14
63 +0 +0 +0 -1.181498e-13
