0 +0 +0 +0 +1.339641e-08
1 +0 +0 +0 +2.438776e-08
2 +0 +0 +0 +1.355751e-08
3 +0 +0 +0 +7.805008e-09
4 +0 +0 +0 +4.905241e-09
5 +0 +0 +0 +3.165712e-09
6 +0 +0 +0 +2.032006e-09
7 +0 +0 +0 +1.354502e-09
8 +0 +0 +0 +8.916762e-10
9 +0 +0 +0 +5.866508e-10
10 +0 +0 +0 +3.962120e-10
11 +0 +0 +0 +2.743607e-10
12 +0 +0 +0 +1.801472e-10
13 +0 +0 +0 +1.162962e-10
14 +0 +0 +0 +7.798852e-11
15 +0 +0 +0 +5.392355e-11
16 +0 +0 +0 +3.894995e-11
17 +0 +0 +0 +3.012777e-11
18 +0 +0 +0 +2.142573e-11
19 +0 +0 +0 +1.230629e-11
20 +0 +0 +0 +9.226314e-12
21 +0 +0 +0 +6.003941e-12
22 +0 +0 +0 +4.102483e-12
23 +0 +0 +0 +2.529038e-12
24 +0 +0 +0 +1.184518e-12
25 +0 +0 +0 +1.424640e-12
26 +0 +0 +0 +9.269090e-13
27 +0 +0 +0 +1.235948e-12
28 +0 +0 +0 +5.040974e-13
29 +0 +0 +0 +3.283604e-13
30 +0 +0 +0 +4.898448e-13
31 +0 +0 +0 +1.202637e-13
32 +0 +0 +0 +2.727425e-13
33 +0 +0 +0 +2.476671e-13
34 +0 +0 +0 +1.479641e-13
35 +0 +0 +0 -2.979556e-13
36 +0 +0 +0 -2.161178e-13
37 +0 +0 +0 +7.697533e-16
38 +0 +0 +0 -1.550712e-13
39 +0 +0 +0 -5.224882e-13
40 +0 +0 +0 -3.876817e-13
41 +0 +0 +0 -3.334443e-13
42 +0 +0 +0 -1.996813e-13
43 +0 +0 +0 +1.824080e-13
44 +0 +0 +0 +1.255353e-13
45 +0 +0 +0 -3.816715e-14
46 +0 +0 +0 -5.900016e-14
47 +0 +0 +0 -2.526926e-14
48 +0 +0 +0 -1.318901e-13
49 +0 +0 +0 -1.054157e-13
50 +0 +0 +0 -7.655364e-14
51 +0 +0 +0 +1.603160e-13
52 +0 +0 +0 +1.566369e-13
53 +0 +0 +0 +9.867885e-14
54 +0 +0 +0 +6.486560e-14
55 +0 +0 +0 +3.540564e-14
56 +0 +0 +0 -1.173519e-13
57 +0 +0 +0 -1.307252e-13
58 +0 +0 +0 -7.079733e-14
59 +0 +0 +0 -1.304120e-13
60 +0 +0 +0 -9.839357e-14
61 +0 +0 +0 -1.611350e-13
62 +0 +0 +0 -1.458008e-13
63 +0 +0 +0 -8.412014e-14
