0 +0 +0 +0 +1.279383e-08
1 +0 +0 +0 +2.392590e-08
2 +0 +0 +0 +1.327810e-08
3 +0 +0 +0 +7.770535e-09
4 +0 +0 +0 +4.710282e-09
5 +0 +0 +0 +3.010046e-09
6 +0 +0 +0 +1.967162e-09
7 +0 +0 +0 +1.265788e-09
8 +0 +0 +0 +8.296856e-10
9 +0 +0 +0 +5.460364e-10
10 +0 +0 +0 +3.481872e-10
11 +0 +0 +0 +2.319192e-10
12 +0 +0 +0 +1.579431e-10
13 +0 +0 +0 +1.140524e-10
14 +0 +0 +0 +7.876056e-11
15 +0 +0 +0 +5.560498e-11
16 +0 +0 +0 +3.935195e-11
17 +0 +0 +0 +2.847042e-11
18 +0 +0 +0 +1.904238e-11
19 +0 +0 +0 +1.401160e-11
20 +0 +0 +0 +8.511448e-12
21 +0 +0 +0 +6.418355e-12
22 +0 +0 +0 +4.057774e-12
23 +0 +0 +0 +2.180416e-12
24 +0 +0 +0 +2.617917e-12
25 +0 +0 +0 +1.615954e-12
26 +0 +0 +0 +1.227375e-12
27 +0 +0 +0 +6.493658e-13
28 +0 +0 +0 +4.532236e-13
29 +0 +0 +0 +2.497907e-14
30 +0 +0 +0 -3.340597e-13
31 +0 +0 +0 -9.422927e-13
32 +0 +0 +0 -1.283134e-12
33 +0 +0 +0 -8.948295e-13
34 +0 +0 +0 -9.551313e-13
35 +0 +0 +0 -8.464142e-13
36 +0 +0 +0 -6.552853e-13
37 +0 +0 +0 -3.455893e-13
38 +0 +0 +0 -3.219042e-13
39 +0 +0 +0 -9.238770e-14
40 +0 +0 +0 +2.511514e-13
41 +0 +0 +0 +4.632307e-13
42 +0 +0 +0 +5.479450e-13
43 +0 +0 +0 +1.466244e-13
44 +0 +0 +0 -7.848735e-14
45 +0 +0 +0 +2.235375e-14
46 +0 +0 +0 +1.770878e-13
47 +0 +0 +0 +1.357457e-13
48 +0 +0 +0 +2.885883e-13
49 +0 +0 +0 +2.391090e-13
50 +0 +0 +0 +9.829151e-14
51 +0 +0 +0 +1.916254e-13
52 +0 +0 +0 +2.221136e-14
53 +0 +0 +0 +1.540032e-13
54 +0 +0 +0 +6.083416e-14
55 +0 +0 +0 +1.021008e-13
56 +0 +0 +0 +6.834938e-14
57 +0 +0 +0 -1.183588e-14
58 +0 +0 +0 -2.829085e-14
59 +0 +0 +0 -6.267297e-14
60 +0 +0 +0 -1.000165e-13
61 +0 +0 +0 -8.008940e-14
62 +0 +0 +0 -6.413929e-14
63 +0 +0 +0 -1.978105e-13
