0 +0 +0 +0 +1.266749e-08
1 +0 +0 +0 +2.429926e-08
2 +0 +0 +0 +1.382336e-08
3 +0 +0 +0 +8.159800e-09
4 +0 +0 +0 +4.948319e-09
5 +0 +0 +0 +3.226579e-09
6 +0 +0 +0 +2.097038e-09
7 +0 +0 +0 +1.370860e-09
8 +0 +0 +0 +9.084607e-10
9 +0 +0 +0 +6.194088e-10
10 +0 +0 +0 +4.147703e-10
11 +0 +0 +0 +2.815811e-10
12 +0 +0 +0 +1.866385e-10
13 +0 +0 +0 +1.296612e-10
14 +0 +0 +0 +8.851518e-11
15 +0 +0 +0 +5.940594e-11
16 +0 +0 +0 +4.105784e-11
17 +0 +0 +0 +2.618095e-11
18 +0 +0 +0 +1.723250e-11
19 +0 +0 +0 +1.317185e-11
20 +0 +0 +0 +7.473321e-12
21 +0 +0 +0 +4.888258e-12
22 +0 +0 +0 +2.018027e-12
23 +0 +0 +0 +1.364386e-12
24 +0 +0 +0 +8.587891e-13
25 +0 +0 +0 -3.286980e-13
26 +0 +0 +0 -1.055915e-12
27 +0 +0 +0 -1.203834e-12
28 +0 +0 +0 -9.170883e-13
29 +0 +0 +0 +2.118320e-13
30 +0 +0 +0 +1.458243e-13
31 +0 +0 +0 +1.907549e-13
32 +0 +0 +0 +1.433246e-13
33 +0 +0 +0 +4.223765e-13
34 +0 +0 +0 +5.284506e-13
35 +0 +0 +0 +1.234477e-13
36 +0 +0 +0 -4.094401e-13
37 +0 +0 +0 +3.163951e-13
38 +0 +0 +0 +6.152714e-13
39 +0 +0 +0 +4.476205e-13
40 +0 +0 +0 +4.317406e-13
41 +0 +0 +0 +2.873979e-13
42 +0 +0 +0 +1.643076e-13
43 +0 +0 +0 +2.486528e-13
44 +0 +0 +0 +9.957226e-14
45 +0 +0 +0 +2.162558e-13
46 +0 +0 +0 +5.112038e-13
47 +0 +0 +0 +4.112579e-13
48 +0 +0 +0 +2.471642e-13
49 +0 +0 +0 +3.263414e-13
50 +0 +0 +0 +2.432529e-13
51 +0 +0 +0 +2.249136e-13
52 +0 +0 +0 +2.384630e-13
53 +0 +0 +0 +1.902697e-13
54 +0 +0 +0 +2.940803e-13
55 +0 +0 +0 +3.160281e-13
56 +0 +0 +0 +1.605355e-13
57 +0 +0 +0 +1.348218e-13
58 +0 +0 +0 +2.096313e-13
59 +0 +0 +0 +1.269449e-13
60 +0 +0 +0 +3.779405e-14
61 +0 +0 +0 +3.801005e-14
62 +0 +0 +0 +1.513506e-14
63 +0 +0 +0 +5.178077e-14
