0 +0 +0 +0 +1.329143e-08
1 +0 +0 +0 +2.458570e-08
2 +0 +0 +0 +1.373867e-08
3 +0 +0 +0 +8.151129e-09
4 +0 +0 +0 +5.060661e-09
5 +0 +0 +0 +3.248438e-09
6 +0 +0 +0 +2.031635e-09
7 +0 +0 +0 +1.306951e-09
8 +0 +0 +0 +8.746613e-10
9 +0 +0 +0 +5.824429e-10
10 +0 +0 +0 +3.877832e-10
11 +0 +0 +0 +2.647624e-10
12 +0 +0 +0 +1.788854e-10
13 +0 +0 +0 +1.187973e-10
14 +0 +0 +0 +7.826381e-11
15 +0 +0 +0 +5.590509e-11
16 +0 +0 +0 +3.542843e-11
17 +0 +0 +0 +2.000320e-11
18 +0 +0 +0 +1.485046e-11
19 +0 +0 +0 +1.065108e-11
20 +0 +0 +0 +1.064915e-11
21 +0 +0 +0 +8.054461e-12
22 +0 +0 +0 +5.772398e-12
23 +0 +0 +0 +4.633786e-12
24 +0 +0 +0 +2.590218e-12
25 +0 +0 +0 +1.996073e-12
26 +0 +0 +0 +1.776132e-12
27 +0 +0 +0 +7.915335e-13
28 +0 +0 +0 +9.365651e-13
29 +0 +0 +0 +1.030541e-12
30 +0 +0 +0 +1.853944e-12
31 +0 +0 +0 +7.818506e-13
32 +0 +0 +0 +6.412101e-13
33 +0 +0 +0 -1.582109e-13
34 +0 +0 +0 -1.052067e-13
35 +0 +0 +0 -2.635131e-13
36 +0 +0 +0 -7.160645e-13
37 +0 +0 +0 -3.439607e-13
38 +0 +0 +0 -2.139526e-13
39 +0 +0 +0 -2.962290e-13
40 +0 +0 +0 -4.375128e-13
41 +0 +0 +0 +2.000363e-13
42 +0 +0 +0 -2.565453e-13
43 +0 +0 +0 +1.656167e-13
44 +0 +0 +0 -1.258635e-14
45 +0 +0 +0 -2.234508e-13
46 +0 +0 +0 -1.589556e-13
47 +0 +0 +0 -1.008868e-13
48 +0 +0 +0 -7.501121e-14
49 +0 +0 +0 +1.871841e-14
50 +0 +0 +0 +8.635158e-14
51 +0 +0 +0 +4.231974e-13
52 +0 +0 +0 +3.496987e-13
53 +0 +0 +0 +3.043049e-13
54 +0 +0 +0 +3.491807e-13
55 +0 +0 +0 +3.884097e-13
56 +0 +0 +0 +2.917663e-13
57 +0 +0 +0 +2.080312e-13
58 +0 +0 +0 +1.423226e-13
59 +0 +0 +0 +9.434281e-14
60 +0 +0 +0 +2.338969e-13
61 +0 +0 +0 +1.755513e-13
62 +0 +0 +0 +1.182745e-13
63 +0 +0 +0 +6.934603e-14
