0 +0 +0 +0 +1.366067e-08
1 +0 +0 +0 +2.464040e-08
2 +0 +0 +0 +1.353499e-08
3 +0 +0 +0 +8.094337e-09
4 +0 +0 +0 +4.985435e-09
5 +0 +0 +0 +3.106591e-09
6 +0 +0 +0 +2.090876e-09
7 +0 +0 +0 +1.354328e-09
8 +0 +0 +0 +8.903438e-10
9 +0 +0 +0 +6.076417e-10
10 +0 +0 +0 +4.048653e-10
11 +0 +0 +0 +2.730633e-10
12 +0 +0 +0 +1.880926e-10
13 +0 +0 +0 +1.351336e-10
14 +0 +0 +0 +8.783927e-11
15 +0 +0 +0 +6.172667e-11
16 +0 +0 +0 +4.573437e-11
17 +0 +0 +0 +2.908709e-11
18 +0 +0 +0 +1.897260e-11
19 +0 +0 +0 +1.247067e-11
20 +0 +0 +0 +7.268156e-12
21 +0 +0 +0 +6.810123e-12
22 +0 +0 +0 +3.730064e-12
23 +0 +0 +0 +3.907220e-12
24 +0 +0 +0 +3.370565e-12
25 +0 +0 +0 +1.953591e-12
26 +0 +0 +0 +1.388219e-12
27 +0 +0 +0 +1.211293e-12
28 +0 +0 +0 +1.296987e-12
29 +0 +0 +0 +1.750053e-14
30 +0 +0 +0 -3.280038e-13
31 +0 +0 +0 +3.123971e-16
32 +0 +0 +0 +5.162302e-13
33 +0 +0 +0 +2.608446e-13
34 +0 +0 +0 -5.136801e-14
35 +0 +0 +0 -1.891791e-13
36 +0 +0 +0 -4.247398e-13
37 +0 +0 +0 -7.647727e-13
38 +0 +0 +0 -7.176226e-13
39 +0 +0 +0 -6.529215e-13
40 +0 +0 +0 -3.678770e-13
41 +0 +0 +0 -4.511932e-13
42 +0 +0 +0 -2.313496e-14
43 +0 +0 +0 -9.592743e-14
44 +0 +0 +0 -9.151477e-14
45 +0 +0 +0 -8.143753e-14
46 +0 +0 +0 +9.411772e-14
47 +0 +0 +0 +1.302591e-13
48 +0 +0 +0 +1.130323e-13
49 +0 +0 +0 +1.858053e-14
50 +0 +0 +0 -3.331059e-14
51 +0 +0 +0 +4.807968e-14
52 +0 +0 +0 -5.570238e-14
53 +0 +0 +0 -9.427173e-14
54 +0 +0 +0 -1.306726e-13
55 +0 +0 +0 -1.433073e-13
56 +0 +0 +0 -2.597911e-13
57 +0 +0 +0 -2.010241e-13
58 +0 +0 +0 -1.309085e-13
59 +0 +0 +0 -1.947435e-13
60 +0 +0 +0 -6.059316e-14
61 +0 +0 +0 -1.292773e-14
62 +0 +0 +0 -1.508418e-14
63 +0 +0 +0 -1.522452e-13
