0 +0 +0 +0 +1.261471e-08
1 +0 +0 +0 +2.373589e-08
2 +0 +0 +0 +1.315406e-08
3 +0 +0 +0 +7.706052e-09
4 +0 +0 +0 +4.746425e-09
5 +0 +0 +0 +2.955616e-09
6 +0 +0 +0 +1.956274e-09
7 +0 +0 +0 +1.262686e-09
8 +0 +0 +0 +8.445731e-10
9 +0 +0 +0 +5.731819e-10
10 +0 +0 +0 +3.864151e-10
11 +0 +0 +0 +2.671601e-10
12 +0 +0 +0 +1.807898e-10
13 +0 +0 +0 +1.231226e-10
14 +0 +0 +0 +8.259653e-11
15 +0 +0 +0 +5.384651e-11
16 +0 +0 +0 +3.768955e-11
17 +0 +0 +0 +2.380721e-11
18 +0 +0 +0 +1.262519e-11
19 +0 +0 +0 +9.598014e-12
20 +0 +0 +0 +5.889614e-12
21 +0 +0 +0 +4.041203e-12
22 +0 +0 +0 +3.204391e-12
23 +0 +0 +0 +3.611777e-12
24 +0 +0 +0 +1.840996e-12
25 +0 +0 +0 +2.372458e-12
26 +0 +0 +0 +1.316321e-12
27 +0 +0 +0 +1.572425e-12
28 +0 +0 +0 +9.176025e-13
29 +0 +0 +0 +4.841538e-13
30 +0 +0 +0 +2.713320e-14
31 +0 +0 +0 -9.943708e-14
32 +0 +0 +0 -1.006883e-13
33 +0 +0 +0 -1.273815e-13
34 +0 +0 +0 -6.913137e-13
35 +0 +0 +0 -2.768591e-13
36 +0 +0 +0 +7.451190e-14
37 +0 +0 +0 -1.814111e-14
38 +0 +0 +0 +2.210143e-13
39 +0 +0 +0 +1.683453e-13
40 +0 +0 +0 +1.069541e-14
41 +0 +0 +0 +2.623713e-14
42 +0 +0 +0 +7.307225e-14
43 +0 +0 +0 -1.443296e-13
44 +0 +0 +0 -2.729676e-13
45 +0 +0 +0 -7.241357e-14
46 +0 +0 +0 +4.663324e-15
47 +0 +0 +0 -2.422554e-14
48 +0 +0 +0 +7.722791e-14
49 +0 +0 +0 +6.577120e-14
50 +0 +0 +0 +9.178199e-14
51 +0 +0 +0 +1.552051e-13
52 +0 +0 +0 +1.417992e-13
53 +0 +0 +0 +5.965778e-14
54 +0 +0 +0 +7.499057e-14
55 +0 +0 +0 -1.011384e-14
56 +0 +0 +0 +2.105552e-14
57 +0 +0 +0 -1.354891e-13
58 +0 +0 +0 -2.073019e-13
59 +0 +0 +0 -1.922029e-13
60 +0 +0 +0 -1.961439e-13
61 +0 +0 +0 -1.577380e-13
62 +0 +0 +0 -1.255626e-13
63 +0 +0 +0 -1.164560e-13
