0 +0 +0 +0 +1.360856e-08
1 +0 +0 +0 +2.425575e-08
2 +0 +0 +0 +1.359976e-08
3 +0 +0 +0 +8.132736e-09
4 +0 +0 +0 +5.066805e-09
5 +0 +0 +0 +3.181036e-09
6 +0 +0 +0 +2.059078e-09
7 +0 +0 +0 +1.371135e-09
8 +0 +0 +0 +8.837076e-10
9 +0 +0 +0 +5.837344e-10
10 +0 +0 +0 +3.862436e-10
11 +0 +0 +0 +2.659208e-10
12 +0 +0 +0 +1.725727e-10
13 +0 +0 +0 +1.241694e-10
14 +0 +0 +0 +8.223631e-11
15 +0 +0 +0 +6.269611e-11
16 +0 +0 +0 +3.987195e-11
17 +0 +0 +0 +2.950182e-11
18 +0 +0 +0 +2.069455e-11
19 +0 +0 +0 +1.688751e-11
20 +0 +0 +0 +1.391437e-11
21 +0 +0 +0 +1.080593e-11
22 +0 +0 +0 +9.486608e-12
23 +0 +0 +0 +8.039223e-12
24 +0 +0 +0 +7.254894e-12
25 +0 +0 +0 +6.758390e-12
26 +0 +0 +0 +4.507139e-12
27 +0 +0 +0 +3.409938e-12
28 +0 +0 +0 +2.494269e-12
29 +0 +0 +0 +1.587977e-12
30 +0 +0 +0 +1.987631e-12
31 +0 +0 +0 +1.482664e-12
32 +0 +0 +0 +1.656681e-12
33 +0 +0 +0 +7.893062e-13
34 +0 +0 +0 +1.740259e-13
35 +0 +0 +0 +3.410730e-13
36 +0 +0 +0 +1.053897e-13
37 +0 +0 +0 -6.974501e-14
38 +0 +0 +0 +7.288652e-14
39 +0 +0 +0 +6.800486e-15
40 +0 +0 +0 +2.686565e-13
41 +0 +0 +0 +2.832787e-13
42 +0 +0 +0 +4.477086e-13
43 +0 +0 +0 +5.339418e-13
44 +0 +0 +0 +5.885156e-13
45 +0 +0 +0 +5.746966e-13
46 +0 +0 +0 +4.587414e-13
47 +0 +0 +0 +5.032626e-13
48 +0 +0 +0 +4.058073e-13
49 +0 +0 +0 +3.182786e-13
50 +0 +0 +0 +1.885380e-13
51 +0 +0 +0 +2.453009e-13
52 +0 +0 +0 +2.500801e-13
53 +0 +0 +0 +1.774262e-13
54 +0 +0 +0 +9.361116e-14
55 +0 +0 +0 +3.464553e-14
56 +0 +0 +0 -5.080127e-14
57 +0 +0 +0 -1.184659e-13
58 +0 +0 +0 -1.246555e-13
59 +0 +0 +0 -1.408025e-13
60 +0 +0 +0 -2.502985e-13
61 +0 +0 +0 -1.394537e-13
62 +0 +0 +0 +1.814438e-16
63 +0 +0 +0 +4.491494e-14
