0 +0 +0 +0 +1.352993e-08
1 +0 +0 +0 +2.520012e-08
2 +0 +0 +0 +1.383507e-08
3 +0 +0 +0 +8.249235e-09
4 +0 +0 +0 +4.951258e-09
5 +0 +0 +0 +3.221454e-09
6 +0 +0 +0 +2.077491e-09
7 +0 +0 +0 +1.364024e-09
8 +0 +0 +0 +8.962380e-10
9 +0 +0 +0 +6.081759e-10
10 +0 +0 +0 +4.160889e-10
11 +0 +0 +0 +2.718166e-10
12 +0 +0 +0 +1.831182e-10
13 +0 +0 +0 +1.239739e-10
14 +0 +0 +0 +8.029209e-11
15 +0 +0 +0 +5.268674e-11
16 +0 +0 +0 +3.775420e-11
17 +0 +0 +0 +2.582316e-11
18 +0 +0 +0 +1.788065e-11
19 +0 +0 +0 +1.388765e-11
20 +0 +0 +0 +9.075138e-12
21 +0 +0 +0 +6.966007e-12
22 +0 +0 +0 +6.474108e-12
23 +0 +0 +0 +4.888939e-12
24 +0 +0 +0 +2.683275e-12
25 +0 +0 +0 +1.590115e-12
26 +0 +0 +0 +1.128738e-12
27 +0 +0 +0 +4.653706e-13
28 +0 +0 +0 +5.644482e-13
29 +0 +0 +0 +2.824511e-13
30 +0 +0 +0 +5.303757e-13
31 +0 +0 +0 -2.990498e-13
32 +0 +0 +0 -6.615158e-13
33 +0 +0 +0 -9.835764e-13
34 +0 +0 +0 +3.539745e-15
35 +0 +0 +0 -4.699797e-13
36 +0 +0 +0 -4.589144e-13
37 +0 +0 +0 -4.780907e-13
38 +0 +0 +0 -6.535461e-13
39 +0 +0 +0 -2.957567e-13
40 +0 +0 +0 -4.495886e-13
41 +0 +0 +0 -2.568953e-13
42 +0 +0 +0 -2.738921e-13
43 +0 +0 +0 -5.479258e-13
44 +0 +0 +0 -2.838142e-13
45 +0 +0 +0 -1.747945e-13
46 +0 +0 +0 -3.999509e-14
47 +0 +0 +0 -2.654564e-13
48 +0 +0 +0 -3.365464e-14
49 +0 +0 +0 -2.108659e-13
50 +0 +0 +0 -2.145565e-13
51 +0 +0 +0 -2.359606e-13
52 +0 +0 +0 -1.356798e-13
53 +0 +0 +0 -2.212793e-13
54 +0 +0 +0 -2.279643e-13
55 +0 +0 +0 -2.270358e-13
56 +0 +0 +0 -1.809033e-13
57 +0 +0 +0 -1.082500e-13
58 +0 +0 +0 -6.994014e-14
59 +0 +0 +0 +3.131589e-15
60 +0 +0 +0 +9.093373e-14
61 +0 +0 +0 +1.951157e-13
62 +0 +0 +0 +1.037066e-13
63 +0 +0 +0 +6.732156e-14
