0 +0 +0 +0 +1.192792e-08
1 +0 +0 +0 +2.324674e-08
2 +0 +0 +0 +1.307502e-08
3 +0 +0 +0 +7.712665e-09
4 +0 +0 +0 +4.793649e-09
5 +0 +0 +0 +3.050327e-09
6 +0 +0 +0 +1.989682e-09
7 +0 +0 +0 +1.322865e-09
8 +0 +0 +0 +9.108179e-10
9 +0 +0 +0 +5.984793e-10
10 +0 +0 +0 +4.015258e-10
11 +0 +0 +0 +2.541180e-10
12 +0 +0 +0 +1.719603e-10
13 +0 +0 +0 +1.139519e-10
14 +0 +0 +0 +8.490387e-11
15 +0 +0 +0 +5.806492e-11
16 +0 +0 +0 +3.929458e-11
17 +0 +0 +0 +2.815210e-11
18 +0 +0 +0 +1.889535e-11
19 +0 +0 +0 +1.317288e-11
20 +0 +0 +0 +9.016973e-12
21 +0 +0 +0 +8.552939e-12
22 +0 +0 +0 +6.306215e-12
23 +0 +0 +0 +5.010068e-12
24 +0 +0 +0 +3.783146e-12
25 +0 +0 +0 +3.545490e-12
26 +0 +0 +0 +1.271569e-12
27 +0 +0 +0 +1.278587e-12
28 +0 +0 +0 +1.603272e-12
29 +0 +0 +0 +1.500294e-12
30 +0 +0 +0 +1.113643e-12
31 +0 +0 +0 +1.414728e-12
32 +0 +0 +0 +1.275369e-12
33 +0 +0 +0 +4.243348e-13
34 +0 +0 +0 +4.633919e-13
35 +0 +0 +0 +1.965060e-13
36 +0 +0 +0 -1.934076e-13
37 +0 +0 +0 -1.453534e-13
38 +0 +0 +0 -1.664808e-13
39 +0 +0 +0 -2.777903e-13
40 +0 +0 +0 -2.989168e-13
41 +0 +0 +0 -2.522478e-13
42 +0 +0 +0 -3.701960e-13
43 +0 +0 +0 -2.925192e-13
44 +0 +0 +0 -2.896511e-13
45 +0 +0 +0 -4.672891e-13
46 +0 +0 +0 -5.549399e-13
47 +0 +0 +0 -4.875784e-13
48 +0 +0 +0 -5.157597e-13
49 +0 +0 +0 -3.860596e-13
50 +0 +0 +0 -3.249640e-13
51 +0 +0 +0 -4.966624e-14
52 +0 +0 +0 +4.428007e-15
53 +0 +0 +0 +4.063603e-14
54 +0 +0 +0 +4.462706e-14
55 +0 +0 +0 -4.315684e-14
56 +0 +0 +0 -1.646713e-14
57 +0 +0 +0 -6.593865e-14
58 +0 +0 +0 +1.465872e-14
59 +0 +0 +0 -4.764036e-14
60 +0 +0 +0 +4.375815e-15
61 +0 +0 +0 +6.606622e-15
62 +0 +0 +0 -1.970052e-14
63 +0 +0 +0 +1.461326e-14
