0 +0 +0 +0 +1.455810e-08
1 +0 +0 +0 +2.508706e-08
2 +0 +0 +0 +1.392586e-08
3 +0 +0 +0 +8.108380e-09
4 +0 +0 +0 +5.073316e-09
5 +0 +0 +0 +3.226791e-09
6 +0 +0 +0 +2.137052e-09
7 +0 +0 +0 +1.386855e-09
8 +0 +0 +0 +9.269719e-10
9 +0 +0 +0 +6.253895e-10
10 +0 +0 +0 +4.247732e-10
11 +0 +0 +0 +2.888585e-10
12 +0 +0 +0 +1.950612e-10
13 +0 +0 +0 +1.308794e-10
14 +0 +0 +0 +9.181511e-11
15 +0 +0 +0 +5.824707e-11
16 +0 +0 +0 +4.269166e-11
17 +0 +0 +0 +2.722857e-11
18 +0 +0 +0 +2.056418e-11
19 +0 +0 +0 +1.680266e-11
20 +0 +0 +0 +1.113289e-11
21 +0 +0 +0 +9.098384e-12
22 +0 +0 +0 +4.899885e-12
23 +0 +0 +0 +1.430656e-12
24 +0 +0 +0 +1.190053e-12
25 +0 +0 +0 -1.146749e-13
26 +0 +0 +0 -3.395458e-13
27 +0 +0 +0 -4.440510e-13
28 +0 +0 +0 -7.928336e-13
29 +0 +0 +0 -1.491710e-12
30 +0 +0 +0 -1.244178e-13
31 +0 +0 +0 -2.463382e-13
32 +0 +0 +0 +1.959039e-13
33 +0 +0 +0 +2.659527e-13
34 +0 +0 +0 +4.936476e-13
35 +0 +0 +0 +7.116804e-13
36 +0 +0 +0 +3.926288e-13
37 +0 +0 +0 +8.200157e-13
38 +0 +0 +0 +4.001287e-13
39 +0 +0 +0 +3.119946e-13
40 +0 +0 +0 +4.332592e-13
41 +0 +0 +0 +2.134482e-13
42 +0 +0 +0 +3.384157e-13
43 +0 +0 +0 +2.897835e-13
44 +0 +0 +0 +2.142069e-13
45 +0 +0 +0 +6.811055e-14
46 +0 +0 +0 +6.386749e-14
47 +0 +0 +0 -1.547072e-14
48 +0 +0 +0 -1.149337e-13
49 +0 +0 +0 +8.804389e-14
50 +0 +0 +0 +1.575863e-13
51 +0 +0 +0 +1.973720e-13
52 +0 +0 +0 +1.389753e-13
53 +0 +0 +0 -7.490132e-14
54 +0 +0 +0 +2.720790e-15
55 +0 +0 +0 -1.774701e-14
56 +0 +0 +0 -1.339328e-13
57 +0 +0 +0 -4.958134e-14
58 +0 +0 +0 -4.023639e-14
59 +0 +0 +0 -4.084671e-14
60 +0 +0 +0 -3.553081e-14
61 +0 +0 +0 -1.141061e-13
62 +0 +0 +0 -1.390181e-14
63 +0 +0 +0 -2.391792e-14
