0 +0 +0 +0 +1.299021e-08
1 +0 +0 +0 +2.378375e-08
2 +0 +0 +0 +1.329662e-08
3 +0 +0 +0 +8.084485e-09
4 +0 +0 +0 +4.976574e-09
5 +0 +0 +0 +3.119182e-09
6 +0 +0 +0 +1.964520e-09
7 +0 +0 +0 +1.261644e-09
8 +0 +0 +0 +8.444709e-10
9 +0 +0 +0 +5.742439e-10
10 +0 +0 +0 +3.707899e-10
11 +0 +0 +0 +2.513611e-10
12 +0 +0 +0 +1.656161e-10
13 +0 +0 +0 +1.095272e-10
14 +0 +0 +0 +6.943783e-11
15 +0 +0 +0 +4.472717e-11
16 +0 +0 +0 +2.510999e-11
17 +0 +0 +0 +1.540520e-11
18 +0 +0 +0 +1.074967e-11
19 +0 +0 +0 +7.596230e-12
20 +0 +0 +0 +5.040025e-12
21 +0 +0 +0 +4.626616e-12
22 +0 +0 +0 +4.228667e-12
23 +0 +0 +0 +3.771741e-12
24 +0 +0 +0 +3.149845e-12
25 +0 +0 +0 +2.001636e-12
26 +0 +0 +0 +1.928324e-13
27 +0 +0 +0 -1.695568e-14
28 +0 +0 +0 -6.558970e-13
29 +0 +0 +0 +1.659729e-13
30 +0 +0 +0 -3.433823e-13
31 +0 +0 +0 -5.000317e-13
32 +0 +0 +0 +2.832362e-13
33 +0 +0 +0 +1.121828e-14
34 +0 +0 +0 +1.957908e-14
35 +0 +0 +0 -1.118833e-14
36 +0 +0 +0 +1.622526e-13
37 +0 +0 +0 +4.151774e-13
38 +0 +0 +0 +8.046176e-13
39 +0 +0 +0 +4.046702e-13
40 +0 +0 +0 +5.880674e-13
41 +0 +0 +0 +2.902516e-13
42 +0 +0 +0 +1.908975e-13
43 +0 +0 +0 +2.282168e-13
44 +0 +0 +0 +2.071281e-13
45 +0 +0 +0 +2.205525e-13
46 +0 +0 +0 +7.837453e-14
47 +0 +0 +0 -1.833938e-13
48 +0 +0 +0 -1.079044e-13
49 +0 +0 +0 +3.975533e-14
50 +0 +0 +0 -5.812528e-14
51 +0 +0 +0 -1.027710e-13
52 +0 +0 +0 -1.475291e-13
53 +0 +0 +0 -1.377237e-13
54 +0 +0 +0 -2.019687e-13
55 +0 +0 +0 -1.166832e-13
56 +0 +0 +0 -2.486530e-14
57 +0 +0 +0 -3.162897e-14
58 +0 +0 +0 -5.074888e-14
59 +0 +0 +0 -3.755579e-14
60 +0 +0 +0 -1.011245e-13
61 +0 +0 +0 -4.472715e-14
62 +0 +0 +0 -2.681343e-14
63 +0 +0 +0 -4.127153e-14
