0 +0 +0 +0 +1.274518e-08
1 +0 +0 +0 +2.348830e-08
2 +0 +0 +0 +1.318849e-08
3 +0 +0 +0 +7.846488e-09
4 +0 +0 +0 +4.810971e-09
5 +0 +0 +0 +3.112908e-09
6 +0 +0 +0 +2.046887e-09
7 +0 +0 +0 +1.336129e-09
8 +0 +0 +0 +8.979768e-10
9 +0 +0 +0 +6.007760e-10
10 +0 +0 +0 +4.107207e-10
11 +0 +0 +0 +2.676215e-10
12 +0 +0 +0 +1.795013e-10
13 +0 +0 +0 +1.291859e-10
14 +0 +0 +0 +8.748983e-11
15 +0 +0 +0 +6.203320e-11
16 +0 +0 +0 +3.989990e-11
17 +0 +0 +0 +2.566446e-11
18 +0 +0 +0 +1.749019e-11
19 +0 +0 +0 +1.145955e-11
20 +0 +0 +0 +7.110410e-12
21 +0 +0 +0 +4.706170e-12
22 +0 +0 +0 +2.844298e-12
23 +0 +0 +0 +1.215503e-12
24 +0 +0 +0 -7.034988e-15
25 +0 +0 +0 +1.131817e-12
26 +0 +0 +0 +7.643456e-14
27 +0 +0 +0 -3.955302e-13
28 +0 +0 +0 -1.305288e-12
29 +0 +0 +0 -1.101194e-12
30 +0 +0 +0 +4.325842e-14
31 +0 +0 +0 -4.059802e-13
32 +0 +0 +0 -1.169550e-13
33 +0 +0 +0 +9.424091e-14
34 +0 +0 +0 -7.985293e-14
35 +0 +0 +0 +8.135519e-14
36 +0 +0 +0 -1.666285e-13
37 +0 +0 +0 +1.267733e-13
38 +0 +0 +0 +3.949399e-13
39 +0 +0 +0 +1.836601e-13
40 +0 +0 +0 +4.611296e-13
41 +0 +0 +0 +3.213072e-13
42 +0 +0 +0 +1.699643e-13
43 +0 +0 +0 -5.271952e-14
44 +0 +0 +0 -3.835245e-14
45 +0 +0 +0 -8.906115e-14
46 +0 +0 +0 -6.599611e-14
47 +0 +0 +0 +3.877608e-14
48 +0 +0 +0 +6.731100e-14
49 +0 +0 +0 +1.011321e-13
50 +0 +0 +0 +4.703494e-14
51 +0 +0 +0 +1.372995e-14
52 +0 +0 +0 -4.765686e-14
53 +0 +0 +0 +1.644875e-15
54 +0 +0 +0 +4.500578e-14
55 +0 +0 +0 -9.446805e-14
56 +0 +0 +0 -1.911239e-13
57 +0 +0 +0 -1.811997e-13
58 +0 +0 +0 -2.383436e-13
59 +0 +0 +0 -1.795085e-13
60 +0 +0 +0 -6.974594e-14
61 +0 +0 +0 -2.005753e-14
62 +0 +0 +0 -5.092007e-14
63 +0 +0 +0 -9.027806e-14
