0 +0 +0 +0 +1.253035e-08
1 +0 +0 +0 +2.431523e-08
2 +0 +0 +0 +1.363768e-08
3 +0 +0 +0 +7.965349e-09
4 +0 +0 +0 +4.771926e-09
5 +0 +0 +0 +3.058279e-09
6 +0 +0 +0 +1.987094e-09
7 +0 +0 +0 +1.300291e-09
8 +0 +0 +0 +8.431118e-10
9 +0 +0 +0 +5.688493e-10
10 +0 +0 +0 +3.682158e-10
11 +0 +0 +0 +2.619618e-10
12 +0 +0 +0 +1.761514e-10
13 +0 +0 +0 +1.257379e-10
14 +0 +0 +0 +8.301875e-11
15 +0 +0 +0 +5.644986e-11
16 +0 +0 +0 +3.965617e-11
17 +0 +0 +0 +2.987792e-11
18 +0 +0 +0 +1.871665e-11
19 +0 +0 +0 +1.106775e-11
20 +0 +0 +0 +9.126023e-12
21 +0 +0 +0 +4.797639e-12
22 +0 +0 +0 +3.181815e-12
23 +0 +0 +0 +2.417162e-12
24 +0 +0 +0 +3.073271e-12
25 +0 +0 +0 +2.625920e-12
26 +0 +0 +0 +2.808156e-12
27 +0 +0 +0 +1.885227e-12
28 +0 +0 +0 +1.956537e-12
29 +0 +0 +0 +1.445978e-12
30 +0 +0 +0 +8.891047e-13
31 +0 +0 +0 +7.882610e-13
32 +0 +0 +0 +1.016856e-12
33 +0 +0 +0 +9.897413e-13
34 +0 +0 +0 +8.620153e-13
35 +0 +0 +0 +6.713203e-13
36 +0 +0 +0 +5.792214e-13
37 +0 +0 +0 +5.245673e-13
38 +0 +0 +0 +3.873632e-13
39 +0 +0 +0 +4.838280e-13
40 +0 +0 +0 +2.033987e-13
41 +0 +0 +0 -7.300744e-14
42 +0 +0 +0 -8.940278e-14
43 +0 +0 +0 -2.342309e-14
44 +0 +0 +0 +9.565644e-14
45 +0 +0 +0 +5.436973e-14
46 +0 +0 +0 +1.673481e-13
47 +0 +0 +0 +7.896699e-14
48 +0 +0 +0 +2.101565e-13
49 +0 +0 +0 +2.361408e-13
50 +0 +0 +0 +7.399669e-14
51 +0 +0 +0 +4.598049e-14
52 +0 +0 +0 +1.508864e-13
53 +0 +0 +0 +2.591781e-14
54 +0 +0 +0 +6.115575e-14
55 +0 +0 +0 -1.478741e-14
56 +0 +0 +0 -5.381327e-14
57 +0 +0 +0 +4.636757e-14
58 +0 +0 +0 -6.483230e-14
59 +0 +0 +0 -1.541855e-14
60 +0 +0 +0 +1.665741e-14
61 +0 +0 +0 +1.057432e-14
62 +0 +0 +0 -4.341819e-14
63 +0 +0 +0 +6.674912e-15
