0 +0 +0 +0 +1.299411e-08
1 +0 +0 +0 +2.425978e-08
2 +0 +0 +0 +1.316191e-08
3 +0 +0 +0 +7.687101e-09
4 +0 +0 +0 +4.798523e-09
5 +0 +0 +0 +3.022188e-09
6 +0 +0 +0 +1.975022e-09
7 +0 +0 +0 +1.272280e-09
8 +0 +0 +0 +8.305524e-10
9 +0 +0 +0 +5.369541e-10
10 +0 +0 +0 +3.529468e-10
11 +0 +0 +0 +2.323040e-10
12 +0 +0 +0 +1.619316e-10
13 +0 +0 +0 +1.026259e-10
14 +0 +0 +0 +7.483205e-11
15 +0 +0 +0 +4.920454e-11
16 +0 +0 +0 +2.912296e-11
17 +0 +0 +0 +1.990839e-11
18 +0 +0 +0 +1.319660e-11
19 +0 +0 +0 +9.906669e-12
20 +0 +0 +0 +8.006318e-12
21 +0 +0 +0 +4.924302e-12
22 +0 +0 +0 +3.315587e-12
23 +0 +0 +0 +1.635873e-12
24 +0 +0 +0 +9.610018e-13
25 +0 +0 +0 +1.244225e-13
26 +0 +0 +0 +9.204606e-14
27 +0 +0 +0 -5.107880e-13
28 +0 +0 +0 -9.092750e-13
29 +0 +0 +0 -9.050420e-13
30 +0 +0 +0 -3.277084e-13
31 +0 +0 +0 -5.655268e-14
32 +0 +0 +0 -2.350100e-13
33 +0 +0 +0 -5.660849e-13
34 +0 +0 +0 -3.982696e-13
35 +0 +0 +0 -5.590152e-13
36 +0 +0 +0 -2.698039e-13
37 +0 +0 +0 +2.131461e-13
38 +0 +0 +0 -1.383979e-13
39 +0 +0 +0 +1.923811e-13
40 +0 +0 +0 +1.612794e-13
41 +0 +0 +0 -4.063667e-13
42 +0 +0 +0 -3.608655e-13
43 +0 +0 +0 -5.837631e-14
44 +0 +0 +0 +3.383435e-14
45 +0 +0 +0 +4.989620e-14
46 +0 +0 +0 +6.991845e-14
47 +0 +0 +0 +4.920439e-14
48 +0 +0 +0 +8.852815e-14
49 +0 +0 +0 +1.289298e-13
50 +0 +0 +0 +3.278975e-14
51 +0 +0 +0 +1.293453e-13
52 +0 +0 +0 +9.641515e-14
53 +0 +0 +0 +5.142581e-14
54 +0 +0 +0 +2.669860e-14
55 +0 +0 +0 -9.394322e-14
56 +0 +0 +0 -3.312223e-13
57 +0 +0 +0 -3.098177e-13
58 +0 +0 +0 -1.599281e-13
59 +0 +0 +0 -1.572050e-13
60 +0 +0 +0 -7.645715e-14
61 +0 +0 +0 -1.673213e-13
62 +0 +0 +0 -3.492625e-14
63 +0 +0 +0 -2.067641e-14
