0 +0 +0 +0 +1.321493e-08
1 +0 +0 +0 +2.478205e-08
2 +0 +0 +0 +1.390998e-08
3 +0 +0 +0 +8.217466e-09
4 +0 +0 +0 +4.969274e-09
5 +0 +0 +0 +3.127108e-09
6 +0 +0 +0 +2.000760e-09
7 +0 +0 +0 +1.302857e-09
8 +0 +0 +0 +8.700960e-10
9 +0 +0 +0 +5.915097e-10
10 +0 +0 +0 +4.049386e-10
11 +0 +0 +0 +2.652765e-10
12 +0 +0 +0 +1.787883e-10
13 +0 +0 +0 +1.159293e-10
14 +0 +0 +0 +8.488585e-11
15 +0 +0 +0 +5.885854e-11
16 +0 +0 +0 +4.230783e-11
17 +0 +0 +0 +2.729329e-11
18 +0 +0 +0 +1.963699e-11
19 +0 +0 +0 +1.298974e-11
20 +0 +0 +0 +8.054717e-12
21 +0 +0 +0 +2.630972e-12
22 +0 +0 +0 +2.059473e-12
23 +0 +0 +0 +2.749890e-12
24 +0 +0 +0 +1.505835e-12
25 +0 +0 +0 +2.834266e-13
26 +0 +0 +0 +2.726427e-13
27 +0 +0 +0 +1.844743e-13
28 +0 +0 +0 -4.458827e-13
29 +0 +0 +0 -9.276360e-13
30 +0 +0 +0 -5.397091e-13
31 +0 +0 +0 -1.262802e-12
32 +0 +0 +0 -1.545982e-12
33 +0 +0 +0 -1.287535e-12
34 +0 +0 +0 -1.455182e-12
35 +0 +0 +0 -9.407652e-13
36 +0 +0 +0 -8.903329e-13
37 +0 +0 +0 -9.722146e-13
38 +0 +0 +0 -1.126669e-12
39 +0 +0 +0 -1.058629e-12
40 +0 +0 +0 -9.847633e-13
41 +0 +0 +0 -7.049145e-13
42 +0 +0 +0 -5.100551e-13
43 +0 +0 +0 -5.593556e-13
44 +0 +0 +0 -2.635304e-13
45 +0 +0 +0 -1.538612e-13
46 +0 +0 +0 -2.983389e-13
47 +0 +0 +0 -2.661656e-13
48 +0 +0 +0 -3.048128e-14
49 +0 +0 +0 -8.034563e-14
50 +0 +0 +0 -1.024951e-13
51 +0 +0 +0 -1.780304e-13
52 +0 +0 +0 -2.526289e-13
53 +0 +0 +0 -1.875252e-13
54 +0 +0 +0 -2.268481e-13
55 +0 +0 +0 -2.248034e-13
56 +0 +0 +0 -1.458423e-13
57 +0 +0 +0 -7.831418e-14
58 +0 +0 +0 -9.859583e-14
59 +0 +0 +0 -8.053859e-14
60 +0 +0 +0 -1.218131e-14
61 +0 +0 +0 -5.844932e-14
62 +0 +0 +0 -2.162937e-14
63 +0 +0 +0 +4.401501e-14
