0 +0 +0 +0 +1.332670e-08
1 +0 +0 +0 +2.382608e-08
2 +0 +0 +0 +1.344555e-08
3 +0 +0 +0 +7.905174e-09
4 +0 +0 +0 +4.886942e-09
5 +0 +0 +0 +3.118000e-09
6 +0 +0 +0 +1.997845e-09
7 +0 +0 +0 +1.338936e-09
8 +0 +0 +0 +8.807243e-10
9 +0 +0 +0 +5.882358e-10
10 +0 +0 +0 +3.995222e-10
11 +0 +0 +0 +2.703288e-10
12 +0 +0 +0 +1.873494e-10
13 +0 +0 +0 +1.253567e-10
14 +0 +0 +0 +9.088498e-11
15 +0 +0 +0 +5.914019e-11
16 +0 +0 +0 +3.740687e-11
17 +0 +0 +0 +2.506387e-11
18 +0 +0 +0 +1.673857e-11
19 +0 +0 +0 +1.365446e-11
20 +0 +0 +0 +9.767929e-12
21 +0 +0 +0 +7.240545e-12
22 +0 +0 +0 +5.998362e-12
23 +0 +0 +0 +3.931203e-12
24 +0 +0 +0 +2.993829e-12
25 +0 +0 +0 +2.278513e-12
26 +0 +0 +0 +2.139911e-12
27 +0 +0 +0 +1.866595e-12
28 +0 +0 +0 +5.471160e-13
29 +0 +0 +0 +6.782966e-13
30 +0 +0 +0 +1.290564e-12
31 +0 +0 +0 +1.563146e-12
32 +0 +0 +0 +6.028918e-13
33 +0 +0 +0 +1.057969e-13
34 +0 +0 +0 -8.054150e-14
35 +0 +0 +0 +5.877815e-14
36 +0 +0 +0 +1.390227e-13
37 +0 +0 +0 +5.298149e-13
38 +0 +0 +0 +4.175096e-13
39 +0 +0 +0 +1.610786e-13
40 +0 +0 +0 -1.294042e-13
41 +0 +0 +0 +1.126892e-13
42 +0 +0 +0 +1.579436e-13
43 +0 +0 +0 +5.074114e-14
44 +0 +0 +0 +3.932967e-14
45 +0 +0 +0 +7.784694e-14
46 +0 +0 +0 +2.718903e-13
47 +0 +0 +0 +3.605002e-13
48 +0 +0 +0 +4.085901e-13
49 +0 +0 +0 +2.920030e-13
50 +0 +0 +0 +1.097265e-13
51 +0 +0 +0 -8.802986e-15
52 +0 +0 +0 -7.696473e-14
53 +0 +0 +0 +1.177788e-14
54 +0 +0 +0 +1.187914e-13
55 +0 +0 +0 +1.491717e-13
56 +0 +0 +0 +6.803913e-14
57 +0 +0 +0 -4.321980e-14
58 +0 +0 +0 -5.325179e-14
59 +0 +0 +0 -8.526597e-14
60 +0 +0 +0 -3.211951e-14
61 +0 +0 +0 -5.749768e-16
62 +0 +0 +0 -2.201137e-14
63 +0 +0 +0 -4.477197e-15
