0 +0 +0 +0 +1.381409e-08
1 +0 +0 +0 +2.431174e-08
2 +0 +0 +0 +1.349517e-08
3 +0 +0 +0 +8.056547e-09
4 +0 +0 +0 +5.002145e-09
5 +0 +0 +0 +3.171724e-09
6 +0 +0 +0 +2.072193e-09
7 +0 +0 +0 +1.365517e-09
8 +0 +0 +0 +8.906124e-10
9 +0 +0 +0 +5.833163e-10
10 +0 +0 +0 +3.889041e-10
11 +0 +0 +0 +2.694219e-10
12 +0 +0 +0 +1.858388e-10
13 +0 +0 +0 +1.291335e-10
14 +0 +0 +0 +8.799400e-11
15 +0 +0 +0 +6.440257e-11
16 +0 +0 +0 +4.539575e-11
17 +0 +0 +0 +2.913259e-11
18 +0 +0 +0 +2.039481e-11
19 +0 +0 +0 +1.475676e-11
20 +0 +0 +0 +9.610308e-12
21 +0 +0 +0 +7.263760e-12
22 +0 +0 +0 +6.289531e-12
23 +0 +0 +0 +4.796512e-12
24 +0 +0 +0 +4.098760e-12
25 +0 +0 +0 +4.298055e-12
26 +0 +0 +0 +3.459652e-12
27 +0 +0 +0 +2.350938e-12
28 +0 +0 +0 +1.879709e-12
29 +0 +0 +0 +9.300413e-13
30 +0 +0 +0 +2.874400e-13
31 +0 +0 +0 +4.065414e-13
32 +0 +0 +0 +4.005548e-13
33 +0 +0 +0 +1.772343e-13
34 +0 +0 +0 -4.462497e-15
35 +0 +0 +0 -2.715907e-13
36 +0 +0 +0 -9.357278e-14
37 +0 +0 +0 +3.092036e-13
38 +0 +0 +0 +5.037457e-14
39 +0 +0 +0 -4.185434e-13
40 +0 +0 +0 -6.233206e-13
41 +0 +0 +0 -4.164774e-13
42 +0 +0 +0 -5.368311e-13
43 +0 +0 +0 -4.665819e-13
44 +0 +0 +0 -4.077507e-13
45 +0 +0 +0 -8.826075e-14
46 +0 +0 +0 +5.965882e-14
47 +0 +0 +0 -4.524133e-14
48 +0 +0 +0 +3.615740e-14
49 +0 +0 +0 +1.547602e-13
50 +0 +0 +0 +1.219528e-13
51 +0 +0 +0 +1.060534e-13
52 +0 +0 +0 +4.292610e-15
53 +0 +0 +0 +1.098670e-14
54 +0 +0 +0 +1.238856e-13
55 +0 +0 +0 +2.618057e-13
56 +0 +0 +0 +3.064739e-13
57 +0 +0 +0 +1.807665e-13
58 +0 +0 +0 +1.259913e-13
59 +0 +0 +0 +1.144311e-13
60 +0 +0 +0 -7.336685e-15
61 +0 +0 +0 +1.449035e-15
62 +0 +0 +0 -1.229674e-14
63 +0 +0 +0 -5.039804e-14
