0 +0 +0 +0 +1.406942e-08
1 +0 +0 +0 +2.545156e-08
2 +0 +0 +0 +1.420577e-08
3 +0 +0 +0 +8.412127e-09
4 +0 +0 +0 +5.131036e-09
5 +0 +0 +0 +3.253701e-09
6 +0 +0 +0 +2.085665e-09
7 +0 +0 +0 +1.333117e-09
8 +0 +0 +0 +8.796041e-10
9 +0 +0 +0 +5.818075e-10
10 +0 +0 +0 +3.782312e-10
11 +0 +0 +0 +2.532275e-10
12 +0 +0 +0 +1.734901e-10
13 +0 +0 +0 +1.106733e-10
14 +0 +0 +0 +7.603792e-11
15 +0 +0 +0 +4.747324e-11
16 +0 +0 +0 +3.430861e-11
17 +0 +0 +0 +2.145066e-11
18 +0 +0 +0 +1.276357e-11
19 +0 +0 +0 +7.632347e-12
20 +0 +0 +0 +2.542408e-12
21 +0 +0 +0 -1.172410e-13
22 +0 +0 +0 -5.105586e-13
23 +0 +0 +0 -4.828208e-13
24 +0 +0 +0 -1.457842e-12
25 +0 +0 +0 -1.387087e-12
26 +0 +0 +0 -1.178865e-13
27 +0 +0 +0 -2.081703e-13
28 +0 +0 +0 +1.270599e-13
29 +0 +0 +0 +1.374783e-13
30 +0 +0 +0 -7.138969e-14
31 +0 +0 +0 -5.770935e-13
32 +0 +0 +0 -4.683992e-13
33 +0 +0 +0 -1.327721e-12
34 +0 +0 +0 -7.083234e-13
35 +0 +0 +0 +5.912659e-14
36 +0 +0 +0 +3.187435e-13
37 +0 +0 +0 +2.023402e-13
38 +0 +0 +0 +8.609596e-15
39 +0 +0 +0 +1.882437e-13
40 +0 +0 +0 +3.592587e-13
41 +0 +0 +0 +5.682792e-13
42 +0 +0 +0 +5.122518e-13
43 +0 +0 +0 +5.286112e-13
44 +0 +0 +0 +2.420526e-13
45 +0 +0 +0 +1.368813e-13
46 +0 +0 +0 +1.383090e-13
47 +0 +0 +0 +7.641739e-14
48 +0 +0 +0 +1.526897e-13
49 +0 +0 +0 +9.778514e-14
50 +0 +0 +0 +1.921598e-13
51 +0 +0 +0 +3.121763e-14
52 +0 +0 +0 -4.474586e-15
53 +0 +0 +0 -1.126486e-14
54 +0 +0 +0 +1.845373e-13
55 +0 +0 +0 +1.948555e-13
56 +0 +0 +0 +1.563452e-13
57 +0 +0 +0 +2.335925e-13
58 +0 +0 +0 +2.958483e-13
59 +0 +0 +0 +2.092296e-13
60 +0 +0 +0 +2.306231e-13
61 +0 +0 +0 +2.494421e-13
62 +0 +0 +0 +2.411109e-13
63 +0 +0 +0 +2.357599e-13
