0 +0 +0 +0 +1.261261e-08
1 +0 +0 +0 +2.421364e-08
2 +0 +0 +0 +1.358409e-08
3 +0 +0 +0 +7.775592e-09
4 +0 +0 +0 +4.854941e-09
5 +0 +0 +0 +3.153688e-09
6 +0 +0 +0 +2.014549e-09
7 +0 +0 +0 +1.290384e-09
8 +0 +0 +0 +8.518065e-10
9 +0 +0 +0 +5.554205e-10
10 +0 +0 +0 +3.648283e-10
11 +0 +0 +0 +2.443421e-10
12 +0 +0 +0 +1.705939e-10
13 +0 +0 +0 +1.098079e-10
14 +0 +0 +0 +7.781234e-11
15 +0 +0 +0 +4.922332e-11
16 +0 +0 +0 +3.107503e-11
17 +0 +0 +0 +1.848610e-11
18 +0 +0 +0 +1.208794e-11
19 +0 +0 +0 +6.444965e-12
20 +0 +0 +0 +3.762985e-12
21 +0 +0 +0 +2.378624e-13
22 +0 +0 +0 -6.851659e-13
23 +0 +0 +0 -1.084191e-12
24 +0 +0 +0 -4.045647e-13
25 +0 +0 +0 -2.859702e-13
26 +0 +0 +0 -4.447405e-13
27 +0 +0 +0 +1.835180e-13
28 +0 +0 +0 +3.733625e-13
29 +0 +0 +0 +8.711394e-13
30 +0 +0 +0 +8.891743e-13
31 +0 +0 +0 +4.823580e-13
32 +0 +0 +0 +4.425191e-13
33 +0 +0 +0 +4.589642e-14
34 +0 +0 +0 +9.482537e-14
35 +0 +0 +0 +4.818639e-13
36 +0 +0 +0 +3.103189e-13
37 +0 +0 +0 +3.994947e-13
38 +0 +0 +0 +1.526543e-13
39 +0 +0 +0 +2.357278e-13
40 +0 +0 +0 +2.211569e-13
41 +0 +0 +0 +2.650744e-13
42 +0 +0 +0 +2.323840e-13
43 +0 +0 +0 +4.337257e-15
44 +0 +0 +0 -9.054058e-14
45 +0 +0 +0 -2.142075e-13
46 +0 +0 +0 -1.172262e-13
47 +0 +0 +0 -1.814026e-13
48 +0 +0 +0 -1.367964e-13
49 +0 +0 +0 -1.042099e-13
50 +0 +0 +0 -7.293992e-14
51 +0 +0 +0 -4.562533e-14
52 +0 +0 +0 +7.580340e-15
53 +0 +0 +0 +1.069544e-13
54 +0 +0 +0 +1.062438e-13
55 +0 +0 +0 +5.244442e-14
56 +0 +0 +0 -3.111799e-14
57 +0 +0 +0 -7.279802e-14
58 +0 +0 +0 -8.197936e-14
59 +0 +0 +0 -1.571502e-13
60 +0 +0 +0 -1.403760e-13
61 +0 +0 +0 -8.782682e-14
62 +0 +0 +0 -1.028579e-13
63 +0 +0 +0 -1.321037e-13
