0 +0 +0 +0 +1.324036e-08
1 +0 +0 +0 +2.456911e-08
2 +0 +0 +0 +1.335177e-08
3 +0 +0 +0 +8.028527e-09
4 +0 +0 +0 +4.991572e-09
5 +0 +0 +0 +3.139983e-09
6 +0 +0 +0 +2.014419e-09
7 +0 +0 +0 +1.330002e-09
8 +0 +0 +0 +8.849803e-10
9 +0 +0 +0 +6.010517e-10
10 +0 +0 +0 +3.976963e-10
11 +0 +0 +0 +2.603925e-10
12 +0 +0 +0 +1.697241e-10
13 +0 +0 +0 +1.074400e-10
14 +0 +0 +0 +7.208607e-11
15 +0 +0 +0 +4.736213e-11
16 +0 +0 +0 +3.482998e-11
17 +0 +0 +0 +2.316860e-11
18 +0 +0 +0 +1.647929e-11
19 +0 +0 +0 +1.071067e-11
20 +0 +0 +0 +6.672551e-12
21 +0 +0 +0 +3.424599e-12
22 +0 +0 +0 +1.732186e-12
23 +0 +0 +0 +7.011310e-14
24 +0 +0 +0 -7.500916e-13
25 +0 +0 +0 -1.074058e-12
26 +0 +0 +0 -2.052286e-12
27 +0 +0 +0 -5.780851e-13
28 +0 +0 +0 -5.839142e-13
29 +0 +0 +0 -4.205412e-13
30 +0 +0 +0 -8.697123e-13
31 +0 +0 +0 -1.094810e-12
32 +0 +0 +0 -5.793823e-13
33 +0 +0 +0 -3.528173e-13
34 +0 +0 +0 +5.444340e-13
35 +0 +0 +0 +7.488034e-13
36 +0 +0 +0 +5.655487e-13
37 +0 +0 +0 +5.353505e-13
38 +0 +0 +0 +5.311635e-13
39 +0 +0 +0 +1.714816e-13
40 +0 +0 +0 +1.911553e-13
41 +0 +0 +0 -1.375755e-14
42 +0 +0 +0 +1.232805e-13
43 +0 +0 +0 +2.436720e-14
44 +0 +0 +0 +1.652077e-13
45 +0 +0 +0 +6.407620e-14
46 +0 +0 +0 +1.063944e-13
47 +0 +0 +0 +3.910265e-14
48 +0 +0 +0 -2.963937e-14
49 +0 +0 +0 -1.458671e-13
50 +0 +0 +0 +6.390160e-15
51 +0 +0 +0 -1.166176e-13
52 +0 +0 +0 -1.507424e-13
53 +0 +0 +0 -2.049741e-13
54 +0 +0 +0 -8.085972e-14
55 +0 +0 +0 -1.979688e-13
56 +0 +0 +0 -2.774715e-13
57 +0 +0 +0 -1.673990e-13
58 +0 +0 +0 -4.476914e-14
59 +0 +0 +0 -1.200910e-13
60 +0 +0 +0 -6.707546e-14
61 +0 +0 +0 -2.614117e-14
62 +0 +0 +0 -1.828744e-14
63 +0 +0 +0 +5.751138e-14
