0 +0 +0 +0 +1.350184e-08
1 +0 +0 +0 +2.456265e-08
2 +0 +0 +0 +1.333848e-08
3 +0 +0 +0 +7.748748e-09
4 +0 +0 +0 +4.827690e-09
5 +0 +0 +0 +3.161918e-09
6 +0 +0 +0 +2.087036e-09
7 +0 +0 +0 +1.334021e-09
8 +0 +0 +0 +9.066940e-10
9 +0 +0 +0 +6.197031e-10
10 +0 +0 +0 +4.259794e-10
11 +0 +0 +0 +2.799297e-10
12 +0 +0 +0 +1.869220e-10
13 +0 +0 +0 +1.322393e-10
14 +0 +0 +0 +8.962180e-11
15 +0 +0 +0 +6.226740e-11
16 +0 +0 +0 +4.480467e-11
17 +0 +0 +0 +2.642953e-11
18 +0 +0 +0 +1.912035e-11
19 +0 +0 +0 +1.518276e-11
20 +0 +0 +0 +8.204382e-12
21 +0 +0 +0 +6.284350e-12
22 +0 +0 +0 +3.989001e-12
23 +0 +0 +0 +3.813094e-12
24 +0 +0 +0 +3.023129e-12
25 +0 +0 +0 +3.340850e-12
26 +0 +0 +0 +2.743206e-12
27 +0 +0 +0 +2.407626e-12
28 +0 +0 +0 +2.160611e-12
29 +0 +0 +0 +1.073718e-12
30 +0 +0 +0 +1.554096e-12
31 +0 +0 +0 +1.779811e-12
32 +0 +0 +0 +1.423451e-12
33 +0 +0 +0 +1.102522e-12
34 +0 +0 +0 +8.867275e-13
35 +0 +0 +0 +5.662012e-13
36 +0 +0 +0 +3.008093e-13
37 +0 +0 +0 +3.766560e-13
38 +0 +0 +0 +2.612306e-13
39 +0 +0 +0 -3.610042e-13
40 +0 +0 +0 -2.044553e-13
41 +0 +0 +0 -9.780146e-15
42 +0 +0 +0 -1.824579e-13
43 +0 +0 +0 -2.152096e-14
44 +0 +0 +0 -7.053453e-14
45 +0 +0 +0 -1.788887e-13
46 +0 +0 +0 -2.548171e-13
47 +0 +0 +0 -1.775533e-13
48 +0 +0 +0 -3.876418e-14
49 +0 +0 +0 +8.473757e-14
50 +0 +0 +0 +4.196143e-14
51 +0 +0 +0 +1.545448e-13
52 +0 +0 +0 +1.970468e-13
53 +0 +0 +0 +1.432586e-13
54 +0 +0 +0 +1.158030e-13
55 +0 +0 +0 +2.286353e-13
56 +0 +0 +0 +7.062984e-14
57 +0 +0 +0 -1.241681e-14
58 +0 +0 +0 +1.409871e-13
59 +0 +0 +0 +9.594736e-14
60 +0 +0 +0 +8.848713e-14
61 +0 +0 +0 +1.050028e-13
62 +0 +0 +0 +6.610907e-14
63 +0 +0 +0 +1.045715e-13
