0 +0 +0 +0 +1.339905e-08
1 +0 +0 +0 +2.489731e-08
2 +0 +0 +0 +1.410579e-08
3 +0 +0 +0 +8.241975e-09
4 +0 +0 +0 +5.058902e-09
5 +0 +0 +0 +3.254232e-09
6 +0 +0 +0 +2.080252e-09
7 +0 +0 +0 +1.391164e-09
8 +0 +0 +0 +9.305058e-10
9 +0 +0 +0 +6.221422e-10
10 +0 +0 +0 +4.217703e-10
11 +0 +0 +0 +2.774574e-10
12 +0 +0 +0 +1.930911e-10
13 +0 +0 +0 +1.343697e-10
14 +0 +0 +0 +8.531029e-11
15 +0 +0 +0 +5.705247e-11
16 +0 +0 +0 +3.714822e-11
17 +0 +0 +0 +2.741407e-11
18 +0 +0 +0 +2.133950e-11
19 +0 +0 +0 +1.438798e-11
20 +0 +0 +0 +1.103047e-11
21 +0 +0 +0 +7.728769e-12
22 +0 +0 +0 +4.887290e-12
23 +0 +0 +0 +3.769827e-12
24 +0 +0 +0 +2.697897e-12
25 +0 +0 +0 +1.818402e-12
26 +0 +0 +0 +1.157840e-12
27 +0 +0 +0 +1.029558e-12
28 +0 +0 +0 -3.846342e-14
29 +0 +0 +0 +7.462295e-13
30 +0 +0 +0 +5.970280e-13
31 +0 +0 +0 +3.407467e-13
32 +0 +0 +0 +4.112490e-13
33 +0 +0 +0 +2.145108e-13
34 +0 +0 +0 +6.076069e-13
35 +0 +0 +0 +8.544447e-13
36 +0 +0 +0 +6.872006e-13
37 +0 +0 +0 +7.095251e-13
38 +0 +0 +0 +5.520656e-13
39 +0 +0 +0 +8.052380e-13
40 +0 +0 +0 +6.902567e-13
41 +0 +0 +0 +4.600165e-13
42 +0 +0 +0 +3.457231e-13
43 +0 +0 +0 +2.678032e-13
44 +0 +0 +0 +4.520288e-13
45 +0 +0 +0 +1.442236e-13
46 +0 +0 +0 +1.311695e-13
47 +0 +0 +0 +1.682568e-13
48 +0 +0 +0 +1.509096e-13
49 +0 +0 +0 +7.283617e-14
50 +0 +0 +0 -4.237044e-14
51 +0 +0 +0 -5.377079e-14
52 +0 +0 +0 -8.528696e-14
53 +0 +0 +0 -2.969409e-14
54 +0 +0 +0 +2.932218e-14
55 +0 +0 +0 -1.968743e-14
56 +0 +0 +0 -1.707867e-14
57 +0 +0 +0 -2.671439e-15
58 +0 +0 +0 -8.066710e-14
59 +0 +0 +0 -1.214775e-13
60 +0 +0 +0 -1.184354e-13
61 +0 +0 +0 -5.941567e-14
62 +0 +0 +0 -1.034473e-13
63 +0 +0 +0 -1.298649e-13
