0 +0 +0 +0 +1.306558e-08
1 +0 +0 +0 +2.291575e-08
2 +0 +0 +0 +1.309154e-08
3 +0 +0 +0 +7.511424e-09
4 +0 +0 +0 +4.555553e-09
5 +0 +0 +0 +2.876082e-09
6 +0 +0 +0 +1.902497e-09
7 +0 +0 +0 +1.218004e-09
8 +0 +0 +0 +7.964010e-10
9 +0 +0 +0 +5.413107e-10
10 +0 +0 +0 +3.593536e-10
11 +0 +0 +0 +2.389847e-10
12 +0 +0 +0 +1.627788e-10
13 +0 +0 +0 +1.107350e-10
14 +0 +0 +0 +7.038126e-11
15 +0 +0 +0 +4.694692e-11
16 +0 +0 +0 +2.969842e-11
17 +0 +0 +0 +2.058324e-11
18 +0 +0 +0 +1.335535e-11
19 +0 +0 +0 +6.806996e-12
20 +0 +0 +0 +6.148534e-12
21 +0 +0 +0 +4.086787e-12
22 +0 +0 +0 +3.122793e-13
23 +0 +0 +0 -7.225173e-14
24 +0 +0 +0 -6.582755e-13
25 +0 +0 +0 -1.633340e-12
26 +0 +0 +0 -1.693041e-12
27 +0 +0 +0 -2.226840e-12
28 +0 +0 +0 -1.995021e-12
29 +0 +0 +0 -1.555445e-12
30 +0 +0 +0 -1.701051e-12
31 +0 +0 +0 -1.010229e-12
32 +0 +0 +0 -6.182658e-13
33 +0 +0 +0 -6.236762e-13
34 +0 +0 +0 +3.642924e-13
35 +0 +0 +0 +2.983526e-13
36 +0 +0 +0 +7.477015e-13
37 +0 +0 +0 +8.059287e-13
38 +0 +0 +0 +7.354685e-13
39 +0 +0 +0 +4.109464e-13
40 +0 +0 +0 +2.535120e-13
41 +0 +0 +0 -7.046687e-14
42 +0 +0 +0 +5.822438e-14
43 +0 +0 +0 +2.160280e-13
44 +0 +0 +0 +1.149806e-13
45 +0 +0 +0 +1.976218e-14
46 +0 +0 +0 +2.566418e-14
47 +0 +0 +0 +8.149925e-14
48 +0 +0 +0 +5.585035e-14
49 +0 +0 +0 +1.887702e-13
50 +0 +0 +0 +2.648854e-13
51 +0 +0 +0 +3.704774e-13
52 +0 +0 +0 +2.372808e-13
53 +0 +0 +0 +1.803751e-13
54 +0 +0 +0 +9.598864e-14
55 +0 +0 +0 +1.008793e-13
56 +0 +0 +0 +1.505354e-13
57 +0 +0 +0 +7.874521e-14
58 +0 +0 +0 -2.026135e-14
59 +0 +0 +0 -6.753438e-14
60 +0 +0 +0 -1.770998e-13
61 +0 +0 +0 -1.799038e-13
62 +0 +0 +0 -1.505674e-13
63 +0 +0 +0 -9.888568e-14
