0 +0 +0 +0 +1.332816e-08
1 +0 +0 +0 +2.405830e-08
2 +0 +0 +0 +1.339506e-08
3 +0 +0 +0 +7.950242e-09
4 +0 +0 +0 +5.011808e-09
5 +0 +0 +0 +3.317120e-09
6 +0 +0 +0 +2.174893e-09
7 +0 +0 +0 +1.401602e-09
8 +0 +0 +0 +9.243286e-10
9 +0 +0 +0 +5.957885e-10
10 +0 +0 +0 +3.877398e-10
11 +0 +0 +0 +2.674776e-10
12 +0 +0 +0 +1.944012e-10
13 +0 +0 +0 +1.286012e-10
14 +0 +0 +0 +8.797340e-11
15 +0 +0 +0 +6.121675e-11
16 +0 +0 +0 +4.107999e-11
17 +0 +0 +0 +2.809014e-11
18 +0 +0 +0 +2.029078e-11
19 +0 +0 +0 +1.347787e-11
20 +0 +0 +0 +9.473338e-12
21 +0 +0 +0 +6.791090e-12
22 +0 +0 +0 +5.584432e-12
23 +0 +0 +0 +3.234841e-12
24 +0 +0 +0 +5.721135e-13
25 +0 +0 +0 +5.336248e-13
26 +0 +0 +0 +5.474496e-13
27 +0 +0 +0 +1.418971e-12
28 +0 +0 +0 +2.974240e-13
29 +0 +0 +0 +1.127117e-12
30 +0 +0 +0 +7.767768e-13
31 +0 +0 +0 +3.526951e-13
32 +0 +0 +0 +5.304168e-13
33 +0 +0 +0 +4.827372e-13
34 +0 +0 +0 -1.417781e-13
35 +0 +0 +0 -2.798035e-13
36 +0 +0 +0 -9.079658e-13
37 +0 +0 +0 -1.027888e-12
38 +0 +0 +0 -6.500883e-13
39 +0 +0 +0 -7.014648e-13
40 +0 +0 +0 -4.566810e-13
41 +0 +0 +0 -2.789453e-13
42 +0 +0 +0 -2.682998e-14
43 +0 +0 +0 -1.311389e-13
44 +0 +0 +0 -7.166458e-14
45 +0 +0 +0 -1.441890e-13
46 +0 +0 +0 -6.753145e-14
47 +0 +0 +0 -2.616574e-14
48 +0 +0 +0 +1.723021e-14
49 +0 +0 +0 -8.219050e-14
50 +0 +0 +0 -2.723302e-14
51 +0 +0 +0 +4.739273e-15
52 +0 +0 +0 -4.778134e-14
53 +0 +0 +0 +3.508407e-14
54 +0 +0 +0 +2.333103e-14
55 +0 +0 +0 -6.956270e-14
56 +0 +0 +0 -1.808587e-13
57 +0 +0 +0 +9.948441e-15
58 +0 +0 +0 +1.273191e-14
59 +0 +0 +0 +5.576431e-14
60 +0 +0 +0 +4.546013e-14
61 +0 +0 +0 -2.280621e-14
62 +0 +0 +0 -7.482751e-14
63 +0 +0 +0 -1.378051e-13
