0 +0 +0 +0 +1.380540e-08
1 +0 +0 +0 +2.471526e-08
2 +0 +0 +0 +1.405551e-08
3 +0 +0 +0 +8.392252e-09
4 +0 +0 +0 +5.138509e-09
5 +0 +0 +0 +3.264602e-09
6 +0 +0 +0 +2.144561e-09
7 +0 +0 +0 +1.406812e-09
8 +0 +0 +0 +9.276332e-10
9 +0 +0 +0 +6.045550e-10
10 +0 +0 +0 +4.111259e-10
11 +0 +0 +0 +2.783809e-10
12 +0 +0 +0 +1.848093e-10
13 +0 +0 +0 +1.251636e-10
14 +0 +0 +0 +8.458693e-11
15 +0 +0 +0 +5.553509e-11
16 +0 +0 +0 +3.928158e-11
17 +0 +0 +0 +2.735967e-11
18 +0 +0 +0 +1.715675e-11
19 +0 +0 +0 +1.073722e-11
20 +0 +0 +0 +6.820100e-12
21 +0 +0 +0 +7.125296e-12
22 +0 +0 +0 +6.187485e-12
23 +0 +0 +0 +7.161800e-12
24 +0 +0 +0 +5.842916e-12
25 +0 +0 +0 +5.154685e-12
26 +0 +0 +0 +3.777455e-12
27 +0 +0 +0 +2.954390e-12
28 +0 +0 +0 +2.241452e-12
29 +0 +0 +0 +1.516607e-12
30 +0 +0 +0 +9.518522e-13
31 +0 +0 +0 +1.778623e-12
32 +0 +0 +0 +1.290756e-12
33 +0 +0 +0 +1.759748e-12
34 +0 +0 +0 +1.242361e-12
35 +0 +0 +0 +7.993555e-13
36 +0 +0 +0 +2.578874e-13
37 +0 +0 +0 -2.909823e-13
38 +0 +0 +0 -2.097305e-14
39 +0 +0 +0 -5.533344e-13
40 +0 +0 +0 -2.426263e-13
41 +0 +0 +0 -2.740095e-13
42 +0 +0 +0 -4.057681e-13
43 +0 +0 +0 -2.065502e-13
44 +0 +0 +0 -3.092294e-13
45 +0 +0 +0 -4.004796e-13
46 +0 +0 +0 -2.277149e-13
47 +0 +0 +0 -1.310384e-14
48 +0 +0 +0 -4.660015e-14
49 +0 +0 +0 -2.216951e-13
50 +0 +0 +0 -4.314319e-14
51 +0 +0 +0 +1.810358e-14
52 +0 +0 +0 +1.951001e-13
53 +0 +0 +0 +7.719195e-14
54 +0 +0 +0 +6.064077e-14
55 +0 +0 +0 +8.679948e-15
56 +0 +0 +0 -6.678388e-14
57 +0 +0 +0 -2.814085e-14
58 +0 +0 +0 -3.421617e-14
59 +0 +0 +0 -2.538587e-14
60 +0 +0 +0 +2.668440e-14
61 +0 +0 +0 +1.045338e-13
62 +0 +0 +0 +1.252589e-13
63 +0 +0 +0 +1.184477e-13
