0 +0 +0 +0 +1.320769e-08
1 +0 +0 +0 +2.467797e-08
2 +0 +0 +0 +1.340412e-08
3 +0 +0 +0 +8.102564e-09
4 +0 +0 +0 +4.987759e-09
5 +0 +0 +0 +3.125784e-09
6 +0 +0 +0 +1.967221e-09
7 +0 +0 +0 +1.258310e-09
8 +0 +0 +0 +8.494675e-10
9 +0 +0 +0 +5.700894e-10
10 +0 +0 +0 +3.949947e-10
11 +0 +0 +0 +2.644748e-10
12 +0 +0 +0 +1.818622e-10
13 +0 +0 +0 +1.200289e-10
14 +0 +0 +0 +7.933693e-11
15 +0 +0 +0 +5.229036e-11
16 +0 +0 +0 +3.757280e-11
17 +0 +0 +0 +2.573780e-11
18 +0 +0 +0 +1.845157e-11
19 +0 +0 +0 +1.175427e-11
20 +0 +0 +0 +6.329838e-12
21 +0 +0 +0 +6.256695e-12
22 +0 +0 +0 +3.253674e-12
23 +0 +0 +0 +2.430634e-12
24 +0 +0 +0 +2.126480e-12
25 +0 +0 +0 +8.735755e-13
26 +0 +0 +0 +1.160383e-13
27 +0 +0 +0 -4.861740e-13
28 +0 +0 +0 -6.083111e-13
29 +0 +0 +0 -5.053900e-13
30 +0 +0 +0 -8.082942e-13
31 +0 +0 +0 -8.292639e-13
32 +0 +0 +0 -3.029874e-13
33 +0 +0 +0 -6.238108e-13
34 +0 +0 +0 -5.829954e-13
35 +0 +0 +0 -5.324910e-14
36 +0 +0 +0 -4.260274e-13
37 +0 +0 +0 -4.724613e-13
38 +0 +0 +0 -3.744387e-13
39 +0 +0 +0 -3.844643e-13
40 +0 +0 +0 -4.678851e-13
41 +0 +0 +0 -3.001152e-13
42 +0 +0 +0 -2.829769e-13
43 +0 +0 +0 -1.819384e-13
44 +0 +0 +0 -1.978079e-13
45 +0 +0 +0 -1.998088e-13
46 +0 +0 +0 -5.739964e-14
47 +0 +0 +0 +5.803948e-14
48 +0 +0 +0 -1.451823e-14
49 +0 +0 +0 -7.455922e-14
50 +0 +0 +0 -1.146663e-13
51 +0 +0 +0 -2.500625e-13
52 +0 +0 +0 -1.635638e-13
53 +0 +0 +0 -2.514939e-13
54 +0 +0 +0 -5.043401e-13
55 +0 +0 +0 -3.556312e-13
56 +0 +0 +0 -1.730588e-13
57 +0 +0 +0 -1.049022e-13
58 +0 +0 +0 -4.898060e-14
59 +0 +0 +0 -1.771191e-13
60 +0 +0 +0 -1.723327e-13
61 +0 +0 +0 -2.022229e-13
62 +0 +0 +0 -1.250551e-13
63 +0 +0 +0 -1.757467e-13
