0 +0 +0 +0 +1.434414e-08
1 +0 +0 +0 +2.549394e-08
2 +0 +0 +0 +1.413476e-08
3 +0 +0 +0 +8.184582e-09
4 +0 +0 +0 +5.021570e-09
5 +0 +0 +0 +3.252189e-09
6 +0 +0 +0 +2.090529e-09
7 +0 +0 +0 +1.376303e-09
8 +0 +0 +0 +9.147412e-10
9 +0 +0 +0 +6.096279e-10
10 +0 +0 +0 +4.133670e-10
11 +0 +0 +0 +2.887353e-10
12 +0 +0 +0 +1.878600e-10
13 +0 +0 +0 +1.317139e-10
14 +0 +0 +0 +9.078115e-11
15 +0 +0 +0 +6.185555e-11
16 +0 +0 +0 +4.307223e-11
17 +0 +0 +0 +2.811354e-11
18 +0 +0 +0 +1.825692e-11
19 +0 +0 +0 +1.288430e-11
20 +0 +0 +0 +8.816997e-12
21 +0 +0 +0 +6.518543e-12
22 +0 +0 +0 +3.872932e-12
23 +0 +0 +0 +3.205639e-12
24 +0 +0 +0 +1.700544e-12
25 +0 +0 +0 -2.138117e-15
26 +0 +0 +0 -3.285193e-13
27 +0 +0 +0 -6.357344e-13
28 +0 +0 +0 -1.262597e-12
29 +0 +0 +0 -1.301484e-12
30 +0 +0 +0 -3.372236e-13
31 +0 +0 +0 +4.898885e-13
32 +0 +0 +0 +1.678075e-13
33 +0 +0 +0 +3.497550e-14
34 +0 +0 +0 +2.355152e-14
35 +0 +0 +0 +4.573769e-13
36 +0 +0 +0 +3.266990e-13
37 +0 +0 +0 -4.464443e-13
38 +0 +0 +0 -1.239530e-13
39 +0 +0 +0 -1.164548e-13
40 +0 +0 +0 -9.110141e-14
41 +0 +0 +0 +4.786280e-14
42 +0 +0 +0 -2.151643e-13
43 +0 +0 +0 +3.242622e-14
44 +0 +0 +0 +8.834661e-14
45 +0 +0 +0 -1.128631e-14
46 +0 +0 +0 +3.874955e-14
47 +0 +0 +0 +2.836540e-14
48 +0 +0 +0 +7.973644e-14
49 +0 +0 +0 -9.787673e-14
50 +0 +0 +0 -8.152043e-14
51 +0 +0 +0 -2.931638e-14
52 +0 +0 +0 +1.986623e-14
53 +0 +0 +0 +1.533390e-13
54 +0 +0 +0 +4.175552e-14
55 +0 +0 +0 +4.614091e-14
56 +0 +0 +0 +6.615034e-15
57 +0 +0 +0 +5.675477e-14
58 +0 +0 +0 +1.167505e-13
59 +0 +0 +0 +1.262814e-13
60 +0 +0 +0 +2.586662e-14
61 +0 +0 +0 -9.865256e-15
62 +0 +0 +0 -8.607282e-14
63 +0 +0 +0 -1.429736e-13
