0 +0 +0 +0 +1.374408e-08
1 +0 +0 +0 +2.465533e-08
2 +0 +0 +0 +1.354961e-08
3 +0 +0 +0 +7.952909e-09
4 +0 +0 +0 +4.955617e-09
5 +0 +0 +0 +3.221429e-09
6 +0 +0 +0 +2.065416e-09
7 +0 +0 +0 +1.354865e-09
8 +0 +0 +0 +8.862640e-10
9 +0 +0 +0 +6.046098e-10
10 +0 +0 +0 +4.000912e-10
11 +0 +0 +0 +2.655096e-10
12 +0 +0 +0 +1.765077e-10
13 +0 +0 +0 +1.189553e-10
14 +0 +0 +0 +7.742984e-11
15 +0 +0 +0 +5.394341e-11
16 +0 +0 +0 +4.174723e-11
17 +0 +0 +0 +2.978172e-11
18 +0 +0 +0 +2.084419e-11
19 +0 +0 +0 +1.212588e-11
20 +0 +0 +0 +8.918029e-12
21 +0 +0 +0 +7.506197e-12
22 +0 +0 +0 +4.520504e-12
23 +0 +0 +0 +2.968578e-12
24 +0 +0 +0 +2.207519e-12
25 +0 +0 +0 +1.509530e-12
26 +0 +0 +0 +2.600800e-12
27 +0 +0 +0 +1.469544e-12
28 +0 +0 +0 +6.603833e-13
29 +0 +0 +0 +4.096899e-14
30 +0 +0 +0 -7.257778e-13
31 +0 +0 +0 +1.741654e-13
32 +0 +0 +0 +1.123286e-13
33 +0 +0 +0 +1.241117e-13
34 +0 +0 +0 +3.743167e-13
35 +0 +0 +0 +3.361556e-13
36 +0 +0 +0 +6.753517e-14
37 +0 +0 +0 +3.415415e-13
38 +0 +0 +0 +1.753948e-13
39 +0 +0 +0 -3.905619e-14
40 +0 +0 +0 -1.974953e-13
41 +0 +0 +0 -8.801609e-14
42 +0 +0 +0 +1.420599e-13
43 +0 +0 +0 +1.515238e-13
44 +0 +0 +0 +4.180245e-14
45 +0 +0 +0 +9.992142e-14
46 +0 +0 +0 +1.475909e-13
47 +0 +0 +0 +3.095911e-14
48 +0 +0 +0 +5.242200e-14
49 +0 +0 +0 +2.758708e-14
50 +0 +0 +0 +9.708066e-14
51 +0 +0 +0 +1.472198e-13
52 +0 +0 +0 +8.785250e-14
53 +0 +0 +0 +2.017234e-13
54 +0 +0 +0 +1.348190e-13
55 +0 +0 +0 +2.084989e-13
56 +0 +0 +0 +1.293247e-13
57 +0 +0 +0 +4.133501e-14
58 +0 +0 +0 -6.143456e-14
59 +0 +0 +0 -4.962864e-14
60 +0 +0 +0 -3.303412e-14
61 +0 +0 +0 -7.484751e-14
62 +0 +0 +0 -7.190593e-14
63 +0 +0 +0 -9.274202e-14
