0 +0 +0 +0 +1.423787e-08
1 +0 +0 +0 +2.505393e-08
2 +0 +0 +0 +1.403458e-08
3 +0 +0 +0 +8.396829e-09
4 +0 +0 +0 +5.144251e-09
5 +0 +0 +0 +3.252592e-09
6 +0 +0 +0 +2.131284e-09
7 +0 +0 +0 +1.374974e-09
8 +0 +0 +0 +9.113678e-10
9 +0 +0 +0 +6.123212e-10
10 +0 +0 +0 +4.151265e-10
11 +0 +0 +0 +2.612262e-10
12 +0 +0 +0 +1.842695e-10
13 +0 +0 +0 +1.198915e-10
14 +0 +0 +0 +8.215771e-11
15 +0 +0 +0 +5.375387e-11
16 +0 +0 +0 +3.605763e-11
17 +0 +0 +0 +2.902389e-11
18 +0 +0 +0 +2.122962e-11
19 +0 +0 +0 +1.362156e-11
20 +0 +0 +0 +7.048731e-12
21 +0 +0 +0 +3.165852e-12
22 +0 +0 +0 +2.650430e-12
23 +0 +0 +0 +3.686878e-12
24 +0 +0 +0 +2.943317e-12
25 +0 +0 +0 +1.497106e-12
26 +0 +0 +0 +1.568941e-12
27 +0 +0 +0 +8.491097e-13
28 +0 +0 +0 +7.855708e-13
29 +0 +0 +0 +1.326101e-12
30 +0 +0 +0 +5.987478e-13
31 +0 +0 +0 +5.090129e-13
32 +0 +0 +0 +6.440338e-13
33 +0 +0 +0 +1.350047e-13
34 +0 +0 +0 +6.036749e-13
35 +0 +0 +0 +7.146626e-13
36 +0 +0 +0 +5.826054e-13
37 +0 +0 +0 +3.194771e-13
38 +0 +0 +0 +3.404588e-13
39 +0 +0 +0 -8.797321e-15
40 +0 +0 +0 +5.003410e-13
41 +0 +0 +0 +5.616830e-13
42 +0 +0 +0 +6.565922e-13
43 +0 +0 +0 +6.414582e-13
44 +0 +0 +0 +5.703386e-13
45 +0 +0 +0 +4.300475e-13
46 +0 +0 +0 +1.230994e-13
47 +0 +0 +0 +2.962508e-13
48 +0 +0 +0 +1.812506e-13
49 +0 +0 +0 +2.284449e-13
50 +0 +0 +0 +8.953626e-14
51 +0 +0 +0 -6.469156e-15
52 +0 +0 +0 +3.062714e-14
53 +0 +0 +0 +3.449612e-14
54 +0 +0 +0 -2.547629e-14
55 +0 +0 +0 -9.095588e-14
56 +0 +0 +0 +7.480493e-15
57 +0 +0 +0 +1.611619e-14
58 +0 +0 +0 +2.756783e-14
59 +0 +0 +0 -1.892374e-14
60 +0 +0 +0 +9.041555e-15
61 +0 +0 +0 -1.384038e-13
62 +0 +0 +0 -1.214033e-13
63 +0 +0 +0 -5.618128e-15
