0 +0 +0 +0 +1.335940e-08
1 +0 +0 +0 +2.376648e-08
2 +0 +0 +0 +1.299331e-08
3 +0 +0 +0 +7.724602e-09
4 +0 +0 +0 +4.835353e-09
5 +0 +0 +0 +3.109160e-09
6 +0 +0 +0 +2.026938e-09
7 +0 +0 +0 +1.301959e-09
8 +0 +0 +0 +8.752801e-10
9 +0 +0 +0 +5.745641e-10
10 +0 +0 +0 +3.767909e-10
11 +0 +0 +0 +2.619247e-10
12 +0 +0 +0 +1.746717e-10
13 +0 +0 +0 +1.125016e-10
14 +0 +0 +0 +7.268596e-11
15 +0 +0 +0 +4.647549e-11
16 +0 +0 +0 +3.171727e-11
17 +0 +0 +0 +2.481517e-11
18 +0 +0 +0 +1.687163e-11
19 +0 +0 +0 +1.338461e-11
20 +0 +0 +0 +1.139129e-11
21 +0 +0 +0 +8.847695e-12
22 +0 +0 +0 +5.603329e-12
23 +0 +0 +0 +5.305226e-12
24 +0 +0 +0 +4.396346e-12
25 +0 +0 +0 +3.125582e-12
26 +0 +0 +0 +2.485928e-12
27 +0 +0 +0 +2.137287e-12
28 +0 +0 +0 +1.295682e-12
29 +0 +0 +0 +1.195781e-12
30 +0 +0 +0 +3.795170e-13
31 +0 +0 +0 +6.431015e-13
32 +0 +0 +0 +8.974373e-13
33 +0 +0 +0 +7.469268e-13
34 +0 +0 +0 +3.925898e-13
35 +0 +0 +0 +7.273740e-13
36 +0 +0 +0 +1.409379e-12
37 +0 +0 +0 +1.353278e-12
38 +0 +0 +0 +1.293809e-12
39 +0 +0 +0 +1.049676e-12
40 +0 +0 +0 +9.589957e-13
41 +0 +0 +0 +8.976661e-13
42 +0 +0 +0 +8.212727e-13
43 +0 +0 +0 +4.734553e-13
44 +0 +0 +0 +1.574590e-13
45 +0 +0 +0 +2.312365e-13
46 +0 +0 +0 +3.044640e-14
47 +0 +0 +0 +1.766871e-14
48 +0 +0 +0 -1.102035e-13
49 +0 +0 +0 -1.414874e-13
50 +0 +0 +0 -3.270118e-13
51 +0 +0 +0 -4.351258e-13
52 +0 +0 +0 -4.084949e-13
53 +0 +0 +0 -1.119260e-13
54 +0 +0 +0 -1.258741e-13
55 +0 +0 +0 -2.018912e-13
56 +0 +0 +0 -1.247053e-13
57 +0 +0 +0 -1.270088e-13
58 +0 +0 +0 +4.780390e-15
59 +0 +0 +0 +3.974084e-14
60 +0 +0 +0 +4.061971e-14
61 +0 +0 +0 +1.195231e-13
62 +0 +0 +0 +8.362740e-14
63 +0 +0 +0 +1.817889e-13
