0 +0 +0 +0 +1.351570e-08
1 +0 +0 +0 +2.451838e-08
2 +0 +0 +0 +1.355622e-08
3 +0 +0 +0 +8.042801e-09
4 +0 +0 +0 +4.981931e-09
5 +0 +0 +0 +3.251451e-09
6 +0 +0 +0 +2.097614e-09
7 +0 +0 +0 +1.387318e-09
8 +0 +0 +0 +9.116206e-10
9 +0 +0 +0 +6.193165e-10
10 +0 +0 +0 +4.074136e-10
11 +0 +0 +0 +2.756789e-10
12 +0 +0 +0 +1.810582e-10
13 +0 +0 +0 +1.158238e-10
14 +0 +0 +0 +8.164302e-11
15 +0 +0 +0 +5.215435e-11
16 +0 +0 +0 +3.367058e-11
17 +0 +0 +0 +2.215187e-11
18 +0 +0 +0 +1.416681e-11
19 +0 +0 +0 +9.376307e-12
20 +0 +0 +0 +5.372840e-12
21 +0 +0 +0 +2.305448e-12
22 +0 +0 +0 +5.786768e-13
23 +0 +0 +0 +2.818054e-13
24 +0 +0 +0 -4.297539e-13
25 +0 +0 +0 -7.526589e-13
26 +0 +0 +0 -1.330094e-12
27 +0 +0 +0 -7.555391e-13
28 +0 +0 +0 -9.533538e-13
29 +0 +0 +0 -1.233012e-12
30 +0 +0 +0 -1.102521e-12
31 +0 +0 +0 -7.313969e-13
32 +0 +0 +0 -3.543179e-13
33 +0 +0 +0 -3.852193e-13
34 +0 +0 +0 -1.394094e-13
35 +0 +0 +0 -2.340481e-13
36 +0 +0 +0 -4.730425e-13
37 +0 +0 +0 -4.825258e-13
38 +0 +0 +0 -3.500713e-13
39 +0 +0 +0 -1.658010e-13
40 +0 +0 +0 -4.017797e-13
41 +0 +0 +0 -4.312379e-13
42 +0 +0 +0 -3.934531e-13
43 +0 +0 +0 -1.630781e-13
44 +0 +0 +0 -2.827966e-13
45 +0 +0 +0 -3.402552e-13
46 +0 +0 +0 -2.382142e-14
47 +0 +0 +0 -3.998883e-14
48 +0 +0 +0 +4.827615e-14
49 +0 +0 +0 +9.169269e-14
50 +0 +0 +0 +9.646991e-14
51 +0 +0 +0 +1.582652e-13
52 +0 +0 +0 +3.246973e-14
53 +0 +0 +0 +8.151373e-15
54 +0 +0 +0 -5.702193e-14
55 +0 +0 +0 -4.153054e-14
56 +0 +0 +0 -1.466819e-13
57 +0 +0 +0 -1.315711e-13
58 +0 +0 +0 -1.806390e-13
59 +0 +0 +0 -8.035203e-14
60 +0 +0 +0 -1.329574e-13
61 +0 +0 +0 -5.576534e-14
62 +0 +0 +0 -2.892210e-15
63 +0 +0 +0 -1.962706e-14
