0 +0 +0 +0 +1.364668e-08
1 +0 +0 +0 +2.561286e-08
2 +0 +0 +0 +1.427048e-08
3 +0 +0 +0 +8.250401e-09
4 +0 +0 +0 +5.139123e-09
5 +0 +0 +0 +3.217521e-09
6 +0 +0 +0 +2.024108e-09
7 +0 +0 +0 +1.289099e-09
8 +0 +0 +0 +8.587818e-10
9 +0 +0 +0 +5.757591e-10
10 +0 +0 +0 +3.919274e-10
11 +0 +0 +0 +2.485487e-10
12 +0 +0 +0 +1.720613e-10
13 +0 +0 +0 +1.194482e-10
14 +0 +0 +0 +8.258722e-11
15 +0 +0 +0 +5.271539e-11
16 +0 +0 +0 +3.956367e-11
17 +0 +0 +0 +2.584168e-11
18 +0 +0 +0 +2.061651e-11
19 +0 +0 +0 +1.340841e-11
20 +0 +0 +0 +1.072795e-11
21 +0 +0 +0 +7.622805e-12
22 +0 +0 +0 +4.843363e-12
23 +0 +0 +0 +2.456039e-12
24 +0 +0 +0 -7.687168e-14
25 +0 +0 +0 +5.081329e-13
26 +0 +0 +0 -4.466881e-13
27 +0 +0 +0 -1.721409e-12
28 +0 +0 +0 -2.254554e-12
29 +0 +0 +0 -2.271304e-12
30 +0 +0 +0 -2.549439e-12
31 +0 +0 +0 -2.489150e-12
32 +0 +0 +0 -1.845293e-12
33 +0 +0 +0 -8.847720e-13
34 +0 +0 +0 -8.965286e-13
35 +0 +0 +0 -2.680817e-13
36 +0 +0 +0 -8.072050e-14
37 +0 +0 +0 -4.395326e-13
38 +0 +0 +0 -4.093736e-13
39 +0 +0 +0 -8.660865e-13
40 +0 +0 +0 -7.324107e-13
41 +0 +0 +0 -7.998665e-13
42 +0 +0 +0 -7.392393e-13
43 +0 +0 +0 -8.235077e-13
44 +0 +0 +0 -6.825772e-13
45 +0 +0 +0 -4.458058e-13
46 +0 +0 +0 -4.323147e-13
47 +0 +0 +0 -1.169400e-13
48 +0 +0 +0 -1.673479e-13
49 +0 +0 +0 -9.825163e-14
50 +0 +0 +0 -7.834072e-14
51 +0 +0 +0 -9.706860e-14
52 +0 +0 +0 +8.549044e-14
53 +0 +0 +0 +3.925022e-14
54 +0 +0 +0 +4.627841e-14
55 +0 +0 +0 +1.027647e-13
56 +0 +0 +0 +1.740209e-13
57 +0 +0 +0 +1.459000e-13
58 +0 +0 +0 +2.637131e-13
59 +0 +0 +0 +1.676501e-13
60 +0 +0 +0 +8.155360e-14
61 +0 +0 +0 +1.026956e-13
62 +0 +0 +0 +5.921250e-14
63 +0 +0 +0 -8.848863e-15
