0 +0 +0 +0 +1.212788e-08
1 +0 +0 +0 +2.393297e-08
2 +0 +0 +0 +1.322309e-08
3 +0 +0 +0 +7.926200e-09
4 +0 +0 +0 +4.956780e-09
5 +0 +0 +0 +3.146500e-09
6 +0 +0 +0 +2.015921e-09
7 +0 +0 +0 +1.337738e-09
8 +0 +0 +0 +8.929427e-10
9 +0 +0 +0 +6.022710e-10
10 +0 +0 +0 +4.147918e-10
11 +0 +0 +0 +2.800891e-10
12 +0 +0 +0 +1.886489e-10
13 +0 +0 +0 +1.249957e-10
14 +0 +0 +0 +8.645416e-11
15 +0 +0 +0 +6.447776e-11
16 +0 +0 +0 +4.297183e-11
17 +0 +0 +0 +2.646360e-11
18 +0 +0 +0 +1.678050e-11
19 +0 +0 +0 +1.282558e-11
20 +0 +0 +0 +7.774728e-12
21 +0 +0 +0 +3.884693e-12
22 +0 +0 +0 +3.524984e-12
23 +0 +0 +0 +2.403908e-12
24 +0 +0 +0 +1.067055e-12
25 +0 +0 +0 +7.341159e-13
26 +0 +0 +0 +1.360986e-13
27 +0 +0 +0 +5.290988e-13
28 +0 +0 +0 -7.111581e-14
29 +0 +0 +0 -6.169077e-13
30 +0 +0 +0 +5.764086e-14
31 +0 +0 +0 -5.892757e-13
32 +0 +0 +0 -6.374554e-13
33 +0 +0 +0 -8.475795e-13
34 +0 +0 +0 -9.865792e-13
35 +0 +0 +0 -6.219587e-13
36 +0 +0 +0 -6.304002e-13
37 +0 +0 +0 -2.293496e-13
38 +0 +0 +0 -2.155336e-13
39 +0 +0 +0 -4.947039e-14
40 +0 +0 +0 +1.471297e-13
41 +0 +0 +0 +2.059222e-13
42 +0 +0 +0 +1.885921e-13
43 +0 +0 +0 +1.067984e-13
44 +0 +0 +0 -1.787642e-13
45 +0 +0 +0 -1.310057e-13
46 +0 +0 +0 -1.072616e-13
47 +0 +0 +0 -2.627877e-14
48 +0 +0 +0 +9.656435e-15
49 +0 +0 +0 +1.219776e-13
50 +0 +0 +0 +1.246291e-13
51 +0 +0 +0 +1.543230e-13
52 +0 +0 +0 +9.049351e-14
53 +0 +0 +0 +1.727681e-13
54 +0 +0 +0 +1.788025e-13
55 +0 +0 +0 +1.421539e-13
56 +0 +0 +0 +2.661702e-13
57 +0 +0 +0 +1.567024e-13
58 +0 +0 +0 +1.243847e-13
59 +0 +0 +0 +2.621729e-14
60 +0 +0 +0 +7.307317e-14
61 +0 +0 +0 +6.441973e-15
62 +0 +0 +0 +1.796925e-14
63 +0 +0 +0 +1.212091e-13
