0 +0 +0 +0 +1.337182e-08
1 +0 +0 +0 +2.515106e-08
2 +0 +0 +0 +1.398610e-08
3 +0 +0 +0 +8.130306e-09
4 +0 +0 +0 +4.880122e-09
5 +0 +0 +0 +3.247123e-09
6 +0 +0 +0 +2.048344e-09
7 +0 +0 +0 +1.363667e-09
8 +0 +0 +0 +9.264537e-10
9 +0 +0 +0 +6.187394e-10
10 +0 +0 +0 +4.229536e-10
11 +0 +0 +0 +2.861044e-10
12 +0 +0 +0 +1.946243e-10
13 +0 +0 +0 +1.307628e-10
14 +0 +0 +0 +9.585111e-11
15 +0 +0 +0 +6.241547e-11
16 +0 +0 +0 +4.438895e-11
17 +0 +0 +0 +3.336158e-11
18 +0 +0 +0 +2.358705e-11
19 +0 +0 +0 +1.707183e-11
20 +0 +0 +0 +1.040721e-11
21 +0 +0 +0 +9.402586e-12
22 +0 +0 +0 +7.035123e-12
23 +0 +0 +0 +3.924975e-12
24 +0 +0 +0 +1.128994e-12
25 +0 +0 +0 -1.031122e-13
26 +0 +0 +0 +3.583201e-13
27 +0 +0 +0 -2.474677e-13
28 +0 +0 +0 -2.327817e-13
29 +0 +0 +0 -7.084362e-13
30 +0 +0 +0 -6.695173e-13
31 +0 +0 +0 -6.797018e-13
32 +0 +0 +0 -1.699526e-13
33 +0 +0 +0 -6.612410e-14
34 +0 +0 +0 +2.915519e-14
35 +0 +0 +0 -1.947600e-13
36 +0 +0 +0 -1.029658e-13
37 +0 +0 +0 +2.496529e-13
38 +0 +0 +0 +1.526780e-13
39 +0 +0 +0 +3.296427e-14
40 +0 +0 +0 -3.190033e-14
41 +0 +0 +0 -2.079256e-13
42 +0 +0 +0 -5.095738e-13
43 +0 +0 +0 -3.012726e-13
44 +0 +0 +0 -5.065598e-14
45 +0 +0 +0 -1.623333e-13
46 +0 +0 +0 +3.808878e-14
47 +0 +0 +0 -1.092027e-13
48 +0 +0 +0 +1.268474e-13
49 +0 +0 +0 +1.147727e-14
50 +0 +0 +0 -9.760176e-14
51 +0 +0 +0 -1.340855e-13
52 +0 +0 +0 -1.857494e-13
53 +0 +0 +0 -1.223430e-13
54 +0 +0 +0 -5.770407e-14
55 +0 +0 +0 -2.015468e-13
56 +0 +0 +0 -2.251249e-13
57 +0 +0 +0 -1.209130e-13
58 +0 +0 +0 -2.116786e-13
59 +0 +0 +0 -2.343364e-13
60 +0 +0 +0 -2.155965e-13
61 +0 +0 +0 -2.522555e-13
62 +0 +0 +0 -2.297821e-13
63 +0 +0 +0 -1.695192e-13
