0 +0 +0 +0 +1.282707e-08
1 +0 +0 +0 +2.435342e-08
2 +0 +0 +0 +1.326550e-08
3 +0 +0 +0 +7.860036e-09
4 +0 +0 +0 +4.814248e-09
5 +0 +0 +0 +3.090199e-09
6 +0 +0 +0 +2.003478e-09
7 +0 +0 +0 +1.312664e-09
8 +0 +0 +0 +8.833264e-10
9 +0 +0 +0 +5.990610e-10
10 +0 +0 +0 +4.026338e-10
11 +0 +0 +0 +2.707480e-10
12 +0 +0 +0 +1.794597e-10
13 +0 +0 +0 +1.168689e-10
14 +0 +0 +0 +8.074747e-11
15 +0 +0 +0 +5.198606e-11
16 +0 +0 +0 +4.016007e-11
17 +0 +0 +0 +2.691858e-11
18 +0 +0 +0 +1.796256e-11
19 +0 +0 +0 +1.384513e-11
20 +0 +0 +0 +1.037623e-11
21 +0 +0 +0 +8.494262e-12
22 +0 +0 +0 +5.810392e-12
23 +0 +0 +0 +5.300116e-12
24 +0 +0 +0 +4.169946e-12
25 +0 +0 +0 +3.116565e-12
26 +0 +0 +0 +3.121135e-12
27 +0 +0 +0 +2.129414e-12
28 +0 +0 +0 +2.271941e-12
29 +0 +0 +0 +1.430001e-12
30 +0 +0 +0 +8.393304e-13
31 +0 +0 +0 +9.674601e-13
32 +0 +0 +0 +2.952298e-13
33 +0 +0 +0 +5.200101e-14
34 +0 +0 +0 +4.229519e-13
35 +0 +0 +0 -7.407203e-14
36 +0 +0 +0 -2.477444e-13
37 +0 +0 +0 -1.859244e-13
38 +0 +0 +0 -3.119527e-13
39 +0 +0 +0 -2.989707e-13
40 +0 +0 +0 -2.062121e-13
41 +0 +0 +0 +1.251632e-13
42 +0 +0 +0 +9.524778e-15
43 +0 +0 +0 -4.307228e-14
44 +0 +0 +0 -3.480995e-13
45 +0 +0 +0 -3.839418e-13
46 +0 +0 +0 -4.376299e-13
47 +0 +0 +0 -3.827909e-13
48 +0 +0 +0 -1.795541e-13
49 +0 +0 +0 +6.009692e-14
50 +0 +0 +0 +2.398459e-14
51 +0 +0 +0 +1.566020e-14
52 +0 +0 +0 +1.340187e-13
53 +0 +0 +0 +1.486517e-13
54 +0 +0 +0 +1.488041e-13
55 +0 +0 +0 +2.373578e-13
56 +0 +0 +0 +1.395117e-13
57 +0 +0 +0 +1.346523e-13
58 +0 +0 +0 +9.190236e-14
59 +0 +0 +0 +1.749076e-14
60 +0 +0 +0 +2.647229e-14
61 +0 +0 +0 +2.786592e-14
62 +0 +0 +0 +4.581098e-14
63 +0 +0 +0 +6.933257e-14
