0 +0 +0 +0 +1.370252e-08
1 +0 +0 +0 +2.452432e-08
2 +0 +0 +0 +1.345875e-08
3 +0 +0 +0 +8.010485e-09
4 +0 +0 +0 +4.931606e-09
5 +0 +0 +0 +3.086769e-09
6 +0 +0 +0 +1.985740e-09
7 +0 +0 +0 +1.275804e-09
8 +0 +0 +0 +8.300257e-10
9 +0 +0 +0 +5.685298e-10
10 +0 +0 +0 +3.665219e-10
11 +0 +0 +0 +2.524417e-10
12 +0 +0 +0 +1.746318e-10
13 +0 +0 +0 +1.225527e-10
14 +0 +0 +0 +8.034287e-11
15 +0 +0 +0 +5.187183e-11
16 +0 +0 +0 +3.541822e-11
17 +0 +0 +0 +2.656675e-11
18 +0 +0 +0 +1.783809e-11
19 +0 +0 +0 +1.116507e-11
20 +0 +0 +0 +8.106035e-12
21 +0 +0 +0 +8.709293e-12
22 +0 +0 +0 +6.800356e-12
23 +0 +0 +0 +4.631055e-12
24 +0 +0 +0 +2.833269e-12
25 +0 +0 +0 +1.852675e-12
26 +0 +0 +0 +2.968962e-13
27 +0 +0 +0 +3.516058e-13
28 +0 +0 +0 -3.340599e-13
29 +0 +0 +0 -7.387062e-13
30 +0 +0 +0 -2.831749e-14
31 +0 +0 +0 +1.724091e-13
32 +0 +0 +0 -1.176308e-13
33 +0 +0 +0 +3.194760e-13
34 +0 +0 +0 -1.367982e-13
35 +0 +0 +0 -1.703941e-13
36 +0 +0 +0 -1.410503e-13
37 +0 +0 +0 -1.263068e-13
38 +0 +0 +0 +4.872548e-14
39 +0 +0 +0 +2.438733e-14
40 +0 +0 +0 +3.226691e-13
41 +0 +0 +0 +6.334781e-13
42 +0 +0 +0 +4.876862e-13
43 +0 +0 +0 +5.430768e-13
44 +0 +0 +0 +4.147970e-13
45 +0 +0 +0 +4.077541e-13
46 +0 +0 +0 +1.939577e-13
47 +0 +0 +0 +7.885069e-14
48 +0 +0 +0 +3.703040e-14
49 +0 +0 +0 +8.101626e-14
50 +0 +0 +0 +1.543546e-13
51 +0 +0 +0 +1.191932e-13
52 +0 +0 +0 +1.776218e-13
53 +0 +0 +0 +2.955126e-14
54 +0 +0 +0 +2.497582e-15
55 +0 +0 +0 -5.662357e-14
56 +0 +0 +0 +4.009856e-14
57 +0 +0 +0 -4.465370e-14
58 +0 +0 +0 +2.375013e-14
59 +0 +0 +0 +5.252315e-14
60 +0 +0 +0 +7.751164e-14
61 +0 +0 +0 -2.842708e-14
62 +0 +0 +0 -1.002434e-13
63 +0 +0 +0 -1.034550e-13
