0 +0 +0 +0 +1.293387e-08
1 +0 +0 +0 +2.370828e-08
2 +0 +0 +0 +1.304389e-08
3 +0 +0 +0 +7.657237e-09
4 +0 +0 +0 +4.746574e-09
5 +0 +0 +0 +3.035867e-09
6 +0 +0 +0 +1.963031e-09
7 +0 +0 +0 +1.306820e-09
8 +0 +0 +0 +8.635386e-10
9 +0 +0 +0 +5.673956e-10
10 +0 +0 +0 +3.740694e-10
11 +0 +0 +0 +2.600615e-10
12 +0 +0 +0 +1.762233e-10
13 +0 +0 +0 +1.233426e-10
14 +0 +0 +0 +8.283233e-11
15 +0 +0 +0 +5.531179e-11
16 +0 +0 +0 +3.560733e-11
17 +0 +0 +0 +2.794393e-11
18 +0 +0 +0 +1.823813e-11
19 +0 +0 +0 +1.441151e-11
20 +0 +0 +0 +1.018760e-11
21 +0 +0 +0 +6.098645e-12
22 +0 +0 +0 +2.673166e-12
23 +0 +0 +0 +5.286906e-13
24 +0 +0 +0 +4.301092e-13
25 +0 +0 +0 -4.266813e-13
26 +0 +0 +0 -9.563332e-13
27 +0 +0 +0 -9.819087e-13
28 +0 +0 +0 -1.136644e-12
29 +0 +0 +0 -1.001126e-12
30 +0 +0 +0 -4.572352e-13
31 +0 +0 +0 -2.365122e-13
32 +0 +0 +0 +5.024384e-13
33 +0 +0 +0 +1.234188e-13
34 +0 +0 +0 +1.940848e-14
35 +0 +0 +0 +1.574926e-13
36 +0 +0 +0 +5.958170e-14
37 +0 +0 +0 +1.861542e-14
38 +0 +0 +0 -7.074293e-14
39 +0 +0 +0 +1.132065e-13
40 +0 +0 +0 +2.448906e-13
41 +0 +0 +0 +2.186107e-13
42 +0 +0 +0 +1.811184e-13
43 +0 +0 +0 -1.334445e-13
44 +0 +0 +0 +1.561166e-13
45 +0 +0 +0 +1.876970e-13
46 +0 +0 +0 -9.480658e-15
47 +0 +0 +0 -4.024493e-14
48 +0 +0 +0 -3.729525e-14
49 +0 +0 +0 -4.171675e-14
50 +0 +0 +0 +5.906909e-14
51 +0 +0 +0 -8.191971e-14
52 +0 +0 +0 -1.092556e-13
53 +0 +0 +0 -1.199909e-13
54 +0 +0 +0 -2.087078e-14
55 +0 +0 +0 +7.317741e-14
56 +0 +0 +0 -2.588064e-14
57 +0 +0 +0 -1.067054e-13
58 +0 +0 +0 -1.243556e-13
59 +0 +0 +0 -1.287028e-13
60 +0 +0 +0 -1.513749e-13
61 +0 +0 +0 -1.309534e-13
62 +0 +0 +0 -1.044089e-13
63 +0 +0 +0 -2.013174e-14
