0 +0 +0 +0 +1.371997e-08
1 +0 +0 +0 +2.462558e-08
2 +0 +0 +0 +1.393401e-08
3 +0 +0 +0 +8.093467e-09
4 +0 +0 +0 +5.061045e-09
5 +0 +0 +0 +3.267889e-09
6 +0 +0 +0 +2.119774e-09
7 +0 +0 +0 +1.425100e-09
8 +0 +0 +0 +9.724719e-10
9 +0 +0 +0 +6.576555e-10
10 +0 +0 +0 +4.464376e-10
11 +0 +0 +0 +3.006606e-10
12 +0 +0 +0 +2.020185e-10
13 +0 +0 +0 +1.350245e-10
14 +0 +0 +0 +9.115047e-11
15 +0 +0 +0 +6.380868e-11
16 +0 +0 +0 +3.929049e-11
17 +0 +0 +0 +2.169549e-11
18 +0 +0 +0 +1.039748e-11
19 +0 +0 +0 +3.967845e-12
20 +0 +0 +0 -9.086669e-13
21 +0 +0 +0 -2.182785e-13
22 +0 +0 +0 +2.020666e-13
23 +0 +0 +0 +9.917760e-13
24 +0 +0 +0 +4.239907e-13
25 +0 +0 +0 -1.924064e-13
26 +0 +0 +0 -4.182323e-13
27 +0 +0 +0 -2.536938e-13
28 +0 +0 +0 +6.724795e-13
29 +0 +0 +0 +1.313571e-13
30 +0 +0 +0 +8.440836e-13
31 +0 +0 +0 +6.945026e-13
32 +0 +0 +0 +4.204856e-13
33 +0 +0 +0 +1.840329e-13
34 +0 +0 +0 +1.395912e-13
35 +0 +0 +0 -8.472526e-14
36 +0 +0 +0 +2.914236e-13
37 +0 +0 +0 +2.017981e-13
38 +0 +0 +0 -2.639344e-14
39 +0 +0 +0 -2.350705e-13
40 +0 +0 +0 +1.837244e-14
41 +0 +0 +0 +9.366568e-14
42 +0 +0 +0 -3.073314e-13
43 +0 +0 +0 -3.456898e-13
44 +0 +0 +0 -3.215163e-13
45 +0 +0 +0 -2.354844e-13
46 +0 +0 +0 -2.779991e-13
47 +0 +0 +0 -3.225253e-13
48 +0 +0 +0 -1.009195e-13
49 +0 +0 +0 -2.383710e-13
50 +0 +0 +0 -1.276256e-13
51 +0 +0 +0 -1.081369e-13
52 +0 +0 +0 -1.149613e-13
53 +0 +0 +0 -6.499557e-14
54 +0 +0 +0 -1.431479e-13
55 +0 +0 +0 -7.173097e-14
56 +0 +0 +0 -7.175712e-14
57 +0 +0 +0 +7.897259e-15
58 +0 +0 +0 -7.452697e-14
59 +0 +0 +0 -8.648267e-14
60 +0 +0 +0 -1.170194e-13
61 +0 +0 +0 -9.241748e-14
62 +0 +0 +0 -7.809038e-14
63 +0 +0 +0 -8.864120e-14
