0 +0 +0 +0 +1.331332e-08
1 +0 +0 +0 +2.497857e-08
2 +0 +0 +0 +1.374877e-08
3 +0 +0 +0 +7.936950e-09
4 +0 +0 +0 +5.025643e-09
5 +0 +0 +0 +3.160321e-09
6 +0 +0 +0 +2.087544e-09
7 +0 +0 +0 +1.360534e-09
8 +0 +0 +0 +9.015201e-10
9 +0 +0 +0 +6.339251e-10
10 +0 +0 +0 +4.227367e-10
11 +0 +0 +0 +2.889296e-10
12 +0 +0 +0 +2.009307e-10
13 +0 +0 +0 +1.462753e-10
14 +0 +0 +0 +9.554216e-11
15 +0 +0 +0 +6.289623e-11
16 +0 +0 +0 +4.443235e-11
17 +0 +0 +0 +3.398895e-11
18 +0 +0 +0 +2.080238e-11
19 +0 +0 +0 +1.261842e-11
20 +0 +0 +0 +1.022215e-11
21 +0 +0 +0 +6.327673e-12
22 +0 +0 +0 +4.447339e-12
23 +0 +0 +0 +3.356445e-12
24 +0 +0 +0 +2.260981e-12
25 +0 +0 +0 +2.754710e-12
26 +0 +0 +0 +1.611422e-12
27 +0 +0 +0 +1.082794e-12
28 +0 +0 +0 +1.579037e-13
29 +0 +0 +0 +5.502174e-14
30 +0 +0 +0 -1.875036e-13
31 +0 +0 +0 -6.856531e-13
32 +0 +0 +0 -7.556317e-13
33 +0 +0 +0 -8.169541e-13
34 +0 +0 +0 -8.217629e-13
35 +0 +0 +0 -3.791840e-13
36 +0 +0 +0 -2.620830e-13
37 +0 +0 +0 -1.136466e-13
38 +0 +0 +0 -4.501613e-13
39 +0 +0 +0 -9.099351e-14
40 +0 +0 +0 +1.957673e-15
41 +0 +0 +0 -4.622480e-14
42 +0 +0 +0 -3.025183e-13
43 +0 +0 +0 -3.962729e-13
44 +0 +0 +0 -6.348439e-13
45 +0 +0 +0 -6.514681e-13
46 +0 +0 +0 -2.412774e-13
47 +0 +0 +0 -1.892129e-13
48 +0 +0 +0 +4.108057e-14
49 +0 +0 +0 +2.367820e-14
50 +0 +0 +0 +6.816525e-14
51 +0 +0 +0 +7.943987e-14
52 +0 +0 +0 +2.127870e-13
53 +0 +0 +0 +2.102712e-13
54 +0 +0 +0 +1.647917e-13
55 +0 +0 +0 +1.696413e-13
56 +0 +0 +0 +7.467441e-14
57 +0 +0 +0 +1.081510e-13
58 +0 +0 +0 +9.005219e-14
59 +0 +0 +0 +5.127356e-14
60 +0 +0 +0 -3.390995e-14
61 +0 +0 +0 -9.230539e-15
62 +0 +0 +0 -4.604222e-14
63 +0 +0 +0 -1.203804e-14
