0 +0 +0 +0 +1.261060e-08
1 +0 +0 +0 +2.390923e-08
2 +0 +0 +0 +1.323672e-08
3 +0 +0 +0 +7.814819e-09
4 +0 +0 +0 +4.783445e-09
5 +0 +0 +0 +3.043500e-09
6 +0 +0 +0 +1.969070e-09
7 +0 +0 +0 +1.329995e-09
8 +0 +0 +0 +8.910434e-10
9 +0 +0 +0 +5.932940e-10
10 +0 +0 +0 +3.994215e-10
11 +0 +0 +0 +2.677026e-10
12 +0 +0 +0 +1.821500e-10
13 +0 +0 +0 +1.251589e-10
14 +0 +0 +0 +9.079003e-11
15 +0 +0 +0 +6.329403e-11
16 +0 +0 +0 +4.176201e-11
17 +0 +0 +0 +2.660704e-11
18 +0 +0 +0 +1.559861e-11
19 +0 +0 +0 +1.222477e-11
20 +0 +0 +0 +6.564221e-12
21 +0 +0 +0 +5.961181e-12
22 +0 +0 +0 +3.987590e-12
23 +0 +0 +0 +2.706169e-12
24 +0 +0 +0 +2.211609e-12
25 +0 +0 +0 +1.009409e-12
26 +0 +0 +0 +6.047162e-13
27 +0 +0 +0 -5.655945e-14
28 +0 +0 +0 +9.031306e-13
29 +0 +0 +0 +5.088576e-13
30 +0 +0 +0 +2.830411e-13
31 +0 +0 +0 +3.778479e-14
32 +0 +0 +0 +2.755901e-13
33 +0 +0 +0 +5.417447e-14
34 +0 +0 +0 -1.956123e-13
35 +0 +0 +0 -7.613471e-13
36 +0 +0 +0 -6.893310e-13
37 +0 +0 +0 -5.766847e-13
38 +0 +0 +0 -3.627260e-13
39 +0 +0 +0 -1.195955e-13
40 +0 +0 +0 +1.333974e-13
41 +0 +0 +0 -3.741776e-14
42 +0 +0 +0 +2.692161e-13
43 +0 +0 +0 +1.825984e-13
44 +0 +0 +0 -7.466404e-14
45 +0 +0 +0 -1.015055e-13
46 +0 +0 +0 +5.915336e-14
47 +0 +0 +0 +2.481039e-13
48 +0 +0 +0 +3.289463e-13
49 +0 +0 +0 +3.447632e-13
50 +0 +0 +0 +3.515095e-13
51 +0 +0 +0 +2.543450e-13
52 +0 +0 +0 +2.063856e-13
53 +0 +0 +0 +1.914764e-13
54 +0 +0 +0 +1.483682e-13
55 +0 +0 +0 +6.581394e-14
56 +0 +0 +0 -4.698246e-14
57 +0 +0 +0 -1.043173e-13
58 +0 +0 +0 -7.289568e-14
59 +0 +0 +0 -6.540274e-14
60 +0 +0 +0 +1.940612e-14
61 +0 +0 +0 +4.621797e-14
62 +0 +0 +0 +9.060085e-14
63 +0 +0 +0 +1.111806e-13
