0 +0 +0 +0 +1.340607e-08
1 +0 +0 +0 +2.470611e-08
2 +0 +0 +0 +1.378635e-08
3 +0 +0 +0 +7.911721e-09
4 +0 +0 +0 +4.904355e-09
5 +0 +0 +0 +3.121035e-09
6 +0 +0 +0 +2.037310e-09
7 +0 +0 +0 +1.367184e-09
8 +0 +0 +0 +8.881548e-10
9 +0 +0 +0 +5.744704e-10
10 +0 +0 +0 +3.871872e-10
11 +0 +0 +0 +2.650280e-10
12 +0 +0 +0 +1.810878e-10
13 +0 +0 +0 +1.241841e-10
14 +0 +0 +0 +8.694538e-11
15 +0 +0 +0 +5.743800e-11
16 +0 +0 +0 +4.126230e-11
17 +0 +0 +0 +2.538118e-11
18 +0 +0 +0 +1.870925e-11
19 +0 +0 +0 +1.591757e-11
20 +0 +0 +0 +1.246460e-11
21 +0 +0 +0 +7.462088e-12
22 +0 +0 +0 +5.407071e-12
23 +0 +0 +0 +2.277082e-12
24 +0 +0 +0 -1.277698e-13
25 +0 +0 +0 +7.607660e-13
26 +0 +0 +0 +1.963600e-12
27 +0 +0 +0 +5.307272e-13
28 +0 +0 +0 -4.216755e-13
29 +0 +0 +0 -5.367238e-13
30 +0 +0 +0 -8.504195e-13
31 +0 +0 +0 -7.260782e-13
32 +0 +0 +0 -4.472815e-13
33 +0 +0 +0 -7.091603e-13
34 +0 +0 +0 -4.518870e-13
35 +0 +0 +0 -1.178357e-13
36 +0 +0 +0 -2.893391e-13
37 +0 +0 +0 +2.458500e-13
38 +0 +0 +0 -1.915102e-13
39 +0 +0 +0 -1.086785e-13
40 +0 +0 +0 -2.731628e-13
41 +0 +0 +0 -9.244085e-14
42 +0 +0 +0 -6.587312e-14
43 +0 +0 +0 -9.027658e-14
44 +0 +0 +0 +1.477943e-13
45 +0 +0 +0 +5.822962e-14
46 +0 +0 +0 -3.093412e-14
47 +0 +0 +0 -1.605918e-13
48 +0 +0 +0 -2.596883e-13
49 +0 +0 +0 -2.786022e-13
50 +0 +0 +0 -1.864025e-13
51 +0 +0 +0 -1.137894e-13
52 +0 +0 +0 -1.085150e-13
53 +0 +0 +0 -1.527528e-13
54 +0 +0 +0 -4.979867e-14
55 +0 +0 +0 -1.393887e-13
56 +0 +0 +0 -1.106924e-13
57 +0 +0 +0 -4.510941e-14
58 +0 +0 +0 +2.112328e-14
59 +0 +0 +0 -1.116851e-14
60 +0 +0 +0 -7.649818e-15
61 +0 +0 +0 -2.180324e-14
62 +0 +0 +0 -2.508364e-14
63 +0 +0 +0 +1.584375e-14
