0 +0 +0 +0 +1.341171e-08
1 +0 +0 +0 +2.456254e-08
2 +0 +0 +0 +1.353403e-08
3 +0 +0 +0 +8.215018e-09
4 +0 +0 +0 +5.106038e-09
5 +0 +0 +0 +3.354020e-09
6 +0 +0 +0 +2.196061e-09
7 +0 +0 +0 +1.463336e-09
8 +0 +0 +0 +9.572066e-10
9 +0 +0 +0 +6.461275e-10
10 +0 +0 +0 +4.239229e-10
11 +0 +0 +0 +2.849741e-10
12 +0 +0 +0 +1.972489e-10
13 +0 +0 +0 +1.363088e-10
14 +0 +0 +0 +9.217968e-11
15 +0 +0 +0 +6.446625e-11
16 +0 +0 +0 +4.384598e-11
17 +0 +0 +0 +3.484736e-11
18 +0 +0 +0 +2.357763e-11
19 +0 +0 +0 +1.389066e-11
20 +0 +0 +0 +8.084401e-12
21 +0 +0 +0 +7.609190e-12
22 +0 +0 +0 +6.550992e-12
23 +0 +0 +0 +3.617505e-12
24 +0 +0 +0 +2.815529e-12
25 +0 +0 +0 +1.538635e-13
26 +0 +0 +0 -7.716533e-13
27 +0 +0 +0 -6.144286e-13
28 +0 +0 +0 -5.254054e-14
29 +0 +0 +0 -4.141879e-13
30 +0 +0 +0 -7.403627e-13
31 +0 +0 +0 -1.762708e-13
32 +0 +0 +0 +4.490642e-14
33 +0 +0 +0 +3.351608e-13
34 +0 +0 +0 +7.631530e-13
35 +0 +0 +0 +6.141623e-13
36 +0 +0 +0 +7.177543e-13
37 +0 +0 +0 +6.186944e-13
38 +0 +0 +0 +5.471138e-13
39 +0 +0 +0 +5.337401e-13
40 +0 +0 +0 +2.826449e-13
41 +0 +0 +0 -1.887613e-13
42 +0 +0 +0 -2.308425e-13
43 +0 +0 +0 -3.747339e-13
44 +0 +0 +0 -3.725524e-13
45 +0 +0 +0 -1.558675e-13
46 +0 +0 +0 -2.542632e-13
47 +0 +0 +0 -1.126383e-13
48 +0 +0 +0 +8.393714e-14
49 +0 +0 +0 -4.715938e-14
50 +0 +0 +0 +6.829843e-14
51 +0 +0 +0 -4.551127e-14
52 +0 +0 +0 +1.153718e-13
53 +0 +0 +0 +1.894018e-13
54 +0 +0 +0 +2.069421e-13
55 +0 +0 +0 +1.492044e-13
56 +0 +0 +0 +1.583221e-13
57 +0 +0 +0 +1.181628e-13
58 +0 +0 +0 +8.573948e-14
59 +0 +0 +0 -2.087910e-14
60 +0 +0 +0 +3.007490e-14
61 +0 +0 +0 +6.839582e-15
62 +0 +0 +0 +2.136470e-14
63 +0 +0 +0 -6.187215e-15
