0 +0 +0 +0 +1.297956e-08
1 +0 +0 +0 +2.460634e-08
2 +0 +0 +0 +1.391239e-08
3 +0 +0 +0 +8.302343e-09
4 +0 +0 +0 +5.035340e-09
5 +0 +0 +0 +3.187053e-09
6 +0 +0 +0 +2.104482e-09
7 +0 +0 +0 +1.376976e-09
8 +0 +0 +0 +9.142201e-10
9 +0 +0 +0 +6.216512e-10
10 +0 +0 +0 +4.030456e-10
11 +0 +0 +0 +2.708861e-10
12 +0 +0 +0 +1.932523e-10
13 +0 +0 +0 +1.329218e-10
14 +0 +0 +0 +9.039622e-11
15 +0 +0 +0 +5.746927e-11
16 +0 +0 +0 +3.925313e-11
17 +0 +0 +0 +2.530506e-11
18 +0 +0 +0 +1.880314e-11
19 +0 +0 +0 +1.189872e-11
20 +0 +0 +0 +9.341580e-12
21 +0 +0 +0 +6.327322e-12
22 +0 +0 +0 +4.399794e-12
23 +0 +0 +0 +1.978229e-12
24 +0 +0 +0 +1.745083e-12
25 +0 +0 +0 +1.115985e-12
26 +0 +0 +0 +1.515581e-13
27 +0 +0 +0 +6.094895e-13
28 +0 +0 +0 -8.332591e-14
29 +0 +0 +0 -1.738238e-13
30 +0 +0 +0 +9.959556e-13
31 +0 +0 +0 +7.392525e-13
32 +0 +0 +0 +9.789666e-13
33 +0 +0 +0 +2.632748e-13
34 +0 +0 +0 +2.722131e-13
35 +0 +0 +0 +4.157493e-13
36 +0 +0 +0 +4.435064e-13
37 +0 +0 +0 +1.995303e-13
38 +0 +0 +0 +5.574261e-13
39 +0 +0 +0 +2.926429e-13
40 +0 +0 +0 +5.209140e-13
41 +0 +0 +0 +6.466985e-13
42 +0 +0 +0 +4.501434e-13
43 +0 +0 +0 +4.269102e-13
44 +0 +0 +0 +4.792961e-13
45 +0 +0 +0 +3.368829e-13
46 +0 +0 +0 +2.415922e-13
47 +0 +0 +0 +3.021981e-13
48 +0 +0 +0 +2.625928e-13
49 +0 +0 +0 +2.011620e-13
50 +0 +0 +0 +2.322361e-13
51 +0 +0 +0 +1.419923e-13
52 +0 +0 +0 +8.526955e-14
53 +0 +0 +0 +6.590982e-14
54 +0 +0 +0 +6.844742e-14
55 +0 +0 +0 +4.150814e-14
56 +0 +0 +0 +4.028704e-14
57 +0 +0 +0 +1.958675e-14
58 +0 +0 +0 +4.092674e-14
59 +0 +0 +0 +7.726667e-14
60 +0 +0 +0 +1.336391e-13
61 +0 +0 +0 +5.121316e-14
62 +0 +0 +0 +4.901448e-14
63 +0 +0 +0 -2.108045e-14
