0 +0 +0 +0 +1.320358e-08
1 +0 +0 +0 +2.395753e-08
2 +0 +0 +0 +1.339546e-08
3 +0 +0 +0 +7.901363e-09
4 +0 +0 +0 +4.947885e-09
5 +0 +0 +0 +3.139021e-09
6 +0 +0 +0 +2.003491e-09
7 +0 +0 +0 +1.331274e-09
8 +0 +0 +0 +8.613011e-10
9 +0 +0 +0 +5.644652e-10
10 +0 +0 +0 +3.751317e-10
11 +0 +0 +0 +2.481043e-10
12 +0 +0 +0 +1.713523e-10
13 +0 +0 +0 +1.101698e-10
14 +0 +0 +0 +7.928979e-11
15 +0 +0 +0 +5.247399e-11
16 +0 +0 +0 +3.129926e-11
17 +0 +0 +0 +2.326210e-11
18 +0 +0 +0 +1.664909e-11
19 +0 +0 +0 +1.159639e-11
20 +0 +0 +0 +7.108108e-12
21 +0 +0 +0 +7.487285e-12
22 +0 +0 +0 +4.995989e-12
23 +0 +0 +0 +3.793089e-12
24 +0 +0 +0 +2.647455e-12
25 +0 +0 +0 +2.850179e-12
26 +0 +0 +0 +2.056379e-12
27 +0 +0 +0 +1.648182e-12
28 +0 +0 +0 +4.030858e-13
29 +0 +0 +0 +3.826510e-13
30 +0 +0 +0 +3.125259e-13
31 +0 +0 +0 -8.429702e-14
32 +0 +0 +0 -6.350304e-13
33 +0 +0 +0 -8.693183e-13
34 +0 +0 +0 -4.424365e-13
35 +0 +0 +0 -7.861047e-14
36 +0 +0 +0 +2.289273e-13
37 +0 +0 +0 +1.280008e-13
38 +0 +0 +0 +5.453638e-13
39 +0 +0 +0 +6.353247e-13
40 +0 +0 +0 +4.057865e-13
41 +0 +0 +0 +3.099349e-13
42 +0 +0 +0 +2.956212e-13
43 +0 +0 +0 +2.607477e-13
44 +0 +0 +0 +1.879075e-13
45 +0 +0 +0 +6.334728e-14
46 +0 +0 +0 -1.476230e-14
47 +0 +0 +0 +1.089213e-13
48 +0 +0 +0 -1.040844e-13
49 +0 +0 +0 +1.057336e-14
50 +0 +0 +0 -1.081232e-13
51 +0 +0 +0 -8.133439e-14
52 +0 +0 +0 -7.682387e-14
53 +0 +0 +0 -1.023805e-13
54 +0 +0 +0 -2.650000e-14
55 +0 +0 +0 -5.354097e-14
56 +0 +0 +0 +2.315533e-14
57 +0 +0 +0 +9.543028e-14
58 +0 +0 +0 +8.486363e-14
59 +0 +0 +0 +3.009858e-14
60 +0 +0 +0 +8.455975e-14
61 +0 +0 +0 +7.500558e-14
62 +0 +0 +0 +3.597653e-15
63 +0 +0 +0 +1.969966e-14
