0 +0 +0 +0 +1.325476e-08
1 +0 +0 +0 +2.412418e-08
2 +0 +0 +0 +1.375502e-08
3 +0 +0 +0 +8.203301e-09
4 +0 +0 +0 +5.178514e-09
5 +0 +0 +0 +3.331114e-09
6 +0 +0 +0 +2.103926e-09
7 +0 +0 +0 +1.437971e-09
8 +0 +0 +0 +9.363207e-10
9 +0 +0 +0 +6.209100e-10
10 +0 +0 +0 +4.229185e-10
11 +0 +0 +0 +2.790597e-10
12 +0 +0 +0 +1.874898e-10
13 +0 +0 +0 +1.302122e-10
14 +0 +0 +0 +8.783760e-11
15 +0 +0 +0 +6.734149e-11
16 +0 +0 +0 +5.062827e-11
17 +0 +0 +0 +3.114281e-11
18 +0 +0 +0 +2.122593e-11
19 +0 +0 +0 +1.485504e-11
20 +0 +0 +0 +1.118350e-11
21 +0 +0 +0 +6.967392e-12
22 +0 +0 +0 +2.104664e-12
23 +0 +0 +0 +1.996603e-12
24 +0 +0 +0 -5.757087e-13
25 +0 +0 +0 -4.882572e-13
26 +0 +0 +0 -1.586148e-13
27 +0 +0 +0 +7.186463e-13
28 +0 +0 +0 +7.332106e-13
29 +0 +0 +0 +4.127128e-13
30 +0 +0 +0 +8.198507e-13
31 +0 +0 +0 +3.321261e-14
32 +0 +0 +0 -6.977139e-13
33 +0 +0 +0 -2.639252e-13
34 +0 +0 +0 -6.403065e-13
35 +0 +0 +0 -5.664204e-13
36 +0 +0 +0 -7.672213e-13
37 +0 +0 +0 -3.804316e-13
38 +0 +0 +0 -4.087368e-13
39 +0 +0 +0 -3.554837e-13
40 +0 +0 +0 -4.968083e-13
41 +0 +0 +0 -4.383337e-13
42 +0 +0 +0 -1.685910e-13
43 +0 +0 +0 -2.309497e-13
44 +0 +0 +0 +6.601207e-14
45 +0 +0 +0 +1.267974e-13
46 +0 +0 +0 +9.583317e-14
47 +0 +0 +0 +3.583889e-14
48 +0 +0 +0 +9.156620e-14
49 +0 +0 +0 -2.715695e-14
50 +0 +0 +0 +2.824364e-14
51 +0 +0 +0 -1.496605e-14
52 +0 +0 +0 +6.156945e-14
53 +0 +0 +0 -6.642780e-14
54 +0 +0 +0 -7.354663e-14
55 +0 +0 +0 +5.287203e-14
56 +0 +0 +0 -4.489646e-14
57 +0 +0 +0 -5.019597e-14
58 +0 +0 +0 +1.253975e-13
59 +0 +0 +0 +1.408676e-13
60 +0 +0 +0 +1.934104e-13
61 +0 +0 +0 +1.346676e-13
62 +0 +0 +0 +2.113237e-13
63 +0 +0 +0 +2.231272e-13
