0 +0 +0 +0 +1.234739e-08
1 +0 +0 +0 +2.393295e-08
2 +0 +0 +0 +1.316558e-08
3 +0 +0 +0 +7.766343e-09
4 +0 +0 +0 +4.752218e-09
5 +0 +0 +0 +2.985719e-09
6 +0 +0 +0 +1.949087e-09
7 +0 +0 +0 +1.293024e-09
8 +0 +0 +0 +8.567781e-10
9 +0 +0 +0 +5.817009e-10
10 +0 +0 +0 +4.044129e-10
11 +0 +0 +0 +2.810572e-10
12 +0 +0 +0 +1.942509e-10
13 +0 +0 +0 +1.292699e-10
14 +0 +0 +0 +9.206938e-11
15 +0 +0 +0 +6.056949e-11
16 +0 +0 +0 +3.894680e-11
17 +0 +0 +0 +2.581687e-11
18 +0 +0 +0 +1.717206e-11
19 +0 +0 +0 +8.422168e-12
20 +0 +0 +0 +3.217941e-12
21 +0 +0 +0 +2.931705e-12
22 +0 +0 +0 +1.922077e-12
23 +0 +0 +0 +1.621962e-12
24 +0 +0 +0 +1.063369e-12
25 +0 +0 +0 +1.186115e-12
26 +0 +0 +0 +4.114677e-13
27 +0 +0 +0 +3.431349e-14
28 +0 +0 +0 -2.879815e-13
29 +0 +0 +0 +9.270921e-14
30 +0 +0 +0 +8.481539e-13
31 +0 +0 +0 +7.000387e-13
32 +0 +0 +0 +5.541740e-13
33 +0 +0 +0 +5.905472e-13
34 +0 +0 +0 +1.768773e-13
35 +0 +0 +0 -2.921244e-14
36 +0 +0 +0 +1.297100e-13
37 +0 +0 +0 +9.101625e-14
38 +0 +0 +0 +9.384255e-14
39 +0 +0 +0 +3.423891e-14
40 +0 +0 +0 +1.395141e-13
41 +0 +0 +0 +1.125970e-13
42 +0 +0 +0 +8.307772e-14
43 +0 +0 +0 -3.994931e-15
44 +0 +0 +0 -1.540588e-14
45 +0 +0 +0 -2.031802e-13
46 +0 +0 +0 -1.524442e-13
47 +0 +0 +0 -1.331917e-13
48 +0 +0 +0 +6.810162e-14
49 +0 +0 +0 -1.574489e-13
50 +0 +0 +0 -2.233413e-13
51 +0 +0 +0 -3.670361e-13
52 +0 +0 +0 -3.433120e-13
53 +0 +0 +0 -1.818634e-13
54 +0 +0 +0 -1.946669e-13
55 +0 +0 +0 -1.155735e-13
56 +0 +0 +0 -1.552645e-13
57 +0 +0 +0 -3.387801e-14
58 +0 +0 +0 -7.274252e-14
59 +0 +0 +0 -9.346579e-14
60 +0 +0 +0 -6.708606e-14
61 +0 +0 +0 -1.133317e-13
62 +0 +0 +0 -4.766462e-14
63 +0 +0 +0 -1.583599e-15
