0 +0 +0 +0 +1.404531e-08
1 +0 +0 +0 +2.455264e-08
2 +0 +0 +0 +1.357795e-08
3 +0 +0 +0 +7.892454e-09
4 +0 +0 +0 +4.926805e-09
5 +0 +0 +0 +3.113996e-09
6 +0 +0 +0 +2.006724e-09
7 +0 +0 +0 +1.314070e-09
8 +0 +0 +0 +8.581388e-10
9 +0 +0 +0 +5.652254e-10
10 +0 +0 +0 +3.814561e-10
11 +0 +0 +0 +2.502305e-10
12 +0 +0 +0 +1.764988e-10
13 +0 +0 +0 +1.171262e-10
14 +0 +0 +0 +7.448860e-11
15 +0 +0 +0 +5.435215e-11
16 +0 +0 +0 +3.963177e-11
17 +0 +0 +0 +2.545658e-11
18 +0 +0 +0 +1.724732e-11
19 +0 +0 +0 +1.154827e-11
20 +0 +0 +0 +8.667788e-12
21 +0 +0 +0 +5.930765e-12
22 +0 +0 +0 +3.368437e-12
23 +0 +0 +0 +3.903237e-12
24 +0 +0 +0 +1.832271e-12
25 +0 +0 +0 +1.397239e-12
26 +0 +0 +0 +1.256688e-12
27 +0 +0 +0 -1.541421e-13
28 +0 +0 +0 +2.839026e-13
29 +0 +0 +0 +3.656318e-13
30 +0 +0 +0 -3.253002e-13
31 +0 +0 +0 -9.285959e-13
32 +0 +0 +0 -9.317989e-13
33 +0 +0 +0 -1.344954e-12
34 +0 +0 +0 -1.147368e-12
35 +0 +0 +0 -2.532577e-13
36 +0 +0 +0 +9.344984e-14
37 +0 +0 +0 +4.091629e-13
38 +0 +0 +0 +1.395360e-13
39 +0 +0 +0 +7.122429e-14
40 +0 +0 +0 +1.790170e-14
41 +0 +0 +0 -1.531908e-13
42 +0 +0 +0 -2.954477e-13
43 +0 +0 +0 -2.809804e-13
44 +0 +0 +0 -3.182044e-13
45 +0 +0 +0 -2.629966e-13
46 +0 +0 +0 -1.712539e-13
47 +0 +0 +0 -1.794302e-13
48 +0 +0 +0 -2.900859e-13
49 +0 +0 +0 -2.577591e-13
50 +0 +0 +0 -1.621760e-13
51 +0 +0 +0 -6.942382e-14
52 +0 +0 +0 -5.931514e-14
53 +0 +0 +0 -5.923688e-14
54 +0 +0 +0 -1.950781e-14
55 +0 +0 +0 +1.014989e-13
56 +0 +0 +0 +2.628328e-14
57 +0 +0 +0 -1.824790e-14
58 +0 +0 +0 +7.611242e-15
59 +0 +0 +0 -3.455291e-14
60 +0 +0 +0 -3.631784e-14
61 +0 +0 +0 -1.082485e-13
62 +0 +0 +0 -4.086226e-14
63 +0 +0 +0 -1.385953e-13
