0 +0 +0 +0 +1.386853e-08
1 +0 +0 +0 +2.551599e-08
2 +0 +0 +0 +1.426299e-08
3 +0 +0 +0 +8.335447e-09
4 +0 +0 +0 +5.222753e-09
5 +0 +0 +0 +3.304720e-09
6 +0 +0 +0 +2.124337e-09
7 +0 +0 +0 +1.391773e-09
8 +0 +0 +0 +9.155451e-10
9 +0 +0 +0 +6.182364e-10
10 +0 +0 +0 +4.093907e-10
11 +0 +0 +0 +2.837139e-10
12 +0 +0 +0 +1.903612e-10
13 +0 +0 +0 +1.276887e-10
14 +0 +0 +0 +8.591580e-11
15 +0 +0 +0 +5.814964e-11
16 +0 +0 +0 +3.859347e-11
17 +0 +0 +0 +2.693364e-11
18 +0 +0 +0 +1.704548e-11
19 +0 +0 +0 +9.329628e-12
20 +0 +0 +0 +5.105182e-12
21 +0 +0 +0 +1.880796e-12
22 +0 +0 +0 -9.734712e-13
23 +0 +0 +0 -7.561342e-13
24 +0 +0 +0 -2.947980e-13
25 +0 +0 +0 +8.780410e-13
26 +0 +0 +0 -5.182273e-14
27 +0 +0 +0 +4.000947e-13
28 +0 +0 +0 -2.098718e-13
29 +0 +0 +0 -6.280481e-13
30 +0 +0 +0 -3.697412e-13
31 +0 +0 +0 +3.410572e-13
32 +0 +0 +0 +4.930962e-13
33 +0 +0 +0 +5.773377e-13
34 +0 +0 +0 +4.519806e-13
35 +0 +0 +0 +4.018015e-13
36 +0 +0 +0 +5.088010e-13
37 +0 +0 +0 +6.942206e-13
38 +0 +0 +0 +7.013070e-13
39 +0 +0 +0 +7.608255e-13
40 +0 +0 +0 +9.758439e-13
41 +0 +0 +0 +7.257549e-13
42 +0 +0 +0 +4.614334e-13
43 +0 +0 +0 +5.265227e-13
44 +0 +0 +0 +2.485328e-13
45 +0 +0 +0 +1.422432e-13
46 +0 +0 +0 +1.150575e-13
47 +0 +0 +0 +4.858142e-14
48 +0 +0 +0 +1.176555e-13
49 +0 +0 +0 +2.126533e-13
50 +0 +0 +0 +1.384573e-13
51 +0 +0 +0 +1.342751e-13
52 +0 +0 +0 +6.051716e-14
53 +0 +0 +0 +2.854984e-13
54 +0 +0 +0 +2.315236e-13
55 +0 +0 +0 +2.467117e-14
56 +0 +0 +0 +5.772586e-15
57 +0 +0 +0 -5.210004e-14
58 +0 +0 +0 +6.072154e-14
59 +0 +0 +0 +9.122164e-14
60 +0 +0 +0 +1.149913e-13
61 +0 +0 +0 +9.657260e-14
62 +0 +0 +0 +8.569983e-14
63 +0 +0 +0 +9.000489e-14
