0 +0 +0 +0 +1.323789e-08
1 +0 +0 +0 +2.383221e-08
2 +0 +0 +0 +1.344172e-08
3 +0 +0 +0 +7.802182e-09
4 +0 +0 +0 +4.798294e-09
5 +0 +0 +0 +3.086974e-09
6 +0 +0 +0 +1.995885e-09
7 +0 +0 +0 +1.320090e-09
8 +0 +0 +0 +8.846556e-10
9 +0 +0 +0 +5.928502e-10
10 +0 +0 +0 +4.196677e-10
11 +0 +0 +0 +2.782225e-10
12 +0 +0 +0 +1.887365e-10
13 +0 +0 +0 +1.252934e-10
14 +0 +0 +0 +8.318719e-11
15 +0 +0 +0 +5.281376e-11
16 +0 +0 +0 +3.802822e-11
17 +0 +0 +0 +2.625306e-11
18 +0 +0 +0 +1.710670e-11
19 +0 +0 +0 +1.106094e-11
20 +0 +0 +0 +5.920300e-12
21 +0 +0 +0 +3.808067e-12
22 +0 +0 +0 +2.899992e-12
23 +0 +0 +0 +1.592562e-12
24 +0 +0 +0 +1.720083e-13
25 +0 +0 +0 +9.646855e-14
26 +0 +0 +0 +5.991271e-13
27 +0 +0 +0 +2.312800e-13
28 +0 +0 +0 +1.496770e-14
29 +0 +0 +0 +5.000642e-13
30 +0 +0 +0 -2.681765e-13
31 +0 +0 +0 -4.542834e-13
32 +0 +0 +0 -3.805278e-14
33 +0 +0 +0 -3.162098e-13
34 +0 +0 +0 -5.858662e-14
35 +0 +0 +0 -1.370834e-13
36 +0 +0 +0 -1.420298e-13
37 +0 +0 +0 -2.892642e-13
38 +0 +0 +0 -4.717323e-13
39 +0 +0 +0 -5.361493e-13
40 +0 +0 +0 -6.226211e-13
41 +0 +0 +0 -2.561951e-13
42 +0 +0 +0 -2.913887e-13
43 +0 +0 +0 -3.669288e-13
44 +0 +0 +0 -1.456294e-13
45 +0 +0 +0 -3.438314e-13
46 +0 +0 +0 -4.398870e-13
47 +0 +0 +0 -3.671911e-13
48 +0 +0 +0 -1.882001e-13
49 +0 +0 +0 -5.484812e-14
50 +0 +0 +0 +7.381397e-14
51 +0 +0 +0 +1.008165e-13
52 +0 +0 +0 +5.390995e-14
53 +0 +0 +0 +2.322606e-13
54 +0 +0 +0 +2.495650e-13
55 +0 +0 +0 +1.188769e-13
56 +0 +0 +0 +1.304636e-13
57 +0 +0 +0 +1.393102e-13
58 +0 +0 +0 +1.455218e-13
59 +0 +0 +0 +1.513282e-13
60 +0 +0 +0 +1.143146e-13
61 +0 +0 +0 +6.165823e-14
62 +0 +0 +0 +3.967186e-14
63 +0 +0 +0 -8.567434e-16
