0 +0 +0 +0 +1.272006e-08
1 +0 +0 +0 +2.428108e-08
2 +0 +0 +0 +1.330172e-08
3 +0 +0 +0 +7.720593e-09
4 +0 +0 +0 +4.817867e-09
5 +0 +0 +0 +3.130578e-09
6 +0 +0 +0 +2.030495e-09
7 +0 +0 +0 +1.356626e-09
8 +0 +0 +0 +8.924859e-10
9 +0 +0 +0 +5.951967e-10
10 +0 +0 +0 +3.912207e-10
11 +0 +0 +0 +2.626721e-10
12 +0 +0 +0 +1.765380e-10
13 +0 +0 +0 +1.214351e-10
14 +0 +0 +0 +8.738411e-11
15 +0 +0 +0 +5.975904e-11
16 +0 +0 +0 +4.252571e-11
17 +0 +0 +0 +2.730509e-11
18 +0 +0 +0 +2.020934e-11
19 +0 +0 +0 +1.365023e-11
20 +0 +0 +0 +8.548200e-12
21 +0 +0 +0 +3.542259e-12
22 +0 +0 +0 +2.314804e-12
23 +0 +0 +0 +6.547568e-13
24 +0 +0 +0 +1.642914e-12
25 +0 +0 +0 +8.063342e-13
26 +0 +0 +0 -7.862177e-13
27 +0 +0 +0 -9.510146e-13
28 +0 +0 +0 -1.033891e-12
29 +0 +0 +0 -8.527538e-13
30 +0 +0 +0 -3.517809e-13
31 +0 +0 +0 -3.120977e-13
32 +0 +0 +0 -7.955389e-13
33 +0 +0 +0 -4.937723e-13
34 +0 +0 +0 -2.800563e-13
35 +0 +0 +0 -4.423860e-13
36 +0 +0 +0 -8.621617e-14
37 +0 +0 +0 +1.625262e-13
38 +0 +0 +0 +3.475314e-13
39 +0 +0 +0 +3.197754e-13
40 +0 +0 +0 +2.954778e-13
41 +0 +0 +0 +9.710342e-14
42 +0 +0 +0 +1.148149e-13
43 +0 +0 +0 +1.593386e-13
44 +0 +0 +0 +1.716030e-13
45 +0 +0 +0 +3.021968e-13
46 +0 +0 +0 +1.225087e-13
47 +0 +0 +0 +3.354281e-13
48 +0 +0 +0 +1.461175e-13
49 +0 +0 +0 +1.665131e-13
50 +0 +0 +0 +2.950374e-13
51 +0 +0 +0 +2.822371e-13
52 +0 +0 +0 +3.704818e-13
53 +0 +0 +0 +2.315695e-13
54 +0 +0 +0 +2.784566e-13
55 +0 +0 +0 +3.122429e-13
56 +0 +0 +0 +2.286737e-13
57 +0 +0 +0 +6.200425e-14
58 +0 +0 +0 +9.720981e-14
59 +0 +0 +0 +9.272404e-14
60 +0 +0 +0 -2.199151e-14
61 +0 +0 +0 -4.829785e-14
62 +0 +0 +0 +4.462551e-15
63 +0 +0 +0 +1.936125e-13
