0 +0 +0 +0 +1.262498e-08
1 +0 +0 +0 +2.499223e-08
2 +0 +0 +0 +1.403435e-08
3 +0 +0 +0 +8.226045e-09
4 +0 +0 +0 +5.088883e-09
5 +0 +0 +0 +3.275084e-09
6 +0 +0 +0 +2.144908e-09
7 +0 +0 +0 +1.416763e-09
8 +0 +0 +0 +9.480949e-10
9 +0 +0 +0 +6.220541e-10
10 +0 +0 +0 +3.977821e-10
11 +0 +0 +0 +2.689401e-10
12 +0 +0 +0 +1.854258e-10
13 +0 +0 +0 +1.221951e-10
14 +0 +0 +0 +8.920399e-11
15 +0 +0 +0 +6.351953e-11
16 +0 +0 +0 +4.513917e-11
17 +0 +0 +0 +3.023805e-11
18 +0 +0 +0 +2.222214e-11
19 +0 +0 +0 +1.326296e-11
20 +0 +0 +0 +9.748851e-12
21 +0 +0 +0 +7.524496e-12
22 +0 +0 +0 +6.626709e-12
23 +0 +0 +0 +6.086878e-12
24 +0 +0 +0 +4.072485e-12
25 +0 +0 +0 +2.387397e-12
26 +0 +0 +0 +7.486437e-13
27 +0 +0 +0 +3.725444e-13
28 +0 +0 +0 +7.668970e-13
29 +0 +0 +0 +9.644901e-13
30 +0 +0 +0 +1.392998e-12
31 +0 +0 +0 +2.066739e-12
32 +0 +0 +0 +2.024014e-12
33 +0 +0 +0 +2.458962e-12
34 +0 +0 +0 +1.762032e-12
35 +0 +0 +0 +1.447427e-12
36 +0 +0 +0 +1.288583e-12
37 +0 +0 +0 +1.320862e-12
38 +0 +0 +0 +1.194617e-12
39 +0 +0 +0 +1.138211e-12
40 +0 +0 +0 +7.596306e-13
41 +0 +0 +0 +7.364939e-13
42 +0 +0 +0 +6.920318e-13
43 +0 +0 +0 +4.335905e-13
44 +0 +0 +0 +4.441891e-13
45 +0 +0 +0 +2.190650e-13
46 +0 +0 +0 +1.510641e-13
47 +0 +0 +0 +3.484120e-14
48 +0 +0 +0 +2.024601e-14
49 +0 +0 +0 +1.040599e-13
50 +0 +0 +0 +1.529961e-13
51 +0 +0 +0 +1.023195e-13
52 +0 +0 +0 +2.526925e-14
53 +0 +0 +0 +1.157884e-13
54 +0 +0 +0 +3.767103e-14
55 +0 +0 +0 +7.737816e-14
56 +0 +0 +0 +1.717329e-13
57 +0 +0 +0 +1.116140e-13
58 +0 +0 +0 +1.235947e-13
59 +0 +0 +0 +1.114443e-13
60 +0 +0 +0 +5.865101e-14
61 +0 +0 +0 +6.350199e-14
62 +0 +0 +0 -3.261933e-14
63 +0 +0 +0 +3.991823e-14
