0 +0 +0 +0 +1.287972e-08
1 +0 +0 +0 +2.317718e-08
2 +0 +0 +0 +1.294799e-08
3 +0 +0 +0 +7.629680e-09
4 +0 +0 +0 +4.719647e-09
5 +0 +0 +0 +3.049803e-09
6 +0 +0 +0 +1.928577e-09
7 +0 +0 +0 +1.252299e-09
8 +0 +0 +0 +8.227895e-10
9 +0 +0 +0 +5.407245e-10
10 +0 +0 +0 +3.585293e-10
11 +0 +0 +0 +2.429730e-10
12 +0 +0 +0 +1.648282e-10
13 +0 +0 +0 +1.105994e-10
14 +0 +0 +0 +7.786418e-11
15 +0 +0 +0 +5.906853e-11
16 +0 +0 +0 +3.775246e-11
17 +0 +0 +0 +2.818964e-11
18 +0 +0 +0 +2.109659e-11
19 +0 +0 +0 +1.298709e-11
20 +0 +0 +0 +7.889176e-12
21 +0 +0 +0 +3.562939e-12
22 +0 +0 +0 +2.575499e-12
23 +0 +0 +0 +1.315358e-12
24 +0 +0 +0 -4.063581e-14
25 +0 +0 +0 -1.674262e-13
26 +0 +0 +0 -1.050514e-12
27 +0 +0 +0 -3.553096e-13
28 +0 +0 +0 -7.932712e-13
29 +0 +0 +0 -3.984430e-13
30 +0 +0 +0 -2.759065e-13
31 +0 +0 +0 -3.742072e-13
32 +0 +0 +0 +2.703212e-13
33 +0 +0 +0 +2.857618e-13
34 +0 +0 +0 +5.776386e-13
35 +0 +0 +0 +6.113478e-13
36 +0 +0 +0 +5.760176e-13
37 +0 +0 +0 +2.228571e-13
38 +0 +0 +0 +3.195945e-13
39 +0 +0 +0 +2.207865e-14
40 +0 +0 +0 +2.361054e-13
41 +0 +0 +0 +2.002273e-13
42 +0 +0 +0 +1.933209e-15
43 +0 +0 +0 -2.038864e-13
44 +0 +0 +0 -1.024674e-13
45 +0 +0 +0 -7.484635e-14
46 +0 +0 +0 -4.587180e-14
47 +0 +0 +0 -1.071123e-13
48 +0 +0 +0 -6.445475e-14
49 +0 +0 +0 +1.732519e-13
50 +0 +0 +0 +1.278070e-13
51 +0 +0 +0 +2.162809e-13
52 +0 +0 +0 +2.298749e-13
53 +0 +0 +0 +2.746928e-13
54 +0 +0 +0 +2.575858e-13
55 +0 +0 +0 -9.060615e-15
56 +0 +0 +0 -1.270904e-13
57 +0 +0 +0 -9.940320e-14
58 +0 +0 +0 -1.999564e-13
59 +0 +0 +0 -8.425712e-14
60 +0 +0 +0 -3.481717e-14
61 +0 +0 +0 -3.957440e-14
62 +0 +0 +0 -7.974922e-14
63 +0 +0 +0 -7.606285e-15
