0 +0 +0 +0 +1.336681e-08
1 +0 +0 +0 +2.471319e-08
2 +0 +0 +0 +1.345831e-08
3 +0 +0 +0 +7.975187e-09
4 +0 +0 +0 +4.947190e-09
5 +0 +0 +0 +3.205667e-09
6 +0 +0 +0 +2.083762e-09
7 +0 +0 +0 +1.336134e-09
8 +0 +0 +0 +8.911199e-10
9 +0 +0 +0 +5.765203e-10
10 +0 +0 +0 +3.978193e-10
11 +0 +0 +0 +2.721852e-10
12 +0 +0 +0 +1.823125e-10
13 +0 +0 +0 +1.294180e-10
14 +0 +0 +0 +9.022129e-11
15 +0 +0 +0 +5.778800e-11
16 +0 +0 +0 +4.106278e-11
17 +0 +0 +0 +2.726508e-11
18 +0 +0 +0 +1.837366e-11
19 +0 +0 +0 +1.569503e-11
20 +0 +0 +0 +1.193436e-11
21 +0 +0 +0 +8.912300e-12
22 +0 +0 +0 +6.115016e-12
23 +0 +0 +0 +4.195904e-12
24 +0 +0 +0 +4.518626e-12
25 +0 +0 +0 +2.330667e-12
26 +0 +0 +0 +7.265690e-13
27 +0 +0 +0 +1.169331e-12
28 +0 +0 +0 +8.239941e-13
29 +0 +0 +0 +3.569384e-13
30 +0 +0 +0 +1.022581e-13
31 +0 +0 +0 +1.995645e-13
32 +0 +0 +0 +3.404324e-13
33 +0 +0 +0 +6.371813e-13
34 +0 +0 +0 +4.667429e-13
35 +0 +0 +0 +6.922352e-13
36 +0 +0 +0 +7.348282e-13
37 +0 +0 +0 +5.474488e-13
38 +0 +0 +0 +6.217895e-13
39 +0 +0 +0 +5.084313e-13
40 +0 +0 +0 +5.543940e-13
41 +0 +0 +0 +3.449920e-13
42 +0 +0 +0 +4.046976e-13
43 +0 +0 +0 +4.447150e-13
44 +0 +0 +0 +3.364425e-13
45 +0 +0 +0 +3.717407e-13
46 +0 +0 +0 +2.132604e-13
47 +0 +0 +0 +1.705266e-13
48 +0 +0 +0 +1.830899e-13
49 +0 +0 +0 +8.489633e-14
50 +0 +0 +0 +1.397846e-13
51 +0 +0 +0 +1.459856e-13
52 +0 +0 +0 +1.969370e-14
53 +0 +0 +0 -1.069174e-13
54 +0 +0 +0 -9.040877e-14
55 +0 +0 +0 -1.046988e-13
56 +0 +0 +0 -8.143747e-14
57 +0 +0 +0 -1.821683e-13
58 +0 +0 +0 -1.657471e-13
59 +0 +0 +0 -1.268321e-13
60 +0 +0 +0 -1.457009e-13
61 +0 +0 +0 -1.598424e-13
62 +0 +0 +0 -9.958678e-14
63 +0 +0 +0 -8.012295e-14
