0 +0 +0 +0 +1.412338e-08
1 +0 +0 +0 +2.473558e-08
2 +0 +0 +0 +1.374440e-08
3 +0 +0 +0 +8.121053e-09
4 +0 +0 +0 +4.949608e-09
5 +0 +0 +0 +3.142699e-09
6 +0 +0 +0 +2.028359e-09
7 +0 +0 +0 +1.331753e-09
8 +0 +0 +0 +8.814212e-10
9 +0 +0 +0 +6.038269e-10
10 +0 +0 +0 +4.017131e-10
11 +0 +0 +0 +2.723336e-10
12 +0 +0 +0 +1.867729e-10
13 +0 +0 +0 +1.246719e-10
14 +0 +0 +0 +8.598993e-11
15 +0 +0 +0 +5.697264e-11
16 +0 +0 +0 +3.916265e-11
17 +0 +0 +0 +2.639592e-11
18 +0 +0 +0 +1.652500e-11
19 +0 +0 +0 +1.017025e-11
20 +0 +0 +0 +5.956951e-12
21 +0 +0 +0 +2.560357e-12
22 +0 +0 +0 +2.425666e-12
23 +0 +0 +0 +2.153976e-12
24 +0 +0 +0 -1.499879e-12
25 +0 +0 +0 -6.458660e-13
26 +0 +0 +0 -4.713109e-13
27 +0 +0 +0 -4.311132e-13
28 +0 +0 +0 -8.265015e-13
29 +0 +0 +0 -1.364023e-12
30 +0 +0 +0 -1.258440e-12
31 +0 +0 +0 -1.246405e-13
32 +0 +0 +0 +1.208378e-13
33 +0 +0 +0 +1.345930e-13
34 +0 +0 +0 +2.600434e-13
35 +0 +0 +0 +5.693477e-13
36 +0 +0 +0 +2.669280e-13
37 +0 +0 +0 -2.406819e-14
38 +0 +0 +0 +3.117957e-13
39 +0 +0 +0 +1.779932e-13
40 +0 +0 +0 +7.280806e-14
41 +0 +0 +0 +1.853787e-13
42 +0 +0 +0 +1.520204e-13
43 +0 +0 +0 +1.566730e-13
44 +0 +0 +0 -5.727291e-14
45 +0 +0 +0 +2.719084e-14
46 +0 +0 +0 +2.617507e-13
47 +0 +0 +0 +2.872591e-13
48 +0 +0 +0 +1.145774e-13
49 +0 +0 +0 -7.951557e-14
50 +0 +0 +0 +1.017493e-14
51 +0 +0 +0 -5.021708e-14
52 +0 +0 +0 -4.692104e-14
53 +0 +0 +0 +4.170506e-14
54 +0 +0 +0 +7.888603e-14
55 +0 +0 +0 +3.562057e-14
56 +0 +0 +0 +1.639831e-13
57 +0 +0 +0 -7.379846e-15
58 +0 +0 +0 -3.614072e-14
59 +0 +0 +0 -6.209370e-14
60 +0 +0 +0 -3.907463e-14
61 +0 +0 +0 -1.398046e-14
62 +0 +0 +0 -7.831110e-15
63 +0 +0 +0 -4.950256e-14
