0 +0 +0 +0 +1.378053e-08
1 +0 +0 +0 +2.442755e-08
2 +0 +0 +0 +1.368458e-08
3 +0 +0 +0 +7.946574e-09
4 +0 +0 +0 +4.913026e-09
5 +0 +0 +0 +3.182151e-09
6 +0 +0 +0 +2.033666e-09
7 +0 +0 +0 +1.333639e-09
8 +0 +0 +0 +9.095733e-10
9 +0 +0 +0 +6.043719e-10
10 +0 +0 +0 +4.181036e-10
11 +0 +0 +0 +2.798978e-10
12 +0 +0 +0 +1.933491e-10
13 +0 +0 +0 +1.343638e-10
14 +0 +0 +0 +9.910686e-11
15 +0 +0 +0 +7.236133e-11
16 +0 +0 +0 +5.380767e-11
17 +0 +0 +0 +3.866959e-11
18 +0 +0 +0 +2.936292e-11
19 +0 +0 +0 +2.170914e-11
20 +0 +0 +0 +1.705502e-11
21 +0 +0 +0 +1.199047e-11
22 +0 +0 +0 +7.299080e-12
23 +0 +0 +0 +6.312270e-12
24 +0 +0 +0 +4.052164e-12
25 +0 +0 +0 +4.324283e-12
26 +0 +0 +0 +4.117492e-12
27 +0 +0 +0 +2.762036e-12
28 +0 +0 +0 +2.640408e-12
29 +0 +0 +0 +1.727800e-12
30 +0 +0 +0 +1.792135e-12
31 +0 +0 +0 +1.836124e-12
32 +0 +0 +0 +1.356580e-12
33 +0 +0 +0 +1.521878e-12
34 +0 +0 +0 +9.945293e-13
35 +0 +0 +0 +8.796425e-13
36 +0 +0 +0 +3.132221e-13
37 +0 +0 +0 +4.444237e-13
38 +0 +0 +0 +2.950446e-13
39 +0 +0 +0 +3.383645e-13
40 +0 +0 +0 +5.370167e-13
41 +0 +0 +0 +6.489720e-13
42 +0 +0 +0 +5.502356e-13
43 +0 +0 +0 +3.465051e-13
44 +0 +0 +0 +3.185705e-13
45 +0 +0 +0 +8.896297e-14
46 +0 +0 +0 +2.070297e-13
47 +0 +0 +0 +2.973106e-13
48 +0 +0 +0 +3.273403e-13
49 +0 +0 +0 +1.673566e-13
50 +0 +0 +0 -2.314802e-14
51 +0 +0 +0 +1.213370e-14
52 +0 +0 +0 -9.989707e-14
53 +0 +0 +0 -1.321773e-14
54 +0 +0 +0 -1.207470e-13
55 +0 +0 +0 -6.333438e-14
56 +0 +0 +0 -5.893940e-14
57 +0 +0 +0 -2.624574e-14
58 +0 +0 +0 +3.090448e-15
59 +0 +0 +0 +4.083155e-14
60 +0 +0 +0 +1.120772e-13
61 +0 +0 +0 +1.404375e-13
62 +0 +0 +0 +1.561529e-13
63 +0 +0 +0 +1.432975e-13
