0 +0 +0 +0 +1.189450e-08
1 +0 +0 +0 +2.385787e-08
2 +0 +0 +0 +1.336507e-08
3 +0 +0 +0 +7.810752e-09
4 +0 +0 +0 +4.749704e-09
5 +0 +0 +0 +2.992967e-09
6 +0 +0 +0 +1.899860e-09
7 +0 +0 +0 +1.236969e-09
8 +0 +0 +0 +8.147521e-10
9 +0 +0 +0 +5.536317e-10
10 +0 +0 +0 +3.757815e-10
11 +0 +0 +0 +2.478797e-10
12 +0 +0 +0 +1.663164e-10
13 +0 +0 +0 +1.160053e-10
14 +0 +0 +0 +7.837135e-11
15 +0 +0 +0 +4.749071e-11
16 +0 +0 +0 +3.057012e-11
17 +0 +0 +0 +2.028742e-11
18 +0 +0 +0 +1.444931e-11
19 +0 +0 +0 +1.157228e-11
20 +0 +0 +0 +7.407660e-12
21 +0 +0 +0 +4.133803e-12
22 +0 +0 +0 +3.003144e-12
23 +0 +0 +0 +2.272690e-12
24 +0 +0 +0 +3.298948e-13
25 +0 +0 +0 -4.910570e-13
26 +0 +0 +0 -4.729917e-13
27 +0 +0 +0 -2.383282e-13
28 +0 +0 +0 +3.206960e-13
29 +0 +0 +0 +1.467470e-12
30 +0 +0 +0 +1.217610e-12
31 +0 +0 +0 +5.546133e-13
32 +0 +0 +0 +4.661419e-13
33 +0 +0 +0 +2.607779e-14
34 +0 +0 +0 +1.783801e-13
35 +0 +0 +0 +1.344504e-13
36 +0 +0 +0 -2.698921e-15
37 +0 +0 +0 +4.396457e-14
38 +0 +0 +0 +2.868301e-13
39 +0 +0 +0 -5.820685e-14
40 +0 +0 +0 -1.399539e-13
41 +0 +0 +0 -1.329480e-14
42 +0 +0 +0 -7.932380e-14
43 +0 +0 +0 -1.976959e-13
44 +0 +0 +0 -1.643561e-13
45 +0 +0 +0 -7.376293e-14
46 +0 +0 +0 -1.820336e-13
47 +0 +0 +0 -2.315797e-13
48 +0 +0 +0 -2.035582e-13
49 +0 +0 +0 -2.249016e-13
50 +0 +0 +0 -2.156148e-13
51 +0 +0 +0 -2.579183e-13
52 +0 +0 +0 -2.133698e-13
53 +0 +0 +0 -4.322105e-13
54 +0 +0 +0 -3.085545e-13
55 +0 +0 +0 -3.612520e-13
56 +0 +0 +0 -3.634271e-13
57 +0 +0 +0 -2.458152e-13
58 +0 +0 +0 -1.016594e-13
59 +0 +0 +0 -2.167097e-14
60 +0 +0 +0 +1.266450e-14
61 +0 +0 +0 +1.063141e-14
62 +0 +0 +0 -3.899847e-14
63 +0 +0 +0 -2.073872e-14
