0 +0 +0 +0 +1.363537e-08
1 +0 +0 +0 +2.430806e-08
2 +0 +0 +0 +1.358377e-08
3 +0 +0 +0 +8.078540e-09
4 +0 +0 +0 +4.914644e-09
5 +0 +0 +0 +3.127706e-09
6 +0 +0 +0 +2.020702e-09
7 +0 +0 +0 +1.323174e-09
8 +0 +0 +0 +8.816972e-10
9 +0 +0 +0 +5.799046e-10
10 +0 +0 +0 +3.846777e-10
11 +0 +0 +0 +2.599039e-10
12 +0 +0 +0 +1.822765e-10
13 +0 +0 +0 +1.150202e-10
14 +0 +0 +0 +7.926190e-11
15 +0 +0 +0 +4.922298e-11
16 +0 +0 +0 +3.692397e-11
17 +0 +0 +0 +2.480340e-11
18 +0 +0 +0 +1.570654e-11
19 +0 +0 +0 +1.047132e-11
20 +0 +0 +0 +5.213512e-12
21 +0 +0 +0 +4.156722e-12
22 +0 +0 +0 +2.792472e-12
23 +0 +0 +0 +3.057135e-12
24 +0 +0 +0 +2.927850e-12
25 +0 +0 +0 +3.198105e-13
26 +0 +0 +0 -6.020669e-13
27 +0 +0 +0 -1.707248e-12
28 +0 +0 +0 -1.208792e-12
29 +0 +0 +0 -9.954119e-13
30 +0 +0 +0 +2.082700e-13
31 +0 +0 +0 +1.823004e-13
32 +0 +0 +0 +8.278574e-14
33 +0 +0 +0 +4.213741e-13
34 +0 +0 +0 +1.859740e-13
35 +0 +0 +0 +1.727839e-15
36 +0 +0 +0 -2.387390e-13
37 +0 +0 +0 -3.374376e-13
38 +0 +0 +0 -4.134638e-14
39 +0 +0 +0 -2.152791e-13
40 +0 +0 +0 -4.211030e-13
41 +0 +0 +0 -4.516806e-13
42 +0 +0 +0 -5.134867e-13
43 +0 +0 +0 -4.880229e-13
44 +0 +0 +0 -5.650168e-13
45 +0 +0 +0 -2.172947e-13
46 +0 +0 +0 -4.214404e-13
47 +0 +0 +0 -1.938554e-13
48 +0 +0 +0 -4.715104e-13
49 +0 +0 +0 -5.142308e-13
50 +0 +0 +0 -3.099688e-13
51 +0 +0 +0 -9.904961e-14
52 +0 +0 +0 -8.538095e-14
53 +0 +0 +0 -2.711628e-14
54 +0 +0 +0 +7.214453e-14
55 +0 +0 +0 +1.405753e-13
56 +0 +0 +0 +5.075227e-14
57 +0 +0 +0 +1.313208e-13
58 +0 +0 +0 +3.181033e-13
59 +0 +0 +0 +2.427578e-13
60 +0 +0 +0 +1.879916e-13
61 +0 +0 +0 +1.666116e-13
62 +0 +0 +0 +1.013242e-13
63 +0 +0 +0 +1.718172e-13
