0 +0 +0 +0 +1.361052e-08
1 +0 +0 +0 +2.450974e-08
2 +0 +0 +0 +1.360349e-08
3 +0 +0 +0 +7.811750e-09
4 +0 +0 +0 +4.925129e-09
5 +0 +0 +0 +3.159317e-09
6 +0 +0 +0 +2.001190e-09
7 +0 +0 +0 +1.313903e-09
8 +0 +0 +0 +8.841784e-10
9 +0 +0 +0 +5.909112e-10
10 +0 +0 +0 +3.982260e-10
11 +0 +0 +0 +2.664559e-10
12 +0 +0 +0 +1.798059e-10
13 +0 +0 +0 +1.230298e-10
14 +0 +0 +0 +8.158531e-11
15 +0 +0 +0 +5.350570e-11
16 +0 +0 +0 +3.200723e-11
17 +0 +0 +0 +1.823445e-11
18 +0 +0 +0 +1.299155e-11
19 +0 +0 +0 +8.964692e-12
20 +0 +0 +0 +7.473593e-12
21 +0 +0 +0 +5.785321e-12
22 +0 +0 +0 +3.606081e-12
23 +0 +0 +0 +2.573265e-12
24 +0 +0 +0 +2.158578e-12
25 +0 +0 +0 +1.094723e-12
26 +0 +0 +0 +4.423337e-13
27 +0 +0 +0 +3.247286e-13
28 +0 +0 +0 +8.163926e-13
29 +0 +0 +0 -3.460455e-14
30 +0 +0 +0 -2.560621e-13
31 +0 +0 +0 +6.279269e-14
32 +0 +0 +0 +3.841229e-13
33 +0 +0 +0 -1.937511e-13
34 +0 +0 +0 -4.994946e-13
35 +0 +0 +0 -6.451684e-13
36 +0 +0 +0 -7.564686e-13
37 +0 +0 +0 -5.916645e-13
38 +0 +0 +0 -1.865027e-13
39 +0 +0 +0 -1.937043e-13
40 +0 +0 +0 -3.059034e-13
41 +0 +0 +0 -1.101111e-13
42 +0 +0 +0 +5.004910e-14
43 +0 +0 +0 -3.999175e-14
44 +0 +0 +0 -2.453832e-13
45 +0 +0 +0 -2.048619e-13
46 +0 +0 +0 -3.028878e-13
47 +0 +0 +0 -2.866882e-13
48 +0 +0 +0 -1.671810e-13
49 +0 +0 +0 -1.124801e-13
50 +0 +0 +0 -7.885060e-14
51 +0 +0 +0 -8.669863e-14
52 +0 +0 +0 +6.858836e-14
53 +0 +0 +0 -1.281536e-13
54 +0 +0 +0 -1.020360e-14
55 +0 +0 +0 +3.432832e-14
56 +0 +0 +0 +1.213084e-13
57 +0 +0 +0 +9.310782e-14
58 +0 +0 +0 +1.166183e-13
59 +0 +0 +0 +1.094763e-13
60 +0 +0 +0 +8.978698e-14
61 +0 +0 +0 +3.164498e-14
62 +0 +0 +0 -2.630168e-14
63 +0 +0 +0 -1.046494e-14
