0 +0 +0 +0 +1.350989e-08
1 +0 +0 +0 +2.450560e-08
2 +0 +0 +0 +1.340980e-08
3 +0 +0 +0 +7.907038e-09
4 +0 +0 +0 +4.827750e-09
5 +0 +0 +0 +3.131148e-09
6 +0 +0 +0 +1.988496e-09
7 +0 +0 +0 +1.287150e-09
8 +0 +0 +0 +8.481719e-10
9 +0 +0 +0 +5.618212e-10
10 +0 +0 +0 +3.808968e-10
11 +0 +0 +0 +2.486553e-10
12 +0 +0 +0 +1.678911e-10
13 +0 +0 +0 +1.158313e-10
14 +0 +0 +0 +7.924124e-11
15 +0 +0 +0 +4.960703e-11
16 +0 +0 +0 +3.189643e-11
17 +0 +0 +0 +2.383499e-11
18 +0 +0 +0 +1.623098e-11
19 +0 +0 +0 +1.101049e-11
20 +0 +0 +0 +6.831065e-12
21 +0 +0 +0 +2.428420e-12
22 +0 +0 +0 +1.793145e-12
23 +0 +0 +0 +5.823256e-13
24 +0 +0 +0 +3.351399e-13
25 +0 +0 +0 -1.660197e-12
26 +0 +0 +0 -1.743663e-12
27 +0 +0 +0 -1.582183e-12
28 +0 +0 +0 -1.592134e-12
29 +0 +0 +0 -1.093680e-12
30 +0 +0 +0 -6.732710e-13
31 +0 +0 +0 -6.322116e-13
32 +0 +0 +0 -5.018978e-13
33 +0 +0 +0 -6.197324e-13
34 +0 +0 +0 -5.156637e-13
35 +0 +0 +0 -8.283963e-14
36 +0 +0 +0 -1.294564e-13
37 +0 +0 +0 -2.357591e-13
38 +0 +0 +0 -1.484441e-13
39 +0 +0 +0 -1.395277e-13
40 +0 +0 +0 -2.934886e-14
41 +0 +0 +0 -8.942593e-14
42 +0 +0 +0 -2.359362e-13
43 +0 +0 +0 -1.647796e-13
44 +0 +0 +0 -2.958375e-13
45 +0 +0 +0 -2.562866e-13
46 +0 +0 +0 -2.072277e-14
47 +0 +0 +0 +1.202266e-13
48 +0 +0 +0 +1.984895e-13
49 +0 +0 +0 +2.757636e-13
50 +0 +0 +0 +2.555526e-13
51 +0 +0 +0 +3.206437e-13
52 +0 +0 +0 +2.010137e-13
53 +0 +0 +0 +2.559013e-13
54 +0 +0 +0 +1.536328e-13
55 +0 +0 +0 +1.017423e-13
56 +0 +0 +0 +9.821654e-14
57 +0 +0 +0 +1.026631e-13
58 +0 +0 +0 +1.528590e-13
59 +0 +0 +0 +1.173176e-13
60 +0 +0 +0 +6.955409e-14
61 +0 +0 +0 +2.374886e-14
62 +0 +0 +0 +1.111454e-14
63 +0 +0 +0 +2.683495e-14
