0 +0 +0 +0 +1.352297e-08
1 +0 +0 +0 +2.462840e-08
2 +0 +0 +0 +1.347380e-08
3 +0 +0 +0 +8.143682e-09
4 +0 +0 +0 +4.924496e-09
5 +0 +0 +0 +3.165143e-09
6 +0 +0 +0 +2.039113e-09
7 +0 +0 +0 +1.323984e-09
8 +0 +0 +0 +8.687386e-10
9 +0 +0 +0 +5.700035e-10
10 +0 +0 +0 +3.771831e-10
11 +0 +0 +0 +2.456718e-10
12 +0 +0 +0 +1.650245e-10
13 +0 +0 +0 +1.101531e-10
14 +0 +0 +0 +7.474262e-11
15 +0 +0 +0 +5.035898e-11
16 +0 +0 +0 +3.402691e-11
17 +0 +0 +0 +2.676801e-11
18 +0 +0 +0 +2.202515e-11
19 +0 +0 +0 +1.535722e-11
20 +0 +0 +0 +9.197302e-12
21 +0 +0 +0 +5.830900e-12
22 +0 +0 +0 +3.610033e-12
23 +0 +0 +0 +1.188563e-12
24 +0 +0 +0 -3.087804e-13
25 +0 +0 +0 -1.990114e-13
26 +0 +0 +0 +1.696894e-13
27 +0 +0 +0 +7.033782e-14
28 +0 +0 +0 +7.946918e-13
29 +0 +0 +0 +4.172137e-13
30 +0 +0 +0 +4.066482e-13
31 +0 +0 +0 -1.129418e-13
32 +0 +0 +0 -3.269474e-13
33 +0 +0 +0 -2.123293e-14
34 +0 +0 +0 +9.301972e-14
35 +0 +0 +0 +2.722122e-13
36 +0 +0 +0 +4.073518e-13
37 +0 +0 +0 +1.084880e-13
38 +0 +0 +0 +1.255301e-13
39 +0 +0 +0 +4.151312e-13
40 +0 +0 +0 +4.447788e-13
41 +0 +0 +0 +4.705381e-13
42 +0 +0 +0 +4.513745e-13
43 +0 +0 +0 +3.555998e-13
44 +0 +0 +0 +2.844788e-13
45 +0 +0 +0 +2.439635e-13
46 +0 +0 +0 +1.554181e-13
47 +0 +0 +0 +9.466485e-16
48 +0 +0 +0 -1.440731e-13
49 +0 +0 +0 -5.023957e-14
50 +0 +0 +0 +9.155493e-14
51 +0 +0 +0 +4.912604e-14
52 +0 +0 +0 +1.823107e-13
53 +0 +0 +0 +1.863247e-13
54 +0 +0 +0 +1.255638e-13
55 +0 +0 +0 +8.058530e-14
56 +0 +0 +0 -3.734611e-14
57 +0 +0 +0 -6.890994e-14
58 +0 +0 +0 +1.044247e-14
59 +0 +0 +0 -1.018278e-13
60 +0 +0 +0 -6.704930e-14
61 +0 +0 +0 -9.548222e-14
62 +0 +0 +0 -8.058322e-14
63 +0 +0 +0 -7.431313e-14
