0 +0 +0 +0 +1.375242e-08
1 +0 +0 +0 +2.402367e-08
2 +0 +0 +0 +1.317748e-08
3 +0 +0 +0 +7.685013e-09
4 +0 +0 +0 +4.767472e-09
5 +0 +0 +0 +3.013353e-09
6 +0 +0 +0 +1.933583e-09
7 +0 +0 +0 +1.267166e-09
8 +0 +0 +0 +8.112672e-10
9 +0 +0 +0 +5.521097e-10
10 +0 +0 +0 +3.601534e-10
11 +0 +0 +0 +2.319722e-10
12 +0 +0 +0 +1.528454e-10
13 +0 +0 +0 +1.020409e-10
14 +0 +0 +0 +6.453585e-11
15 +0 +0 +0 +4.545803e-11
16 +0 +0 +0 +2.818523e-11
17 +0 +0 +0 +1.832499e-11
18 +0 +0 +0 +9.494262e-12
19 +0 +0 +0 +7.245804e-12
20 +0 +0 +0 +4.146825e-12
21 +0 +0 +0 +1.972661e-12
22 +0 +0 +0 +2.406580e-12
23 +0 +0 +0 +3.070771e-12
24 +0 +0 +0 +2.410429e-12
25 +0 +0 +0 +2.469351e-12
26 +0 +0 +0 +1.351560e-12
27 +0 +0 +0 +1.592576e-12
28 +0 +0 +0 +8.478142e-13
29 +0 +0 +0 +2.471161e-14
30 +0 +0 +0 -6.602280e-13
31 +0 +0 +0 -7.235148e-13
32 +0 +0 +0 -2.320642e-13
33 +0 +0 +0 -3.436734e-13
34 +0 +0 +0 -1.785275e-13
35 +0 +0 +0 -4.324267e-13
36 +0 +0 +0 -2.410711e-13
37 +0 +0 +0 +2.931030e-13
38 +0 +0 +0 +3.278768e-13
39 +0 +0 +0 +4.232561e-13
40 +0 +0 +0 +2.346530e-13
41 +0 +0 +0 +1.075703e-13
42 +0 +0 +0 -9.344574e-14
43 +0 +0 +0 -1.022442e-13
44 +0 +0 +0 +8.810491e-14
45 +0 +0 +0 -1.007006e-14
46 +0 +0 +0 -5.535814e-14
47 +0 +0 +0 -8.915641e-14
48 +0 +0 +0 -1.031670e-14
49 +0 +0 +0 -7.109341e-14
50 +0 +0 +0 -1.406207e-13
51 +0 +0 +0 -1.667162e-13
52 +0 +0 +0 -1.686670e-13
53 +0 +0 +0 +1.396472e-14
54 +0 +0 +0 -5.181549e-14
55 +0 +0 +0 +1.089858e-14
56 +0 +0 +0 -1.629540e-14
57 +0 +0 +0 +5.847896e-14
58 +0 +0 +0 +5.669842e-14
59 +0 +0 +0 +8.707137e-14
60 +0 +0 +0 +6.498216e-14
61 +0 +0 +0 +4.215768e-14
62 +0 +0 +0 +9.128420e-15
63 +0 +0 +0 +2.051939e-14
