0 +0 +0 +0 +1.315280e-08
1 +0 +0 +0 +2.364010e-08
2 +0 +0 +0 +1.300894e-08
3 +0 +0 +0 +7.564644e-09
4 +0 +0 +0 +4.734571e-09
5 +0 +0 +0 +3.007005e-09
6 +0 +0 +0 +1.914655e-09
7 +0 +0 +0 +1.271267e-09
8 +0 +0 +0 +8.381853e-10
9 +0 +0 +0 +5.597072e-10
10 +0 +0 +0 +3.757028e-10
11 +0 +0 +0 +2.422771e-10
12 +0 +0 +0 +1.692214e-10
13 +0 +0 +0 +1.070052e-10
14 +0 +0 +0 +7.240026e-11
15 +0 +0 +0 +4.305273e-11
16 +0 +0 +0 +2.901922e-11
17 +0 +0 +0 +1.967653e-11
18 +0 +0 +0 +1.223380e-11
19 +0 +0 +0 +7.696812e-12
20 +0 +0 +0 +4.997167e-12
21 +0 +0 +0 +3.965230e-12
22 +0 +0 +0 +5.808418e-12
23 +0 +0 +0 +3.481232e-12
24 +0 +0 +0 +2.340964e-12
25 +0 +0 +0 +2.574816e-12
26 +0 +0 +0 +1.781115e-12
27 +0 +0 +0 +1.049182e-12
28 +0 +0 +0 +6.764874e-13
29 +0 +0 +0 +7.444237e-13
30 +0 +0 +0 +5.686004e-13
31 +0 +0 +0 +5.350008e-13
32 +0 +0 +0 +8.208183e-13
33 +0 +0 +0 +5.667787e-13
34 +0 +0 +0 +9.566224e-14
35 +0 +0 +0 -3.432778e-13
36 +0 +0 +0 -2.006396e-13
37 +0 +0 +0 -5.198252e-13
38 +0 +0 +0 -4.404681e-13
39 +0 +0 +0 -3.898384e-13
40 +0 +0 +0 -2.016113e-13
41 +0 +0 +0 -5.207712e-13
42 +0 +0 +0 -3.866380e-13
43 +0 +0 +0 -1.503078e-13
44 +0 +0 +0 -9.220677e-14
45 +0 +0 +0 -1.788555e-14
46 +0 +0 +0 +5.457829e-14
47 +0 +0 +0 -1.655180e-13
48 +0 +0 +0 +4.320353e-14
49 +0 +0 +0 +8.596508e-14
50 +0 +0 +0 +8.378379e-14
51 +0 +0 +0 +1.211473e-14
52 +0 +0 +0 +1.567869e-13
53 +0 +0 +0 +7.829026e-14
54 +0 +0 +0 +4.755533e-14
55 +0 +0 +0 -4.905724e-14
56 +0 +0 +0 -7.638325e-14
57 +0 +0 +0 +1.082175e-14
58 +0 +0 +0 -4.086218e-14
59 +0 +0 +0 +5.137517e-14
60 +0 +0 +0 -4.245801e-15
61 +0 +0 +0 +5.032965e-14
62 +0 +0 +0 +2.912563e-14
63 +0 +0 +0 +4.916445e-14
