0 +0 +0 +0 +1.378402e-08
1 +0 +0 +0 +2.425447e-08
2 +0 +0 +0 +1.359025e-08
3 +0 +0 +0 +7.971792e-09
4 +0 +0 +0 +5.066624e-09
5 +0 +0 +0 +3.221150e-09
6 +0 +0 +0 +2.056785e-09
7 +0 +0 +0 +1.388722e-09
8 +0 +0 +0 +9.164898e-10
9 +0 +0 +0 +5.938739e-10
10 +0 +0 +0 +4.088490e-10
11 +0 +0 +0 +2.739224e-10
12 +0 +0 +0 +1.871245e-10
13 +0 +0 +0 +1.312351e-10
14 +0 +0 +0 +9.280334e-11
15 +0 +0 +0 +6.190847e-11
16 +0 +0 +0 +4.277550e-11
17 +0 +0 +0 +2.910265e-11
18 +0 +0 +0 +2.166998e-11
19 +0 +0 +0 +1.497618e-11
20 +0 +0 +0 +1.104871e-11
21 +0 +0 +0 +9.120613e-12
22 +0 +0 +0 +6.350242e-12
23 +0 +0 +0 +3.651172e-12
24 +0 +0 +0 +2.164821e-12
25 +0 +0 +0 +2.219668e-12
26 +0 +0 +0 +8.704867e-13
27 +0 +0 +0 +1.730667e-12
28 +0 +0 +0 +1.532490e-12
29 +0 +0 +0 +9.605616e-13
30 +0 +0 +0 +1.634093e-12
31 +0 +0 +0 +8.098059e-13
32 +0 +0 +0 +5.153305e-13
33 +0 +0 +0 +2.967432e-13
34 +0 +0 +0 -1.092375e-13
35 +0 +0 +0 -8.054621e-14
36 +0 +0 +0 -5.683826e-14
37 +0 +0 +0 +1.398920e-13
38 +0 +0 +0 +6.741189e-14
39 +0 +0 +0 +4.554552e-13
40 +0 +0 +0 +2.318268e-15
41 +0 +0 +0 -1.885593e-14
42 +0 +0 +0 -2.428737e-13
43 +0 +0 +0 -2.734147e-13
44 +0 +0 +0 -2.478759e-13
45 +0 +0 +0 -8.671806e-14
46 +0 +0 +0 -6.257897e-14
47 +0 +0 +0 -1.969933e-14
48 +0 +0 +0 +1.726186e-13
49 +0 +0 +0 +2.270676e-13
50 +0 +0 +0 +2.370761e-13
51 +0 +0 +0 +1.830192e-13
52 +0 +0 +0 +2.076602e-13
53 +0 +0 +0 +9.254120e-14
54 +0 +0 +0 -4.332456e-14
55 +0 +0 +0 -1.546149e-15
56 +0 +0 +0 +5.726220e-15
57 +0 +0 +0 -3.216877e-14
58 +0 +0 +0 +8.204703e-14
59 +0 +0 +0 +1.684931e-13
60 +0 +0 +0 +7.180615e-14
61 +0 +0 +0 +3.022251e-14
62 +0 +0 +0 -2.620588e-14
63 +0 +0 +0 +3.341871e-14
