0 +0 +0 +0 +1.346911e-08
1 +0 +0 +0 +2.435075e-08
2 +0 +0 +0 +1.367403e-08
3 +0 +0 +0 +8.161707e-09
4 +0 +0 +0 +5.094668e-09
5 +0 +0 +0 +3.213864e-09
6 +0 +0 +0 +2.092377e-09
7 +0 +0 +0 +1.362292e-09
8 +0 +0 +0 +9.067841e-10
9 +0 +0 +0 +6.015543e-10
10 +0 +0 +0 +4.008531e-10
11 +0 +0 +0 +2.879517e-10
12 +0 +0 +0 +1.878921e-10
13 +0 +0 +0 +1.207852e-10
14 +0 +0 +0 +8.357169e-11
15 +0 +0 +0 +5.654501e-11
16 +0 +0 +0 +3.857212e-11
17 +0 +0 +0 +3.224292e-11
18 +0 +0 +0 +2.079329e-11
19 +0 +0 +0 +1.633505e-11
20 +0 +0 +0 +1.135604e-11
21 +0 +0 +0 +7.473201e-12
22 +0 +0 +0 +5.486154e-12
23 +0 +0 +0 +2.978719e-12
24 +0 +0 +0 +1.279000e-12
25 +0 +0 +0 +1.005240e-12
26 +0 +0 +0 +5.459415e-13
27 +0 +0 +0 -1.943537e-13
28 +0 +0 +0 -1.026667e-12
29 +0 +0 +0 -7.530287e-13
30 +0 +0 +0 -4.937354e-13
31 +0 +0 +0 -3.284839e-13
32 +0 +0 +0 +1.853485e-13
33 +0 +0 +0 +2.791762e-13
34 +0 +0 +0 +2.618824e-13
35 +0 +0 +0 +2.286821e-13
36 +0 +0 +0 -2.360917e-14
37 +0 +0 +0 +2.426525e-15
38 +0 +0 +0 +9.164024e-14
39 +0 +0 +0 +4.895636e-14
40 +0 +0 +0 -3.391909e-13
41 +0 +0 +0 -2.364006e-13
42 +0 +0 +0 -2.756468e-13
43 +0 +0 +0 -2.247060e-13
44 +0 +0 +0 +1.010965e-13
45 +0 +0 +0 +3.140306e-13
46 +0 +0 +0 +7.442357e-14
47 +0 +0 +0 +2.121293e-14
48 +0 +0 +0 -1.015440e-13
49 +0 +0 +0 +1.416990e-13
50 +0 +0 +0 +1.283543e-13
51 +0 +0 +0 +1.805157e-13
52 +0 +0 +0 +1.467066e-13
53 +0 +0 +0 +1.932244e-13
54 +0 +0 +0 +2.491778e-13
55 +0 +0 +0 +4.751009e-14
56 +0 +0 +0 -2.390694e-15
57 +0 +0 +0 +1.602905e-13
58 +0 +0 +0 -3.721116e-14
59 +0 +0 +0 -3.720377e-14
60 +0 +0 +0 -5.498427e-14
61 +0 +0 +0 -1.471776e-13
62 +0 +0 +0 -2.569675e-13
63 +0 +0 +0 -1.722473e-13
