0 +0 +0 +0 +1.308045e-08
1 +0 +0 +0 +2.410089e-08
2 +0 +0 +0 +1.319547e-08
3 +0 +0 +0 +7.643626e-09
4 +0 +0 +0 +4.711607e-09
5 +0 +0 +0 +3.030912e-09
6 +0 +0 +0 +1.965249e-09
7 +0 +0 +0 +1.297561e-09
8 +0 +0 +0 +8.620539e-10
9 +0 +0 +0 +6.022517e-10
10 +0 +0 +0 +4.031913e-10
11 +0 +0 +0 +2.631265e-10
12 +0 +0 +0 +1.780254e-10
13 +0 +0 +0 +1.217982e-10
14 +0 +0 +0 +7.617656e-11
15 +0 +0 +0 +5.619463e-11
16 +0 +0 +0 +3.911926e-11
17 +0 +0 +0 +2.769164e-11
18 +0 +0 +0 +1.733939e-11
19 +0 +0 +0 +1.303915e-11
20 +0 +0 +0 +8.900351e-12
21 +0 +0 +0 +5.145421e-12
22 +0 +0 +0 +4.051086e-12
23 +0 +0 +0 +1.857883e-12
24 +0 +0 +0 +8.109174e-13
25 +0 +0 +0 +1.001188e-13
26 +0 +0 +0 -2.133262e-13
27 +0 +0 +0 -1.410751e-12
28 +0 +0 +0 -8.460786e-13
29 +0 +0 +0 -2.661729e-14
30 +0 +0 +0 +2.941004e-13
31 +0 +0 +0 -2.168135e-13
32 +0 +0 +0 -4.796065e-13
33 +0 +0 +0 -3.436881e-13
34 +0 +0 +0 -4.058461e-13
35 +0 +0 +0 -1.913598e-13
36 +0 +0 +0 -1.864135e-14
37 +0 +0 +0 +3.183878e-13
38 +0 +0 +0 +2.883404e-13
39 +0 +0 +0 +8.290633e-14
40 +0 +0 +0 -3.973332e-14
41 +0 +0 +0 -4.356925e-14
42 +0 +0 +0 -1.915415e-13
43 +0 +0 +0 -1.968706e-13
44 +0 +0 +0 -1.475269e-13
45 +0 +0 +0 -1.247262e-13
46 +0 +0 +0 -1.294204e-14
47 +0 +0 +0 +3.661289e-14
48 +0 +0 +0 +6.447500e-14
49 +0 +0 +0 +1.508677e-14
50 +0 +0 +0 +2.350774e-14
51 +0 +0 +0 -5.294492e-14
52 +0 +0 +0 +8.911503e-14
53 +0 +0 +0 -2.502720e-14
54 +0 +0 +0 -8.855883e-14
55 +0 +0 +0 -5.160544e-14
56 +0 +0 +0 +1.759795e-14
57 +0 +0 +0 +7.899109e-14
58 +0 +0 +0 -1.173376e-14
59 +0 +0 +0 +1.626354e-13
60 +0 +0 +0 +3.411655e-14
61 +0 +0 +0 +8.738409e-14
62 +0 +0 +0 +7.328438e-14
63 +0 +0 +0 -1.100954e-14
