0 +0 +0 +0 +1.336174e-08
1 +0 +0 +0 +2.451098e-08
2 +0 +0 +0 +1.358327e-08
3 +0 +0 +0 +8.345605e-09
4 +0 +0 +0 +4.991353e-09
5 +0 +0 +0 +3.127468e-09
6 +0 +0 +0 +2.086247e-09
7 +0 +0 +0 +1.334339e-09
8 +0 +0 +0 +9.042505e-10
9 +0 +0 +0 +5.965770e-10
10 +0 +0 +0 +4.085284e-10
11 +0 +0 +0 +2.824403e-10
12 +0 +0 +0 +1.982836e-10
13 +0 +0 +0 +1.339351e-10
14 +0 +0 +0 +9.125586e-11
15 +0 +0 +0 +6.487788e-11
16 +0 +0 +0 +4.034137e-11
17 +0 +0 +0 +2.909372e-11
18 +0 +0 +0 +2.080818e-11
19 +0 +0 +0 +1.362208e-11
20 +0 +0 +0 +5.590786e-12
21 +0 +0 +0 +1.254318e-12
22 +0 +0 +0 +6.102071e-13
23 +0 +0 +0 +3.180187e-12
24 +0 +0 +0 +1.232482e-12
25 +0 +0 +0 +2.415135e-12
26 +0 +0 +0 +2.382725e-12
27 +0 +0 +0 +2.010563e-12
28 +0 +0 +0 -2.299250e-13
29 +0 +0 +0 +4.410100e-13
30 +0 +0 +0 +1.563099e-13
31 +0 +0 +0 -5.427155e-13
32 +0 +0 +0 -3.863268e-13
33 +0 +0 +0 -9.394544e-13
34 +0 +0 +0 -1.203483e-12
35 +0 +0 +0 -1.189922e-12
36 +0 +0 +0 -1.182481e-12
37 +0 +0 +0 -9.597247e-13
38 +0 +0 +0 -8.061311e-13
39 +0 +0 +0 -4.421271e-13
40 +0 +0 +0 -5.607359e-13
41 +0 +0 +0 -6.169587e-13
42 +0 +0 +0 -3.128348e-13
43 +0 +0 +0 -1.154977e-13
44 +0 +0 +0 -2.429469e-13
45 +0 +0 +0 -1.560290e-13
46 +0 +0 +0 -1.907883e-13
47 +0 +0 +0 -8.824790e-14
48 +0 +0 +0 -1.131520e-13
49 +0 +0 +0 -7.904292e-14
50 +0 +0 +0 -1.643510e-13
51 +0 +0 +0 -3.733445e-15
52 +0 +0 +0 -2.009055e-13
53 +0 +0 +0 -1.764120e-13
54 +0 +0 +0 -1.423918e-13
55 +0 +0 +0 +3.222088e-14
56 +0 +0 +0 +1.104535e-13
57 +0 +0 +0 +9.952511e-14
58 +0 +0 +0 -7.240397e-14
59 +0 +0 +0 -1.402869e-13
60 +0 +0 +0 -1.313966e-13
61 +0 +0 +0 -1.218992e-13
62 +0 +0 +0 -1.382058e-13
63 +0 +0 +0 -1.316677e-14
