0 +0 +0 +0 +1.349844e-08
1 +0 +0 +0 +2.428297e-08
2 +0 +0 +0 +1.347861e-08
3 +0 +0 +0 +7.977995e-09
4 +0 +0 +0 +5.025715e-09
5 +0 +0 +0 +3.187101e-09
6 +0 +0 +0 +2.021848e-09
7 +0 +0 +0 +1.343097e-09
8 +0 +0 +0 +8.877457e-10
9 +0 +0 +0 +5.611277e-10
10 +0 +0 +0 +3.661439e-10
11 +0 +0 +0 +2.403999e-10
12 +0 +0 +0 +1.552004e-10
13 +0 +0 +0 +1.102771e-10
14 +0 +0 +0 +7.183344e-11
15 +0 +0 +0 +4.294307e-11
16 +0 +0 +0 +2.806736e-11
17 +0 +0 +0 +1.910222e-11
18 +0 +0 +0 +1.339947e-11
19 +0 +0 +0 +9.580310e-12
20 +0 +0 +0 +7.336102e-12
21 +0 +0 +0 +5.421088e-12
22 +0 +0 +0 +5.185378e-12
23 +0 +0 +0 +4.116173e-12
24 +0 +0 +0 +1.931921e-12
25 +0 +0 +0 +1.590845e-12
26 +0 +0 +0 +1.899787e-12
27 +0 +0 +0 +1.752966e-12
28 +0 +0 +0 +1.699720e-12
29 +0 +0 +0 +1.859885e-12
30 +0 +0 +0 +1.405426e-12
31 +0 +0 +0 +1.733946e-12
32 +0 +0 +0 +2.080169e-12
33 +0 +0 +0 +1.270079e-12
34 +0 +0 +0 +1.314362e-12
35 +0 +0 +0 +1.175044e-12
36 +0 +0 +0 +6.875435e-13
37 +0 +0 +0 +8.783182e-13
38 +0 +0 +0 +1.007856e-12
39 +0 +0 +0 +8.556867e-13
40 +0 +0 +0 +1.637168e-13
41 +0 +0 +0 +8.532092e-14
42 +0 +0 +0 +2.537825e-13
43 +0 +0 +0 +6.679248e-14
44 +0 +0 +0 +1.062345e-13
45 +0 +0 +0 +1.546755e-13
46 +0 +0 +0 +3.062995e-13
47 +0 +0 +0 +1.759559e-13
48 +0 +0 +0 -7.258849e-14
49 +0 +0 +0 -9.633698e-14
50 +0 +0 +0 -5.359212e-15
51 +0 +0 +0 -2.029136e-13
52 +0 +0 +0 -2.620847e-13
53 +0 +0 +0 -1.045090e-13
54 +0 +0 +0 -4.569045e-14
55 +0 +0 +0 -7.561288e-14
56 +0 +0 +0 -5.776515e-14
57 +0 +0 +0 -9.698288e-15
58 +0 +0 +0 +2.485613e-14
59 +0 +0 +0 -1.924170e-14
60 +0 +0 +0 +7.275942e-14
61 +0 +0 +0 +1.316669e-13
62 +0 +0 +0 +1.277282e-13
63 +0 +0 +0 +1.683445e-13
