0 +0 +0 +0 +1.288629e-08
1 +0 +0 +0 +2.394550e-08
2 +0 +0 +0 +1.366312e-08
3 +0 +0 +0 +8.037261e-09
4 +0 +0 +0 +4.965555e-09
5 +0 +0 +0 +3.078987e-09
6 +0 +0 +0 +1.995603e-09
7 +0 +0 +0 +1.333329e-09
8 +0 +0 +0 +9.117047e-10
9 +0 +0 +0 +6.167972e-10
10 +0 +0 +0 +4.343929e-10
11 +0 +0 +0 +2.918458e-10
12 +0 +0 +0 +1.878141e-10
13 +0 +0 +0 +1.274291e-10
14 +0 +0 +0 +8.422890e-11
15 +0 +0 +0 +5.096711e-11
16 +0 +0 +0 +3.436524e-11
17 +0 +0 +0 +2.095072e-11
18 +0 +0 +0 +1.395124e-11
19 +0 +0 +0 +8.873142e-12
20 +0 +0 +0 +6.104603e-12
21 +0 +0 +0 +4.344713e-12
22 +0 +0 +0 +1.929813e-12
23 +0 +0 +0 +3.575845e-13
24 +0 +0 +0 +1.456136e-12
25 +0 +0 +0 +1.925941e-12
26 +0 +0 +0 +1.586798e-12
27 +0 +0 +0 +1.882953e-12
28 +0 +0 +0 +4.339557e-13
29 +0 +0 +0 -4.463487e-14
30 +0 +0 +0 -8.729180e-13
31 +0 +0 +0 -2.273937e-13
32 +0 +0 +0 -2.568968e-13
33 +0 +0 +0 -6.508168e-13
34 +0 +0 +0 +1.603795e-13
35 +0 +0 +0 +5.107987e-13
36 +0 +0 +0 +4.853007e-13
37 +0 +0 +0 +4.748779e-13
38 +0 +0 +0 +5.872102e-13
39 +0 +0 +0 +2.244983e-13
40 +0 +0 +0 +1.194877e-13
41 +0 +0 +0 +9.501246e-14
42 +0 +0 +0 +1.268991e-13
43 +0 +0 +0 +3.733379e-13
44 +0 +0 +0 +1.050618e-13
45 +0 +0 +0 +1.272672e-13
46 +0 +0 +0 +1.025995e-14
47 +0 +0 +0 +3.573225e-14
48 +0 +0 +0 +7.762379e-14
49 +0 +0 +0 -3.217660e-14
50 +0 +0 +0 +5.505515e-14
51 +0 +0 +0 +1.013454e-13
52 +0 +0 +0 +1.684907e-13
53 +0 +0 +0 +3.526777e-14
54 +0 +0 +0 +9.919913e-14
55 +0 +0 +0 +6.048369e-14
56 +0 +0 +0 +5.834496e-14
57 +0 +0 +0 +1.630689e-13
58 +0 +0 +0 +2.128668e-13
59 +0 +0 +0 +2.422972e-13
60 +0 +0 +0 +2.252422e-13
61 +0 +0 +0 +2.148579e-13
62 +0 +0 +0 +2.418362e-13
63 +0 +0 +0 +2.441263e-13
