0 +0 +0 +0 +1.312319e-08
1 +0 +0 +0 +2.396173e-08
2 +0 +0 +0 +1.324054e-08
3 +0 +0 +0 +7.972388e-09
4 +0 +0 +0 +4.799794e-09
5 +0 +0 +0 +3.000990e-09
6 +0 +0 +0 +1.944996e-09
7 +0 +0 +0 +1.315372e-09
8 +0 +0 +0 +8.408608e-10
9 +0 +0 +0 +5.553928e-10
10 +0 +0 +0 +3.606541e-10
11 +0 +0 +0 +2.415693e-10
12 +0 +0 +0 +1.600975e-10
13 +0 +0 +0 +1.041848e-10
14 +0 +0 +0 +6.938524e-11
15 +0 +0 +0 +4.436738e-11
16 +0 +0 +0 +2.738262e-11
17 +0 +0 +0 +2.292892e-11
18 +0 +0 +0 +1.747865e-11
19 +0 +0 +0 +9.959817e-12
20 +0 +0 +0 +6.820480e-12
21 +0 +0 +0 +5.119903e-12
22 +0 +0 +0 +2.943208e-12
23 +0 +0 +0 +7.357998e-13
24 +0 +0 +0 +2.721269e-13
25 +0 +0 +0 -1.972273e-13
26 +0 +0 +0 -4.204705e-13
27 +0 +0 +0 +1.657479e-12
28 +0 +0 +0 +1.295976e-12
29 +0 +0 +0 +3.625275e-13
30 +0 +0 +0 -3.086202e-13
31 +0 +0 +0 -7.329678e-14
32 +0 +0 +0 -3.737012e-13
33 +0 +0 +0 -9.300857e-13
34 +0 +0 +0 -1.375395e-12
35 +0 +0 +0 -1.083065e-12
36 +0 +0 +0 -1.026485e-12
37 +0 +0 +0 -8.028347e-13
38 +0 +0 +0 -6.418422e-13
39 +0 +0 +0 -5.974001e-13
40 +0 +0 +0 -4.600382e-13
41 +0 +0 +0 -2.132080e-13
42 +0 +0 +0 -3.464932e-13
43 +0 +0 +0 +8.892210e-14
44 +0 +0 +0 +1.719874e-13
45 +0 +0 +0 -7.242900e-14
46 +0 +0 +0 -1.898491e-13
47 +0 +0 +0 -2.994663e-13
48 +0 +0 +0 -3.803370e-13
49 +0 +0 +0 -3.237895e-13
50 +0 +0 +0 -1.718561e-13
51 +0 +0 +0 -1.587953e-13
52 +0 +0 +0 +5.442833e-15
53 +0 +0 +0 -5.011594e-14
54 +0 +0 +0 -8.213099e-14
55 +0 +0 +0 -9.265439e-14
56 +0 +0 +0 +1.823096e-14
57 +0 +0 +0 +4.474154e-14
58 +0 +0 +0 +7.908943e-14
59 +0 +0 +0 +2.899907e-14
60 +0 +0 +0 +1.008242e-14
61 +0 +0 +0 +2.763894e-14
62 +0 +0 +0 +2.944151e-14
63 +0 +0 +0 -1.018536e-14
