0 +0 +0 +0 +1.285469e-08
1 +0 +0 +0 +2.449879e-08
2 +0 +0 +0 +1.384540e-08
3 +0 +0 +0 +8.333798e-09
4 +0 +0 +0 +5.092558e-09
5 +0 +0 +0 +3.263664e-09
6 +0 +0 +0 +2.162024e-09
7 +0 +0 +0 +1.420953e-09
8 +0 +0 +0 +9.453666e-10
9 +0 +0 +0 +6.417854e-10
10 +0 +0 +0 +4.484667e-10
11 +0 +0 +0 +2.967585e-10
12 +0 +0 +0 +1.968513e-10
13 +0 +0 +0 +1.323882e-10
14 +0 +0 +0 +8.542897e-11
15 +0 +0 +0 +5.563420e-11
16 +0 +0 +0 +3.701213e-11
17 +0 +0 +0 +2.670993e-11
18 +0 +0 +0 +1.874935e-11
19 +0 +0 +0 +1.163826e-11
20 +0 +0 +0 +7.222907e-12
21 +0 +0 +0 +5.390987e-12
22 +0 +0 +0 +3.835032e-12
23 +0 +0 +0 +2.292449e-12
24 +0 +0 +0 +1.981497e-12
25 +0 +0 +0 +1.641425e-12
26 +0 +0 +0 +8.072188e-13
27 +0 +0 +0 -1.242964e-12
28 +0 +0 +0 -7.769318e-13
29 +0 +0 +0 -9.121606e-13
30 +0 +0 +0 +1.870392e-13
31 +0 +0 +0 +3.499400e-14
32 +0 +0 +0 -8.595959e-14
33 +0 +0 +0 -1.650320e-13
34 +0 +0 +0 -2.981270e-13
35 +0 +0 +0 -1.108620e-14
36 +0 +0 +0 -3.944496e-13
37 +0 +0 +0 -3.736228e-13
38 +0 +0 +0 -9.125880e-13
39 +0 +0 +0 -6.981812e-13
40 +0 +0 +0 -4.188915e-13
41 +0 +0 +0 -2.335292e-13
42 +0 +0 +0 -1.220293e-13
43 +0 +0 +0 -3.350475e-14
44 +0 +0 +0 +7.675682e-14
45 +0 +0 +0 +1.415255e-13
46 +0 +0 +0 +3.373913e-13
47 +0 +0 +0 +2.746899e-13
48 +0 +0 +0 +3.150725e-13
49 +0 +0 +0 +3.326081e-13
50 +0 +0 +0 +2.977061e-13
51 +0 +0 +0 +2.236536e-13
52 +0 +0 +0 +4.335828e-13
53 +0 +0 +0 +1.960047e-13
54 +0 +0 +0 +6.270738e-14
55 +0 +0 +0 +3.467610e-15
56 +0 +0 +0 +1.154079e-13
57 +0 +0 +0 +1.026132e-13
58 +0 +0 +0 +5.168973e-14
59 +0 +0 +0 +4.474555e-14
60 +0 +0 +0 +1.144038e-13
61 +0 +0 +0 +1.679936e-13
62 +0 +0 +0 +1.261441e-13
63 +0 +0 +0 +1.206308e-13
