0 +0 +0 +0 +1.304744e-08
1 +0 +0 +0 +2.320766e-08
2 +0 +0 +0 +1.265985e-08
3 +0 +0 +0 +7.563350e-09
4 +0 +0 +0 +4.779040e-09
5 +0 +0 +0 +2.995803e-09
6 +0 +0 +0 +1.979064e-09
7 +0 +0 +0 +1.278965e-09
8 +0 +0 +0 +8.614359e-10
9 +0 +0 +0 +5.558802e-10
10 +0 +0 +0 +3.665196e-10
11 +0 +0 +0 +2.405117e-10
12 +0 +0 +0 +1.634816e-10
13 +0 +0 +0 +1.030201e-10
14 +0 +0 +0 +6.756933e-11
15 +0 +0 +0 +4.638375e-11
16 +0 +0 +0 +3.523352e-11
17 +0 +0 +0 +2.357525e-11
18 +0 +0 +0 +1.610602e-11
19 +0 +0 +0 +1.181017e-11
20 +0 +0 +0 +9.857323e-12
21 +0 +0 +0 +7.023745e-12
22 +0 +0 +0 +6.000675e-12
23 +0 +0 +0 +3.451393e-12
24 +0 +0 +0 +1.225563e-12
25 +0 +0 +0 -2.199682e-13
26 +0 +0 +0 -1.202206e-12
27 +0 +0 +0 -4.847026e-13
28 +0 +0 +0 -9.058588e-13
29 +0 +0 +0 -9.275389e-13
30 +0 +0 +0 -8.251301e-13
31 +0 +0 +0 -4.615612e-13
32 +0 +0 +0 -3.507690e-13
33 +0 +0 +0 -2.827272e-13
34 +0 +0 +0 -3.031991e-13
35 +0 +0 +0 +5.734494e-14
36 +0 +0 +0 -1.434794e-13
37 +0 +0 +0 +1.128132e-13
38 +0 +0 +0 -4.328508e-14
39 +0 +0 +0 +3.879099e-14
40 +0 +0 +0 +4.407727e-14
41 +0 +0 +0 +9.744736e-15
42 +0 +0 +0 -9.945011e-14
43 +0 +0 +0 -1.729847e-13
44 +0 +0 +0 -3.600951e-13
45 +0 +0 +0 -9.795242e-14
46 +0 +0 +0 -1.522627e-13
47 +0 +0 +0 -2.441070e-14
48 +0 +0 +0 +9.632912e-14
49 +0 +0 +0 +7.956683e-14
50 +0 +0 +0 +3.090890e-14
51 +0 +0 +0 +2.669548e-14
52 +0 +0 +0 +8.407838e-14
53 +0 +0 +0 +7.465704e-14
54 +0 +0 +0 +1.443112e-13
55 +0 +0 +0 +1.158707e-13
56 +0 +0 +0 +5.889138e-14
57 +0 +0 +0 +6.845297e-15
58 +0 +0 +0 +2.981079e-14
59 +0 +0 +0 +4.384979e-14
60 +0 +0 +0 +7.519271e-14
61 +0 +0 +0 +6.569577e-14
62 +0 +0 +0 +1.346338e-13
63 +0 +0 +0 +1.418007e-13
