0 +0 +0 +0 +1.332469e-08
1 +0 +0 +0 +2.417723e-08
2 +0 +0 +0 +1.357196e-08
3 +0 +0 +0 +8.176202e-09
4 +0 +0 +0 +4.990399e-09
5 +0 +0 +0 +3.169678e-09
6 +0 +0 +0 +2.092072e-09
7 +0 +0 +0 +1.375135e-09
8 +0 +0 +0 +9.182174e-10
9 +0 +0 +0 +5.984563e-10
10 +0 +0 +0 +4.016853e-10
11 +0 +0 +0 +2.690388e-10
12 +0 +0 +0 +1.828317e-10
13 +0 +0 +0 +1.259760e-10
14 +0 +0 +0 +8.583238e-11
15 +0 +0 +0 +6.281001e-11
16 +0 +0 +0 +4.398904e-11
17 +0 +0 +0 +3.072173e-11
18 +0 +0 +0 +2.433523e-11
19 +0 +0 +0 +1.517731e-11
20 +0 +0 +0 +1.227802e-11
21 +0 +0 +0 +9.028048e-12
22 +0 +0 +0 +6.819640e-12
23 +0 +0 +0 +1.862256e-12
24 +0 +0 +0 +1.106636e-12
25 +0 +0 +0 -6.328875e-13
26 +0 +0 +0 -8.272466e-13
27 +0 +0 +0 -3.074566e-13
28 +0 +0 +0 -1.179491e-13
29 +0 +0 +0 +4.299088e-13
30 +0 +0 +0 +8.606074e-13
31 +0 +0 +0 +8.874509e-13
32 +0 +0 +0 +5.849496e-13
33 +0 +0 +0 +1.167900e-12
34 +0 +0 +0 +7.734776e-13
35 +0 +0 +0 +2.605837e-13
36 +0 +0 +0 +2.342560e-13
37 +0 +0 +0 +2.833938e-13
38 +0 +0 +0 +4.440323e-14
39 +0 +0 +0 +3.272563e-13
40 +0 +0 +0 +5.962967e-13
41 +0 +0 +0 +3.958618e-13
42 +0 +0 +0 +4.562849e-13
43 +0 +0 +0 +2.373610e-13
44 +0 +0 +0 +1.078621e-13
45 +0 +0 +0 +1.270784e-13
46 +0 +0 +0 +5.958018e-14
47 +0 +0 +0 +5.898579e-15
48 +0 +0 +0 +6.265470e-14
49 +0 +0 +0 +1.834907e-13
50 +0 +0 +0 +1.879543e-13
51 +0 +0 +0 +3.321397e-14
52 +0 +0 +0 +2.266380e-14
53 +0 +0 +0 -4.019608e-14
54 +0 +0 +0 +9.462959e-14
55 +0 +0 +0 +6.025419e-14
56 +0 +0 +0 +6.258076e-14
57 +0 +0 +0 +8.669141e-14
58 +0 +0 +0 +9.409358e-14
59 +0 +0 +0 +1.375263e-13
60 +0 +0 +0 +5.244421e-14
61 +0 +0 +0 -1.655582e-14
62 +0 +0 +0 -1.096220e-14
63 +0 +0 +0 +8.126565e-14
