0 +0 +0 +0 +1.391577e-08
1 +0 +0 +0 +2.509679e-08
2 +0 +0 +0 +1.389662e-08
3 +0 +0 +0 +8.393298e-09
4 +0 +0 +0 +5.358783e-09
5 +0 +0 +0 +3.446941e-09
6 +0 +0 +0 +2.244818e-09
7 +0 +0 +0 +1.460363e-09
8 +0 +0 +0 +9.830218e-10
9 +0 +0 +0 +6.503839e-10
10 +0 +0 +0 +4.453571e-10
11 +0 +0 +0 +3.017005e-10
12 +0 +0 +0 +2.032488e-10
13 +0 +0 +0 +1.380235e-10
14 +0 +0 +0 +9.946379e-11
15 +0 +0 +0 +6.868149e-11
16 +0 +0 +0 +5.014575e-11
17 +0 +0 +0 +3.250826e-11
18 +0 +0 +0 +2.114350e-11
19 +0 +0 +0 +1.223824e-11
20 +0 +0 +0 +9.804844e-12
21 +0 +0 +0 +5.456989e-12
22 +0 +0 +0 +3.180458e-12
23 +0 +0 +0 +9.588236e-13
24 +0 +0 +0 +1.638344e-12
25 +0 +0 +0 +1.550388e-12
26 +0 +0 +0 +1.971821e-13
27 +0 +0 +0 +2.282031e-14
28 +0 +0 +0 +1.802446e-13
29 +0 +0 +0 -2.094166e-13
30 +0 +0 +0 -1.003270e-12
31 +0 +0 +0 -1.380837e-13
32 +0 +0 +0 +5.621343e-13
33 +0 +0 +0 +2.650478e-13
34 +0 +0 +0 +5.708038e-13
35 +0 +0 +0 +3.274369e-13
36 +0 +0 +0 +6.027295e-13
37 +0 +0 +0 +5.339276e-14
38 +0 +0 +0 -6.258780e-14
39 +0 +0 +0 -1.530462e-14
40 +0 +0 +0 -1.621849e-13
41 +0 +0 +0 +5.744291e-14
42 +0 +0 +0 -2.134693e-13
43 +0 +0 +0 -1.237802e-13
44 +0 +0 +0 -2.924171e-14
45 +0 +0 +0 +7.759731e-14
46 +0 +0 +0 -5.874950e-14
47 +0 +0 +0 -8.458114e-14
48 +0 +0 +0 +6.652649e-14
49 +0 +0 +0 +1.081161e-13
50 +0 +0 +0 +9.920172e-14
51 +0 +0 +0 -3.246037e-14
52 +0 +0 +0 -4.377575e-14
53 +0 +0 +0 -7.495204e-14
54 +0 +0 +0 -1.032790e-13
55 +0 +0 +0 -1.397009e-13
56 +0 +0 +0 -1.009613e-13
57 +0 +0 +0 -8.844418e-14
58 +0 +0 +0 -4.814569e-14
59 +0 +0 +0 +4.071400e-14
60 +0 +0 +0 -3.869943e-14
61 +0 +0 +0 +2.307275e-14
62 +0 +0 +0 +1.008133e-13
63 +0 +0 +0 +1.809432e-13
