0 +0 +0 +0 +1.273669e-08
1 +0 +0 +0 +2.403591e-08
2 +0 +0 +0 +1.349978e-08
3 +0 +0 +0 +7.865558e-09
4 +0 +0 +0 +4.845151e-09
5 +0 +0 +0 +3.097784e-09
6 +0 +0 +0 +1.985014e-09
7 +0 +0 +0 +1.295464e-09
8 +0 +0 +0 +8.522668e-10
9 +0 +0 +0 +5.667347e-10
10 +0 +0 +0 +3.624708e-10
11 +0 +0 +0 +2.428779e-10
12 +0 +0 +0 +1.592981e-10
13 +0 +0 +0 +1.116120e-10
14 +0 +0 +0 +7.299773e-11
15 +0 +0 +0 +5.060155e-11
16 +0 +0 +0 +3.401610e-11
17 +0 +0 +0 +2.435022e-11
18 +0 +0 +0 +1.504038e-11
19 +0 +0 +0 +9.585919e-12
20 +0 +0 +0 +5.142016e-12
21 +0 +0 +0 +1.348088e-12
22 +0 +0 +0 -1.811316e-13
23 +0 +0 +0 -8.043067e-13
24 +0 +0 +0 -1.732343e-12
25 +0 +0 +0 -9.854442e-13
26 +0 +0 +0 -1.167642e-12
27 +0 +0 +0 -6.353257e-13
28 +0 +0 +0 -4.128088e-13
29 +0 +0 +0 -1.200022e-13
30 +0 +0 +0 +5.410537e-13
31 +0 +0 +0 +4.152446e-14
32 +0 +0 +0 +2.685017e-13
33 +0 +0 +0 -3.019505e-13
34 +0 +0 +0 -1.006328e-13
35 +0 +0 +0 +2.321517e-13
36 +0 +0 +0 +1.472924e-13
37 +0 +0 +0 +2.939614e-13
38 +0 +0 +0 +1.616145e-13
39 +0 +0 +0 -1.814948e-14
40 +0 +0 +0 -1.319590e-13
41 +0 +0 +0 -1.596565e-13
42 +0 +0 +0 +1.232549e-13
43 +0 +0 +0 +2.226307e-13
44 +0 +0 +0 -3.172188e-14
45 +0 +0 +0 -4.270641e-14
46 +0 +0 +0 +1.184508e-13
47 +0 +0 +0 +1.679808e-13
48 +0 +0 +0 +1.286368e-13
49 +0 +0 +0 -3.668492e-14
50 +0 +0 +0 -2.622895e-14
51 +0 +0 +0 -2.690264e-16
52 +0 +0 +0 -1.021965e-13
53 +0 +0 +0 -2.089747e-14
54 +0 +0 +0 -3.535929e-14
55 +0 +0 +0 +2.782027e-15
56 +0 +0 +0 +4.455783e-15
57 +0 +0 +0 +2.417288e-14
58 +0 +0 +0 -1.231913e-13
59 +0 +0 +0 -5.949892e-14
60 +0 +0 +0 +6.209818e-14
61 +0 +0 +0 +3.616523e-14
62 +0 +0 +0 +1.167728e-14
63 +0 +0 +0 +1.047742e-13
