0 +0 +0 +0 +1.298514e-08
1 +0 +0 +0 +2.481417e-08
2 +0 +0 +0 +1.361766e-08
3 +0 +0 +0 +8.120545e-09
4 +0 +0 +0 +4.953615e-09
5 +0 +0 +0 +3.124123e-09
6 +0 +0 +0 +2.040692e-09
7 +0 +0 +0 +1.345884e-09
8 +0 +0 +0 +9.070168e-10
9 +0 +0 +0 +6.063036e-10
10 +0 +0 +0 +4.064534e-10
11 +0 +0 +0 +2.823811e-10
12 +0 +0 +0 +1.914952e-10
13 +0 +0 +0 +1.237615e-10
14 +0 +0 +0 +9.060758e-11
15 +0 +0 +0 +6.146493e-11
16 +0 +0 +0 +4.346739e-11
17 +0 +0 +0 +2.879948e-11
18 +0 +0 +0 +1.626621e-11
19 +0 +0 +0 +9.635088e-12
20 +0 +0 +0 +5.416313e-12
21 +0 +0 +0 +3.205168e-12
22 +0 +0 +0 +9.201555e-13
23 +0 +0 +0 -3.056306e-13
24 +0 +0 +0 -4.419415e-14
25 +0 +0 +0 -9.195938e-13
26 +0 +0 +0 -1.435649e-12
27 +0 +0 +0 -7.552548e-13
28 +0 +0 +0 +3.808808e-13
29 +0 +0 +0 +3.957637e-13
30 +0 +0 +0 +1.003920e-12
31 +0 +0 +0 +7.040487e-13
32 +0 +0 +0 +7.584526e-13
33 +0 +0 +0 -1.414768e-13
34 +0 +0 +0 +3.102155e-13
35 +0 +0 +0 +9.664685e-14
36 +0 +0 +0 +1.031599e-13
37 +0 +0 +0 +3.475181e-13
38 +0 +0 +0 +6.791714e-13
39 +0 +0 +0 +4.472028e-13
40 +0 +0 +0 +2.734634e-13
41 +0 +0 +0 +1.617836e-13
42 +0 +0 +0 +1.799242e-13
43 +0 +0 +0 -7.746326e-14
44 +0 +0 +0 +2.131459e-15
45 +0 +0 +0 +9.849035e-14
46 +0 +0 +0 +9.167889e-14
47 +0 +0 +0 +8.577106e-14
48 +0 +0 +0 +6.749937e-14
49 +0 +0 +0 -9.771087e-14
50 +0 +0 +0 -1.825181e-14
51 +0 +0 +0 -1.008365e-13
52 +0 +0 +0 +1.426192e-13
53 +0 +0 +0 +1.464306e-13
54 +0 +0 +0 +6.524645e-14
55 +0 +0 +0 -4.105399e-14
56 +0 +0 +0 -6.584524e-14
57 +0 +0 +0 +7.080467e-15
58 +0 +0 +0 -6.790104e-14
59 +0 +0 +0 -1.101723e-13
60 +0 +0 +0 -1.907517e-13
61 +0 +0 +0 -1.156361e-13
62 +0 +0 +0 -1.168187e-13
63 +0 +0 +0 -1.473013e-13
