0 +0 +0 +0 +1.320993e-08
1 +0 +0 +0 +2.441940e-08
2 +0 +0 +0 +1.329540e-08
3 +0 +0 +0 +7.987609e-09
4 +0 +0 +0 +4.777371e-09
5 +0 +0 +0 +3.044417e-09
6 +0 +0 +0 +1.950159e-09
7 +0 +0 +0 +1.297906e-09
8 +0 +0 +0 +8.633936e-10
9 +0 +0 +0 +5.625773e-10
10 +0 +0 +0 +3.684072e-10
11 +0 +0 +0 +2.411996e-10
12 +0 +0 +0 +1.587051e-10
13 +0 +0 +0 +1.049758e-10
14 +0 +0 +0 +7.234981e-11
15 +0 +0 +0 +5.199711e-11
16 +0 +0 +0 +3.743104e-11
17 +0 +0 +0 +2.513489e-11
18 +0 +0 +0 +1.545139e-11
19 +0 +0 +0 +1.138304e-11
20 +0 +0 +0 +5.735723e-12
21 +0 +0 +0 +3.694101e-12
22 +0 +0 +0 +1.947575e-12
23 +0 +0 +0 +1.153060e-12
24 +0 +0 +0 +5.483698e-13
25 +0 +0 +0 +1.623783e-12
26 +0 +0 +0 +2.100347e-12
27 +0 +0 +0 +1.280448e-12
28 +0 +0 +0 +6.998001e-13
29 +0 +0 +0 +3.552480e-13
30 +0 +0 +0 -5.253663e-13
31 +0 +0 +0 -6.468312e-13
32 +0 +0 +0 -5.547254e-13
33 +0 +0 +0 -2.469903e-13
34 +0 +0 +0 +6.477577e-15
35 +0 +0 +0 -2.618116e-13
36 +0 +0 +0 -1.983165e-13
37 +0 +0 +0 +1.096814e-13
38 +0 +0 +0 -1.838553e-13
39 +0 +0 +0 -5.371575e-13
40 +0 +0 +0 -3.991431e-13
41 +0 +0 +0 -3.193781e-13
42 +0 +0 +0 -1.619330e-13
43 +0 +0 +0 -2.152952e-13
44 +0 +0 +0 -1.522668e-13
45 +0 +0 +0 -9.817935e-14
46 +0 +0 +0 -6.406898e-14
47 +0 +0 +0 +8.355909e-14
48 +0 +0 +0 +2.322255e-14
49 +0 +0 +0 -1.169683e-14
50 +0 +0 +0 +3.522209e-14
51 +0 +0 +0 +1.371380e-13
52 +0 +0 +0 +4.986838e-14
53 +0 +0 +0 +2.887066e-14
54 +0 +0 +0 +5.696621e-14
55 +0 +0 +0 -2.632284e-15
56 +0 +0 +0 -2.017112e-14
57 +0 +0 +0 +2.274541e-14
58 +0 +0 +0 +1.461023e-13
59 +0 +0 +0 +5.761121e-14
60 +0 +0 +0 +2.761509e-14
61 +0 +0 +0 +1.224358e-13
62 +0 +0 +0 +1.021424e-13
63 +0 +0 +0 +8.539043e-14
