0 +0 +0 +0 +1.268208e-08
1 +0 +0 +0 +2.351884e-08
2 +0 +0 +0 +1.296515e-08
3 +0 +0 +0 +7.683919e-09
4 +0 +0 +0 +4.583191e-09
5 +0 +0 +0 +2.887803e-09
6 +0 +0 +0 +1.882164e-09
7 +0 +0 +0 +1.258625e-09
8 +0 +0 +0 +8.412827e-10
9 +0 +0 +0 +5.598668e-10
10 +0 +0 +0 +3.657054e-10
11 +0 +0 +0 +2.380410e-10
12 +0 +0 +0 +1.560672e-10
13 +0 +0 +0 +1.054095e-10
14 +0 +0 +0 +6.945293e-11
15 +0 +0 +0 +4.591231e-11
16 +0 +0 +0 +2.778053e-11
17 +0 +0 +0 +2.290960e-11
18 +0 +0 +0 +1.385102e-11
19 +0 +0 +0 +8.883766e-12
20 +0 +0 +0 +7.178227e-12
21 +0 +0 +0 +5.923613e-12
22 +0 +0 +0 +4.504203e-12
23 +0 +0 +0 +1.411052e-12
24 +0 +0 +0 +7.869038e-13
25 +0 +0 +0 +1.225971e-13
26 +0 +0 +0 -2.620179e-13
27 +0 +0 +0 -4.461359e-13
28 +0 +0 +0 -4.551809e-14
29 +0 +0 +0 -1.513639e-13
30 +0 +0 +0 -7.166292e-13
31 +0 +0 +0 -7.182094e-15
32 +0 +0 +0 -3.839241e-13
33 +0 +0 +0 -5.291779e-14
34 +0 +0 +0 -1.271746e-14
35 +0 +0 +0 +2.814142e-13
36 +0 +0 +0 +3.899652e-13
37 +0 +0 +0 +8.686906e-13
38 +0 +0 +0 +4.186790e-13
39 +0 +0 +0 -3.807361e-15
40 +0 +0 +0 +6.388324e-14
41 +0 +0 +0 -1.732680e-13
42 +0 +0 +0 -4.441561e-14
43 +0 +0 +0 -1.993643e-13
44 +0 +0 +0 -7.272442e-14
45 +0 +0 +0 +1.326616e-14
46 +0 +0 +0 -1.628956e-13
47 +0 +0 +0 +1.372605e-13
48 +0 +0 +0 +1.736351e-14
49 +0 +0 +0 -4.808609e-14
50 +0 +0 +0 -1.626575e-13
51 +0 +0 +0 -1.147909e-13
52 +0 +0 +0 +1.396772e-14
53 +0 +0 +0 +1.675283e-14
54 +0 +0 +0 -3.791451e-14
55 +0 +0 +0 -8.890856e-14
56 +0 +0 +0 -3.720343e-14
57 +0 +0 +0 -6.668529e-14
58 +0 +0 +0 -2.005351e-14
59 +0 +0 +0 +9.126914e-15
60 +0 +0 +0 -6.365089e-14
61 +0 +0 +0 +3.677998e-15
62 +0 +0 +0 -3.032916e-14
63 +0 +0 +0 -1.189376e-14
