0 +0 +0 +0 +1.323584e-08
1 +0 +0 +0 +2.413675e-08
2 +0 +0 +0 +1.345526e-08
3 +0 +0 +0 +7.937061e-09
4 +0 +0 +0 +4.847114e-09
5 +0 +0 +0 +3.048936e-09
6 +0 +0 +0 +1.972786e-09
7 +0 +0 +0 +1.284496e-09
8 +0 +0 +0 +8.558118e-10
9 +0 +0 +0 +5.811983e-10
10 +0 +0 +0 +3.844977e-10
11 +0 +0 +0 +2.619142e-10
12 +0 +0 +0 +1.777588e-10
13 +0 +0 +0 +1.195360e-10
14 +0 +0 +0 +7.951935e-11
15 +0 +0 +0 +5.721127e-11
16 +0 +0 +0 +4.358682e-11
17 +0 +0 +0 +2.986878e-11
18 +0 +0 +0 +2.060501e-11
19 +0 +0 +0 +1.284155e-11
20 +0 +0 +0 +7.506693e-12
21 +0 +0 +0 +5.900793e-12
22 +0 +0 +0 +5.028388e-12
23 +0 +0 +0 +3.965405e-12
24 +0 +0 +0 +2.624337e-12
25 +0 +0 +0 +8.836004e-13
26 +0 +0 +0 +9.373937e-13
27 +0 +0 +0 +3.132897e-13
28 +0 +0 +0 -5.253105e-13
29 +0 +0 +0 -5.317439e-13
30 +0 +0 +0 -1.241082e-12
31 +0 +0 +0 -3.069356e-13
32 +0 +0 +0 -1.286735e-13
33 +0 +0 +0 -1.941450e-14
34 +0 +0 +0 -7.016841e-14
35 +0 +0 +0 -2.964147e-13
36 +0 +0 +0 -3.147433e-13
37 +0 +0 +0 -1.181338e-13
38 +0 +0 +0 -2.624121e-13
39 +0 +0 +0 -5.977872e-14
40 +0 +0 +0 -1.046951e-13
41 +0 +0 +0 -1.770856e-13
42 +0 +0 +0 -2.448229e-13
43 +0 +0 +0 -1.877993e-13
44 +0 +0 +0 -1.004159e-13
45 +0 +0 +0 -4.327241e-14
46 +0 +0 +0 -7.161192e-14
47 +0 +0 +0 +8.777499e-15
48 +0 +0 +0 +8.329300e-14
49 +0 +0 +0 +3.468778e-14
50 +0 +0 +0 +4.050056e-14
51 +0 +0 +0 +6.739127e-14
52 +0 +0 +0 -1.021307e-13
53 +0 +0 +0 -1.130707e-14
54 +0 +0 +0 -8.716929e-14
55 +0 +0 +0 -5.787009e-14
56 +0 +0 +0 -5.210213e-14
57 +0 +0 +0 -6.034047e-14
58 +0 +0 +0 -8.295681e-14
59 +0 +0 +0 +1.362374e-14
60 +0 +0 +0 +7.671890e-14
61 +0 +0 +0 -2.892704e-14
62 +0 +0 +0 -3.951331e-14
63 +0 +0 +0 +2.977697e-14
