0 +0 +0 +0 +1.356908e-08
1 +0 +0 +0 +2.407630e-08
2 +0 +0 +0 +1.345537e-08
3 +0 +0 +0 +7.760384e-09
4 +0 +0 +0 +4.670348e-09
5 +0 +0 +0 +3.010819e-09
6 +0 +0 +0 +1.992354e-09
7 +0 +0 +0 +1.263875e-09
8 +0 +0 +0 +8.469539e-10
9 +0 +0 +0 +5.464944e-10
10 +0 +0 +0 +3.734413e-10
11 +0 +0 +0 +2.435179e-10
12 +0 +0 +0 +1.573641e-10
13 +0 +0 +0 +1.050106e-10
14 +0 +0 +0 +7.357957e-11
15 +0 +0 +0 +4.956811e-11
16 +0 +0 +0 +3.714002e-11
17 +0 +0 +0 +2.641883e-11
18 +0 +0 +0 +2.121413e-11
19 +0 +0 +0 +1.466037e-11
20 +0 +0 +0 +1.233109e-11
21 +0 +0 +0 +9.467003e-12
22 +0 +0 +0 +6.995073e-12
23 +0 +0 +0 +4.977247e-12
24 +0 +0 +0 +2.094456e-12
25 +0 +0 +0 +1.172210e-12
26 +0 +0 +0 -2.342731e-14
27 +0 +0 +0 +2.106647e-13
28 +0 +0 +0 +5.028528e-13
29 +0 +0 +0 +8.073520e-13
30 +0 +0 +0 +6.380711e-13
31 +0 +0 +0 +3.552838e-13
32 +0 +0 +0 +3.473869e-13
33 +0 +0 +0 +7.363679e-13
34 +0 +0 +0 +7.103426e-13
35 +0 +0 +0 +2.253667e-13
36 +0 +0 +0 -3.830558e-13
37 +0 +0 +0 -3.521845e-13
38 +0 +0 +0 -6.073576e-13
39 +0 +0 +0 -3.551799e-13
40 +0 +0 +0 +3.972700e-14
41 +0 +0 +0 -4.989080e-14
42 +0 +0 +0 +8.519660e-14
43 +0 +0 +0 +1.787085e-13
44 +0 +0 +0 +2.538947e-13
45 +0 +0 +0 +1.660007e-13
46 +0 +0 +0 +1.713546e-13
47 +0 +0 +0 -3.772784e-14
48 +0 +0 +0 +4.943520e-14
49 +0 +0 +0 -2.088475e-15
50 +0 +0 +0 -1.907748e-13
51 +0 +0 +0 -5.055839e-14
52 +0 +0 +0 -9.235932e-14
53 +0 +0 +0 -9.178387e-14
54 +0 +0 +0 +1.394206e-14
55 +0 +0 +0 -6.897819e-14
56 +0 +0 +0 -1.400350e-13
57 +0 +0 +0 -1.081977e-13
58 +0 +0 +0 -1.157307e-13
59 +0 +0 +0 -1.103132e-13
60 +0 +0 +0 -9.917828e-14
61 +0 +0 +0 -1.643166e-13
62 +0 +0 +0 -1.991688e-13
63 +0 +0 +0 -2.510764e-13
