0 +0 +0 +0 +1.341649e-08
1 +0 +0 +0 +2.470761e-08
2 +0 +0 +0 +1.363402e-08
3 +0 +0 +0 +8.151219e-09
4 +0 +0 +0 +5.101565e-09
5 +0 +0 +0 +3.331596e-09
6 +0 +0 +0 +2.182488e-09
7 +0 +0 +0 +1.435363e-09
8 +0 +0 +0 +9.057813e-10
9 +0 +0 +0 +6.018946e-10
10 +0 +0 +0 +3.941855e-10
11 +0 +0 +0 +2.736639e-10
12 +0 +0 +0 +1.944785e-10
13 +0 +0 +0 +1.356405e-10
14 +0 +0 +0 +9.105881e-11
15 +0 +0 +0 +6.443230e-11
16 +0 +0 +0 +4.375294e-11
17 +0 +0 +0 +3.094740e-11
18 +0 +0 +0 +1.841915e-11
19 +0 +0 +0 +1.393308e-11
20 +0 +0 +0 +9.695609e-12
21 +0 +0 +0 +6.228617e-12
22 +0 +0 +0 +3.366746e-12
23 +0 +0 +0 -2.552685e-13
24 +0 +0 +0 +4.006244e-13
25 +0 +0 +0 +1.103552e-12
26 +0 +0 +0 +9.207997e-13
27 +0 +0 +0 +1.597351e-12
28 +0 +0 +0 +9.880336e-13
29 +0 +0 +0 +5.048410e-13
30 +0 +0 +0 +8.557568e-13
31 +0 +0 +0 +8.574522e-13
32 +0 +0 +0 +1.932768e-13
33 +0 +0 +0 +8.616373e-13
34 +0 +0 +0 +7.627657e-13
35 +0 +0 +0 +6.921138e-13
36 +0 +0 +0 +5.505891e-13
37 +0 +0 +0 +2.362928e-13
38 +0 +0 +0 +1.520580e-13
39 +0 +0 +0 +2.629826e-13
40 +0 +0 +0 +6.511907e-13
41 +0 +0 +0 +4.483455e-13
42 +0 +0 +0 +8.395090e-13
43 +0 +0 +0 +7.262948e-13
44 +0 +0 +0 +5.953550e-13
45 +0 +0 +0 +5.528695e-13
46 +0 +0 +0 +3.777026e-13
47 +0 +0 +0 +7.540508e-14
48 +0 +0 +0 +4.254755e-14
49 +0 +0 +0 -5.175910e-14
50 +0 +0 +0 -9.183835e-14
51 +0 +0 +0 -1.071642e-13
52 +0 +0 +0 -1.376124e-13
53 +0 +0 +0 +6.793597e-15
54 +0 +0 +0 +1.519206e-14
55 +0 +0 +0 -1.577646e-14
56 +0 +0 +0 -1.443202e-13
57 +0 +0 +0 -6.988234e-14
58 +0 +0 +0 -8.134991e-14
59 +0 +0 +0 -4.521019e-15
60 +0 +0 +0 +3.999958e-14
61 +0 +0 +0 -3.874528e-15
62 +0 +0 +0 +5.797647e-14
63 +0 +0 +0 +8.931118e-14
