0 +0 +0 +0 +1.422516e-08
1 +0 +0 +0 +2.584307e-08
2 +0 +0 +0 +1.424081e-08
3 +0 +0 +0 +8.476921e-09
4 +0 +0 +0 +5.273011e-09
5 +0 +0 +0 +3.361827e-09
6 +0 +0 +0 +2.180355e-09
7 +0 +0 +0 +1.407546e-09
8 +0 +0 +0 +9.355107e-10
9 +0 +0 +0 +6.082308e-10
10 +0 +0 +0 +4.048772e-10
11 +0 +0 +0 +2.805445e-10
12 +0 +0 +0 +1.958039e-10
13 +0 +0 +0 +1.275850e-10
14 +0 +0 +0 +8.901304e-11
15 +0 +0 +0 +6.102876e-11
16 +0 +0 +0 +3.818429e-11
17 +0 +0 +0 +2.682889e-11
18 +0 +0 +0 +1.648360e-11
19 +0 +0 +0 +8.340096e-12
20 +0 +0 +0 +5.123519e-12
21 +0 +0 +0 +2.251882e-12
22 +0 +0 +0 +2.444892e-12
23 +0 +0 +0 +6.562466e-13
24 +0 +0 +0 +8.084381e-13
25 +0 +0 +0 -5.175275e-13
26 +0 +0 +0 -5.628737e-15
27 +0 +0 +0 -1.258222e-12
28 +0 +0 +0 -9.448276e-13
29 +0 +0 +0 -1.422910e-12
30 +0 +0 +0 -1.177838e-12
31 +0 +0 +0 -7.298590e-13
32 +0 +0 +0 -6.742287e-13
33 +0 +0 +0 -5.172852e-13
34 +0 +0 +0 -4.244805e-13
35 +0 +0 +0 -1.387981e-13
36 +0 +0 +0 -4.098008e-13
37 +0 +0 +0 -4.720648e-14
38 +0 +0 +0 +2.226979e-13
39 +0 +0 +0 +4.102785e-13
40 +0 +0 +0 +1.720232e-13
41 +0 +0 +0 +1.881068e-13
42 +0 +0 +0 +2.395358e-13
43 +0 +0 +0 +4.626341e-13
44 +0 +0 +0 +2.699725e-13
45 +0 +0 +0 +1.776511e-13
46 +0 +0 +0 +1.581785e-13
47 +0 +0 +0 +2.093700e-13
48 +0 +0 +0 +3.700815e-13
49 +0 +0 +0 +1.614553e-13
50 +0 +0 +0 +8.044920e-14
51 +0 +0 +0 +3.802387e-14
52 +0 +0 +0 -3.946918e-14
53 +0 +0 +0 -2.569621e-14
54 +0 +0 +0 -8.481628e-14
55 +0 +0 +0 -1.225977e-13
56 +0 +0 +0 -6.343324e-14
57 +0 +0 +0 -1.213408e-13
58 +0 +0 +0 -6.860013e-14
59 +0 +0 +0 -2.850000e-14
60 +0 +0 +0 -1.960400e-14
61 +0 +0 +0 -7.264290e-14
62 +0 +0 +0 -5.040305e-14
63 +0 +0 +0 +2.058903e-14
