0 +0 +0 +0 +1.304884e-08
1 +0 +0 +0 +2.437939e-08
2 +0 +0 +0 +1.374724e-08
3 +0 +0 +0 +8.067927e-09
4 +0 +0 +0 +5.073252e-09
5 +0 +0 +0 +3.207376e-09
6 +0 +0 +0 +2.073508e-09
7 +0 +0 +0 +1.396190e-09
8 +0 +0 +0 +9.198420e-10
9 +0 +0 +0 +6.072316e-10
10 +0 +0 +0 +4.098186e-10
11 +0 +0 +0 +2.657641e-10
12 +0 +0 +0 +1.859783e-10
13 +0 +0 +0 +1.291580e-10
14 +0 +0 +0 +8.584735e-11
15 +0 +0 +0 +5.970553e-11
16 +0 +0 +0 +4.003138e-11
17 +0 +0 +0 +2.908509e-11
18 +0 +0 +0 +1.834514e-11
19 +0 +0 +0 +1.322498e-11
20 +0 +0 +0 +1.034982e-11
21 +0 +0 +0 +7.532121e-12
22 +0 +0 +0 +5.491807e-12
23 +0 +0 +0 +3.882864e-12
24 +0 +0 +0 +2.673097e-12
25 +0 +0 +0 +1.777656e-12
26 +0 +0 +0 +1.764480e-12
27 +0 +0 +0 +1.140864e-12
28 +0 +0 +0 +1.137316e-12
29 +0 +0 +0 +8.711024e-13
30 +0 +0 +0 +8.305335e-13
31 +0 +0 +0 +9.475155e-13
32 +0 +0 +0 +1.183625e-12
33 +0 +0 +0 +5.555624e-13
34 +0 +0 +0 +6.402496e-13
35 +0 +0 +0 +4.445798e-13
36 +0 +0 +0 +4.022780e-13
37 +0 +0 +0 -7.264995e-14
38 +0 +0 +0 -1.891334e-13
39 +0 +0 +0 -5.017972e-13
40 +0 +0 +0 -1.074827e-13
41 +0 +0 +0 -3.363289e-16
42 +0 +0 +0 +1.075893e-13
43 +0 +0 +0 +2.287371e-13
44 +0 +0 +0 +2.433673e-13
45 +0 +0 +0 +1.420245e-13
46 +0 +0 +0 +1.602032e-13
47 +0 +0 +0 +2.130480e-13
48 +0 +0 +0 +2.296567e-13
49 +0 +0 +0 +1.540003e-13
50 +0 +0 +0 +1.503002e-13
51 +0 +0 +0 +7.140369e-14
52 +0 +0 +0 +1.255248e-13
53 +0 +0 +0 +3.920800e-14
54 +0 +0 +0 -1.596385e-14
55 +0 +0 +0 -1.637942e-14
56 +0 +0 +0 -1.659678e-14
57 +0 +0 +0 +7.026672e-14
58 +0 +0 +0 +1.285380e-13
59 +0 +0 +0 +9.154641e-14
60 +0 +0 +0 +8.745504e-14
61 +0 +0 +0 +1.184801e-13
62 +0 +0 +0 +4.055064e-14
63 +0 +0 +0 +1.214225e-13
