0 +0 +0 +0 +1.280685e-08
1 +0 +0 +0 +2.330679e-08
2 +0 +0 +0 +1.285872e-08
3 +0 +0 +0 +7.541309e-09
4 +0 +0 +0 +4.711992e-09
5 +0 +0 +0 +2.977108e-09
6 +0 +0 +0 +1.916065e-09
7 +0 +0 +0 +1.256924e-09
8 +0 +0 +0 +8.486241e-10
9 +0 +0 +0 +5.534322e-10
10 +0 +0 +0 +3.867369e-10
11 +0 +0 +0 +2.563080e-10
12 +0 +0 +0 +1.719850e-10
13 +0 +0 +0 +1.172672e-10
14 +0 +0 +0 +8.210415e-11
15 +0 +0 +0 +5.150353e-11
16 +0 +0 +0 +3.283452e-11
17 +0 +0 +0 +2.338031e-11
18 +0 +0 +0 +1.444805e-11
19 +0 +0 +0 +1.215153e-11
20 +0 +0 +0 +8.564423e-12
21 +0 +0 +0 +4.831637e-12
22 +0 +0 +0 +3.327592e-12
23 +0 +0 +0 +5.048418e-12
24 +0 +0 +0 +3.597314e-12
25 +0 +0 +0 +3.266001e-12
26 +0 +0 +0 +2.148200e-12
27 +0 +0 +0 +1.130282e-12
28 +0 +0 +0 +4.938777e-13
29 +0 +0 +0 +1.801400e-13
30 +0 +0 +0 +7.186677e-13
31 +0 +0 +0 +1.582746e-12
32 +0 +0 +0 +1.564614e-12
33 +0 +0 +0 +1.822444e-12
34 +0 +0 +0 +1.373657e-12
35 +0 +0 +0 +1.129872e-12
36 +0 +0 +0 +5.072131e-13
37 +0 +0 +0 +5.378563e-13
38 +0 +0 +0 +4.509937e-13
39 +0 +0 +0 +1.762505e-13
40 +0 +0 +0 -9.394808e-14
41 +0 +0 +0 -6.919143e-14
42 +0 +0 +0 -3.185419e-13
43 +0 +0 +0 -1.859293e-13
44 +0 +0 +0 -6.321455e-14
45 +0 +0 +0 +6.841512e-14
46 +0 +0 +0 +1.750476e-13
47 +0 +0 +0 +1.685446e-13
48 +0 +0 +0 +7.816866e-14
49 +0 +0 +0 +2.420088e-13
50 +0 +0 +0 +1.006938e-13
51 +0 +0 +0 +4.686788e-14
52 +0 +0 +0 -1.220880e-13
53 +0 +0 +0 -2.163689e-13
54 +0 +0 +0 -4.556909e-14
55 +0 +0 +0 -9.559749e-14
56 +0 +0 +0 -1.969185e-13
57 +0 +0 +0 -3.608687e-14
58 +0 +0 +0 -8.625387e-15
59 +0 +0 +0 -2.553369e-14
60 +0 +0 +0 -3.028454e-14
61 +0 +0 +0 -4.648737e-14
62 +0 +0 +0 -3.034139e-14
63 +0 +0 +0 +1.598363e-14
