0 +0 +0 +0 +1.332779e-08
1 +0 +0 +0 +2.503150e-08
2 +0 +0 +0 +1.415812e-08
3 +0 +0 +0 +8.342084e-09
4 +0 +0 +0 +5.131040e-09
5 +0 +0 +0 +3.362399e-09
6 +0 +0 +0 +2.117849e-09
7 +0 +0 +0 +1.370386e-09
8 +0 +0 +0 +9.165719e-10
9 +0 +0 +0 +6.151411e-10
10 +0 +0 +0 +4.128778e-10
11 +0 +0 +0 +2.882951e-10
12 +0 +0 +0 +1.995034e-10
13 +0 +0 +0 +1.351645e-10
14 +0 +0 +0 +9.629541e-11
15 +0 +0 +0 +6.696253e-11
16 +0 +0 +0 +4.592955e-11
17 +0 +0 +0 +2.997983e-11
18 +0 +0 +0 +1.899210e-11
19 +0 +0 +0 +1.217812e-11
20 +0 +0 +0 +7.608290e-12
21 +0 +0 +0 +5.140986e-12
22 +0 +0 +0 +4.028396e-12
23 +0 +0 +0 +2.518108e-12
24 +0 +0 +0 +2.908857e-12
25 +0 +0 +0 +1.764650e-12
26 +0 +0 +0 +1.466616e-12
27 +0 +0 +0 +5.798700e-13
28 +0 +0 +0 +1.315757e-12
29 +0 +0 +0 +7.577538e-13
30 +0 +0 +0 +9.749315e-13
31 +0 +0 +0 +6.114908e-13
32 +0 +0 +0 +2.156544e-13
33 +0 +0 +0 +2.225206e-13
34 +0 +0 +0 -2.505342e-14
35 +0 +0 +0 +3.626313e-13
36 +0 +0 +0 +3.416404e-13
37 +0 +0 +0 +2.407054e-13
38 +0 +0 +0 +1.550768e-13
39 +0 +0 +0 +2.600309e-13
40 +0 +0 +0 +4.091881e-13
41 +0 +0 +0 +3.658357e-13
42 +0 +0 +0 +2.623242e-13
43 +0 +0 +0 +7.500146e-14
44 +0 +0 +0 +7.445893e-14
45 +0 +0 +0 -5.723521e-14
46 +0 +0 +0 +1.820189e-14
47 +0 +0 +0 +5.607351e-14
48 +0 +0 +0 -1.126571e-13
49 +0 +0 +0 +4.947911e-14
50 +0 +0 +0 +1.365577e-13
51 +0 +0 +0 +1.419384e-13
52 +0 +0 +0 +1.197491e-13
53 +0 +0 +0 +9.230408e-14
54 +0 +0 +0 +1.428436e-13
55 +0 +0 +0 +1.369456e-13
56 +0 +0 +0 -9.675029e-15
57 +0 +0 +0 +2.119121e-14
58 +0 +0 +0 -1.251724e-13
59 +0 +0 +0 -2.142104e-13
60 +0 +0 +0 -2.324549e-13
61 +0 +0 +0 -1.937852e-13
62 +0 +0 +0 -1.661751e-13
63 +0 +0 +0 -1.534904e-13
