0 +0 +0 +0 +1.335656e-08
1 +0 +0 +0 +2.483239e-08
2 +0 +0 +0 +1.362885e-08
3 +0 +0 +0 +8.002210e-09
4 +0 +0 +0 +4.998379e-09
5 +0 +0 +0 +3.186144e-09
6 +0 +0 +0 +2.076390e-09
7 +0 +0 +0 +1.393961e-09
8 +0 +0 +0 +9.327316e-10
9 +0 +0 +0 +6.119714e-10
10 +0 +0 +0 +4.109510e-10
11 +0 +0 +0 +2.747279e-10
12 +0 +0 +0 +1.880434e-10
13 +0 +0 +0 +1.322373e-10
14 +0 +0 +0 +9.141207e-11
15 +0 +0 +0 +5.911890e-11
16 +0 +0 +0 +4.017463e-11
17 +0 +0 +0 +2.830325e-11
18 +0 +0 +0 +1.661530e-11
19 +0 +0 +0 +1.008672e-11
20 +0 +0 +0 +6.998313e-12
21 +0 +0 +0 +3.679981e-12
22 +0 +0 +0 +8.520499e-13
23 +0 +0 +0 -8.477177e-13
24 +0 +0 +0 +2.765883e-13
25 +0 +0 +0 -3.398197e-13
26 +0 +0 +0 -4.871764e-13
27 +0 +0 +0 -7.219341e-13
28 +0 +0 +0 +1.402314e-13
29 +0 +0 +0 +2.286870e-13
30 +0 +0 +0 +3.782677e-13
31 +0 +0 +0 +4.389391e-13
32 +0 +0 +0 +4.365445e-13
33 +0 +0 +0 -1.633636e-13
34 +0 +0 +0 +8.972261e-14
35 +0 +0 +0 +2.524669e-15
36 +0 +0 +0 +6.825006e-14
37 +0 +0 +0 +6.119787e-13
38 +0 +0 +0 +5.731383e-13
39 +0 +0 +0 +3.716289e-13
40 +0 +0 +0 +1.629153e-13
41 +0 +0 +0 +3.365068e-13
42 +0 +0 +0 +3.370363e-13
43 +0 +0 +0 +2.551834e-13
44 +0 +0 +0 +3.084343e-13
45 +0 +0 +0 +1.103606e-13
46 +0 +0 +0 -1.566372e-14
47 +0 +0 +0 -2.263169e-13
48 +0 +0 +0 -6.923292e-14
49 +0 +0 +0 -1.869066e-13
50 +0 +0 +0 -1.486624e-13
51 +0 +0 +0 -5.959662e-14
52 +0 +0 +0 -8.149729e-14
53 +0 +0 +0 -8.666701e-14
54 +0 +0 +0 -7.356304e-14
55 +0 +0 +0 -1.526990e-13
56 +0 +0 +0 -1.688527e-13
57 +0 +0 +0 -1.603480e-13
58 +0 +0 +0 -2.005820e-13
59 +0 +0 +0 -1.811061e-13
60 +0 +0 +0 -1.588163e-13
61 +0 +0 +0 -1.521001e-13
62 +0 +0 +0 -2.483256e-13
63 +0 +0 +0 -2.421829e-13
