0 +0 +0 +0 +1.313131e-08
1 +0 +0 +0 +2.401253e-08
2 +0 +0 +0 +1.300240e-08
3 +0 +0 +0 +7.631313e-09
4 +0 +0 +0 +4.665475e-09
5 +0 +0 +0 +3.001329e-09
6 +0 +0 +0 +1.969966e-09
7 +0 +0 +0 +1.314441e-09
8 +0 +0 +0 +8.715064e-10
9 +0 +0 +0 +5.865279e-10
10 +0 +0 +0 +4.005770e-10
11 +0 +0 +0 +2.732795e-10
12 +0 +0 +0 +1.852053e-10
13 +0 +0 +0 +1.267246e-10
14 +0 +0 +0 +9.285038e-11
15 +0 +0 +0 +6.202952e-11
16 +0 +0 +0 +4.219190e-11
17 +0 +0 +0 +2.577177e-11
18 +0 +0 +0 +1.502416e-11
19 +0 +0 +0 +7.735462e-12
20 +0 +0 +0 +5.582350e-12
21 +0 +0 +0 +2.848324e-12
22 +0 +0 +0 +1.142151e-12
23 +0 +0 +0 -5.179981e-13
24 +0 +0 +0 -7.395845e-13
25 +0 +0 +0 -4.495809e-13
26 +0 +0 +0 -4.679829e-13
27 +0 +0 +0 +3.937632e-13
28 +0 +0 +0 -2.763449e-13
29 +0 +0 +0 -8.465350e-14
30 +0 +0 +0 -4.349665e-13
31 +0 +0 +0 -7.537156e-13
32 +0 +0 +0 -4.605239e-13
33 +0 +0 +0 -1.407754e-13
34 +0 +0 +0 +4.580910e-13
35 +0 +0 +0 +9.980776e-14
36 +0 +0 +0 +1.842495e-13
37 +0 +0 +0 +6.480452e-13
38 +0 +0 +0 +3.872841e-13
39 +0 +0 +0 +6.535866e-13
40 +0 +0 +0 +4.389504e-13
41 +0 +0 +0 +3.147674e-13
42 +0 +0 +0 +2.989519e-13
43 +0 +0 +0 +3.126112e-13
44 +0 +0 +0 +4.384047e-13
45 +0 +0 +0 +2.386582e-13
46 +0 +0 +0 -7.134349e-14
47 +0 +0 +0 -1.778918e-13
48 +0 +0 +0 -1.219424e-13
49 +0 +0 +0 -5.477463e-14
50 +0 +0 +0 -1.181167e-13
51 +0 +0 +0 -2.749652e-14
52 +0 +0 +0 -1.231875e-13
53 +0 +0 +0 -1.716717e-13
54 +0 +0 +0 -5.002780e-14
55 +0 +0 +0 -1.391088e-14
56 +0 +0 +0 -2.937756e-14
57 +0 +0 +0 +4.830474e-14
58 +0 +0 +0 +2.698789e-14
59 +0 +0 +0 -3.938818e-14
60 +0 +0 +0 +5.407196e-14
61 +0 +0 +0 +4.755429e-14
62 +0 +0 +0 +5.201496e-14
63 +0 +0 +0 +5.217332e-14
