0 +0 +0 +0 +1.348212e-08
1 +0 +0 +0 +2.432889e-08
2 +0 +0 +0 +1.334240e-08
3 +0 +0 +0 +8.019975e-09
4 +0 +0 +0 +4.990231e-09
5 +0 +0 +0 +3.194459e-09
6 +0 +0 +0 +2.054591e-09
7 +0 +0 +0 +1.375860e-09
8 +0 +0 +0 +8.848402e-10
9 +0 +0 +0 +5.997391e-10
10 +0 +0 +0 +4.095923e-10
11 +0 +0 +0 +2.774901e-10
12 +0 +0 +0 +1.868030e-10
13 +0 +0 +0 +1.251779e-10
14 +0 +0 +0 +8.348684e-11
15 +0 +0 +0 +5.994058e-11
16 +0 +0 +0 +4.142082e-11
17 +0 +0 +0 +2.529778e-11
18 +0 +0 +0 +1.775098e-11
19 +0 +0 +0 +1.311010e-11
20 +0 +0 +0 +9.762765e-12
21 +0 +0 +0 +5.549332e-12
22 +0 +0 +0 +3.437793e-12
23 +0 +0 +0 +6.235252e-13
24 +0 +0 +0 +1.573521e-13
25 +0 +0 +0 -4.362802e-13
26 +0 +0 +0 +2.923046e-13
27 +0 +0 +0 +8.014669e-13
28 +0 +0 +0 +1.030330e-12
29 +0 +0 +0 +8.654937e-13
30 +0 +0 +0 +8.706009e-13
31 +0 +0 +0 +6.482252e-13
32 +0 +0 +0 +5.439897e-13
33 +0 +0 +0 +1.913107e-13
34 +0 +0 +0 +1.195041e-13
35 +0 +0 +0 +4.621003e-14
36 +0 +0 +0 -5.661614e-13
37 +0 +0 +0 +3.884630e-14
38 +0 +0 +0 -1.741652e-13
39 +0 +0 +0 -2.445307e-13
40 +0 +0 +0 -3.699185e-14
41 +0 +0 +0 +1.316325e-13
42 +0 +0 +0 +2.750154e-13
43 +0 +0 +0 +3.191681e-13
44 +0 +0 +0 +2.301542e-13
45 +0 +0 +0 +1.554316e-13
46 +0 +0 +0 +1.669555e-13
47 +0 +0 +0 +3.832924e-14
48 +0 +0 +0 +1.286157e-13
49 +0 +0 +0 +1.663446e-13
50 +0 +0 +0 -1.135594e-14
51 +0 +0 +0 -2.840155e-13
52 +0 +0 +0 -1.136716e-13
53 +0 +0 +0 +1.640475e-14
54 +0 +0 +0 -1.111352e-14
55 +0 +0 +0 +2.739406e-14
56 +0 +0 +0 +7.218209e-15
57 +0 +0 +0 +1.060356e-13
58 +0 +0 +0 +1.151437e-13
59 +0 +0 +0 +1.386117e-13
60 +0 +0 +0 +2.514391e-14
61 +0 +0 +0 +2.169783e-14
62 +0 +0 +0 -4.888575e-14
63 +0 +0 +0 -5.098955e-14
