0 +0 +0 +0 +1.272640e-08
1 +0 +0 +0 +2.399558e-08
2 +0 +0 +0 +1.336328e-08
3 +0 +0 +0 +7.843676e-09
4 +0 +0 +0 +4.872847e-09
5 +0 +0 +0 +3.104353e-09
6 +0 +0 +0 +2.058866e-09
7 +0 +0 +0 +1.336406e-09
8 +0 +0 +0 +9.003047e-10
9 +0 +0 +0 +5.820021e-10
10 +0 +0 +0 +4.021908e-10
11 +0 +0 +0 +2.684970e-10
12 +0 +0 +0 +1.679176e-10
13 +0 +0 +0 +1.153093e-10
14 +0 +0 +0 +7.054210e-11
15 +0 +0 +0 +5.123099e-11
16 +0 +0 +0 +3.197197e-11
17 +0 +0 +0 +2.090942e-11
18 +0 +0 +0 +1.451319e-11
19 +0 +0 +0 +1.066903e-11
20 +0 +0 +0 +6.567079e-12
21 +0 +0 +0 +4.763791e-12
22 +0 +0 +0 +2.857187e-12
23 +0 +0 +0 +2.017414e-12
24 +0 +0 +0 +1.378417e-12
25 +0 +0 +0 +1.098918e-12
26 +0 +0 +0 +7.225823e-13
27 +0 +0 +0 -3.459767e-13
28 +0 +0 +0 -2.436227e-13
29 +0 +0 +0 +2.460915e-13
30 +0 +0 +0 -3.786190e-14
31 +0 +0 +0 -2.824279e-13
32 +0 +0 +0 -5.589153e-13
33 +0 +0 +0 -2.416141e-14
34 +0 +0 +0 +1.437193e-15
35 +0 +0 +0 -3.284028e-13
36 +0 +0 +0 -3.889829e-13
37 +0 +0 +0 -3.879079e-13
38 +0 +0 +0 -4.055382e-13
39 +0 +0 +0 -4.730563e-13
40 +0 +0 +0 -1.928274e-13
41 +0 +0 +0 -2.597191e-13
42 +0 +0 +0 -1.629942e-13
43 +0 +0 +0 -1.386216e-13
44 +0 +0 +0 -1.327741e-13
45 +0 +0 +0 +7.767950e-14
46 +0 +0 +0 -2.740857e-14
47 +0 +0 +0 +5.719021e-14
48 +0 +0 +0 -1.383086e-13
49 +0 +0 +0 -1.860914e-13
50 +0 +0 +0 -1.143233e-13
51 +0 +0 +0 -2.231877e-13
52 +0 +0 +0 -2.545840e-13
53 +0 +0 +0 -1.129347e-13
54 +0 +0 +0 -7.754846e-14
55 +0 +0 +0 -7.654973e-14
56 +0 +0 +0 -4.737930e-14
57 +0 +0 +0 -5.854061e-14
58 +0 +0 +0 -1.694889e-14
59 +0 +0 +0 +3.090440e-15
60 +0 +0 +0 -3.696110e-14
61 +0 +0 +0 -8.094826e-14
62 +0 +0 +0 -1.954712e-14
63 +0 +0 +0 +5.335221e-15
