0 +0 +0 +0 +1.345626e-08
1 +0 +0 +0 +2.435766e-08
2 +0 +0 +0 +1.389644e-08
3 +0 +0 +0 +8.035924e-09
4 +0 +0 +0 +5.031516e-09
5 +0 +0 +0 +3.142092e-09
6 +0 +0 +0 +1.991104e-09
7 +0 +0 +0 +1.311517e-09
8 +0 +0 +0 +8.775973e-10
9 +0 +0 +0 +5.925433e-10
10 +0 +0 +0 +3.875479e-10
11 +0 +0 +0 +2.578820e-10
12 +0 +0 +0 +1.738864e-10
13 +0 +0 +0 +1.128522e-10
14 +0 +0 +0 +8.167385e-11
15 +0 +0 +0 +5.587475e-11
16 +0 +0 +0 +3.628261e-11
17 +0 +0 +0 +1.958764e-11
18 +0 +0 +0 +9.927666e-12
19 +0 +0 +0 +6.047219e-12
20 +0 +0 +0 +6.032931e-12
21 +0 +0 +0 +3.967812e-12
22 +0 +0 +0 +3.512251e-12
23 +0 +0 +0 +3.935097e-12
24 +0 +0 +0 +3.073952e-12
25 +0 +0 +0 +4.229139e-12
26 +0 +0 +0 +2.764728e-12
27 +0 +0 +0 +2.429637e-12
28 +0 +0 +0 +2.161875e-12
29 +0 +0 +0 +2.071817e-12
30 +0 +0 +0 +1.713665e-12
31 +0 +0 +0 +8.257827e-13
32 +0 +0 +0 +3.748343e-13
33 +0 +0 +0 +1.272122e-13
34 +0 +0 +0 +3.818082e-14
35 +0 +0 +0 +4.303108e-13
36 +0 +0 +0 +5.515659e-13
37 +0 +0 +0 +3.126840e-13
38 +0 +0 +0 +1.154830e-13
39 +0 +0 +0 +6.367077e-14
40 +0 +0 +0 +6.836789e-14
41 +0 +0 +0 +1.478958e-13
42 +0 +0 +0 -4.520322e-14
43 +0 +0 +0 -5.833960e-14
44 +0 +0 +0 +2.167216e-14
45 +0 +0 +0 +1.831695e-13
46 +0 +0 +0 +9.390769e-15
47 +0 +0 +0 +1.906215e-14
48 +0 +0 +0 +4.709869e-14
49 +0 +0 +0 +4.754092e-14
50 +0 +0 +0 +5.611139e-14
51 +0 +0 +0 -1.202426e-13
52 +0 +0 +0 -1.287184e-14
53 +0 +0 +0 -3.924458e-14
54 +0 +0 +0 -5.989010e-14
55 +0 +0 +0 -3.267809e-14
56 +0 +0 +0 +3.399622e-14
57 +0 +0 +0 +5.802730e-14
58 +0 +0 +0 -4.503975e-14
59 +0 +0 +0 -6.034618e-14
60 +0 +0 +0 -4.257411e-14
61 +0 +0 +0 -3.568236e-14
62 +0 +0 +0 +2.120786e-14
63 +0 +0 +0 +4.635142e-14
