0 +0 +0 +0 +1.246573e-08
1 +0 +0 +0 +2.410689e-08
2 +0 +0 +0 +1.359399e-08
3 +0 +0 +0 +7.910800e-09
4 +0 +0 +0 +4.926937e-09
5 +0 +0 +0 +3.211597e-09
6 +0 +0 +0 +2.110694e-09
7 +0 +0 +0 +1.374476e-09
8 +0 +0 +0 +8.808278e-10
9 +0 +0 +0 +6.102979e-10
10 +0 +0 +0 +4.195340e-10
11 +0 +0 +0 +2.834620e-10
12 +0 +0 +0 +1.932407e-10
13 +0 +0 +0 +1.299427e-10
14 +0 +0 +0 +8.907625e-11
15 +0 +0 +0 +5.891368e-11
16 +0 +0 +0 +3.751579e-11
17 +0 +0 +0 +2.516890e-11
18 +0 +0 +0 +1.700050e-11
19 +0 +0 +0 +1.412804e-11
20 +0 +0 +0 +8.249051e-12
21 +0 +0 +0 +6.814115e-12
22 +0 +0 +0 +3.706166e-12
23 +0 +0 +0 +2.667025e-12
24 +0 +0 +0 +2.485774e-12
25 +0 +0 +0 +1.083050e-12
26 +0 +0 +0 +3.835646e-13
27 +0 +0 +0 -3.557105e-13
28 +0 +0 +0 -7.166720e-13
29 +0 +0 +0 -1.025429e-12
30 +0 +0 +0 -4.830953e-13
31 +0 +0 +0 -4.331105e-13
32 +0 +0 +0 -2.232015e-13
33 +0 +0 +0 -2.456062e-13
34 +0 +0 +0 -6.931811e-13
35 +0 +0 +0 -3.217941e-13
36 +0 +0 +0 +6.351466e-15
37 +0 +0 +0 +4.672585e-13
38 +0 +0 +0 +2.998446e-13
39 +0 +0 +0 -3.991250e-13
40 +0 +0 +0 -2.654849e-13
41 +0 +0 +0 -2.142403e-13
42 +0 +0 +0 +3.091599e-14
43 +0 +0 +0 -2.832708e-13
44 +0 +0 +0 -4.915835e-14
45 +0 +0 +0 -3.332124e-15
46 +0 +0 +0 +1.009030e-13
47 +0 +0 +0 +1.732153e-13
48 +0 +0 +0 +2.460092e-13
49 +0 +0 +0 +4.668776e-14
50 +0 +0 +0 -1.270688e-13
51 +0 +0 +0 -6.192281e-14
52 +0 +0 +0 +1.801906e-13
53 +0 +0 +0 +1.692161e-13
54 +0 +0 +0 +1.309278e-13
55 +0 +0 +0 +4.947924e-14
56 +0 +0 +0 +5.409939e-14
57 +0 +0 +0 -8.338827e-15
58 +0 +0 +0 +4.342697e-14
59 +0 +0 +0 -7.966355e-15
60 +0 +0 +0 +7.522704e-14
61 +0 +0 +0 +3.943852e-14
62 +0 +0 +0 +4.181626e-14
63 +0 +0 +0 +9.276907e-14
