0 +0 +0 +0 +1.357604e-08
1 +0 +0 +0 +2.431299e-08
2 +0 +0 +0 +1.334307e-08
3 +0 +0 +0 +8.173712e-09
4 +0 +0 +0 +5.093495e-09
5 +0 +0 +0 +3.159375e-09
6 +0 +0 +0 +2.051706e-09
7 +0 +0 +0 +1.324156e-09
8 +0 +0 +0 +8.702166e-10
9 +0 +0 +0 +5.746347e-10
10 +0 +0 +0 +3.857029e-10
11 +0 +0 +0 +2.534945e-10
12 +0 +0 +0 +1.719744e-10
13 +0 +0 +0 +1.163893e-10
14 +0 +0 +0 +7.531939e-11
15 +0 +0 +0 +5.165749e-11
16 +0 +0 +0 +3.111468e-11
17 +0 +0 +0 +1.995937e-11
18 +0 +0 +0 +1.207976e-11
19 +0 +0 +0 +7.074706e-12
20 +0 +0 +0 +4.401989e-12
21 +0 +0 +0 +3.084857e-12
22 +0 +0 +0 +2.647668e-12
23 +0 +0 +0 +1.998628e-13
24 +0 +0 +0 +3.264606e-13
25 +0 +0 +0 -2.433372e-13
26 +0 +0 +0 -4.141797e-13
27 +0 +0 +0 +2.221478e-13
28 +0 +0 +0 +3.181963e-13
29 +0 +0 +0 -1.167920e-13
30 +0 +0 +0 +1.810979e-13
31 +0 +0 +0 +1.112507e-12
32 +0 +0 +0 +1.133972e-12
33 +0 +0 +0 +1.044541e-12
34 +0 +0 +0 +1.088433e-12
35 +0 +0 +0 +1.277709e-12
36 +0 +0 +0 +4.240759e-13
37 +0 +0 +0 -2.496765e-14
38 +0 +0 +0 +2.499207e-14
39 +0 +0 +0 -1.667552e-13
40 +0 +0 +0 +4.051064e-13
41 +0 +0 +0 +3.763541e-13
42 +0 +0 +0 +8.579062e-14
43 +0 +0 +0 +2.643525e-13
44 +0 +0 +0 -1.198318e-13
45 +0 +0 +0 -8.534623e-14
46 +0 +0 +0 -6.287083e-14
47 +0 +0 +0 -3.891020e-14
48 +0 +0 +0 +1.031810e-13
49 +0 +0 +0 +4.208686e-14
50 +0 +0 +0 -4.163185e-14
51 +0 +0 +0 +1.144113e-13
52 +0 +0 +0 +2.403744e-13
53 +0 +0 +0 +1.189356e-13
54 +0 +0 +0 +7.569351e-14
55 +0 +0 +0 +6.900274e-14
56 +0 +0 +0 +1.353023e-13
57 +0 +0 +0 +5.859114e-14
58 +0 +0 +0 +1.062670e-13
59 +0 +0 +0 +2.604889e-14
60 +0 +0 +0 -3.807708e-14
61 +0 +0 +0 -2.885261e-14
62 +0 +0 +0 -7.300112e-14
63 +0 +0 +0 -5.740192e-15
