0 +0 +0 +0 +1.309231e-08
1 +0 +0 +0 +2.428339e-08
2 +0 +0 +0 +1.366140e-08
3 +0 +0 +0 +8.063978e-09
4 +0 +0 +0 +4.904420e-09
5 +0 +0 +0 +3.130728e-09
6 +0 +0 +0 +2.060184e-09
7 +0 +0 +0 +1.362671e-09
8 +0 +0 +0 +9.110317e-10
9 +0 +0 +0 +6.230728e-10
10 +0 +0 +0 +4.284324e-10
11 +0 +0 +0 +2.939917e-10
12 +0 +0 +0 +1.979925e-10
13 +0 +0 +0 +1.325778e-10
14 +0 +0 +0 +8.715477e-11
15 +0 +0 +0 +6.108413e-11
16 +0 +0 +0 +3.985030e-11
17 +0 +0 +0 +2.534702e-11
18 +0 +0 +0 +1.932600e-11
19 +0 +0 +0 +1.393933e-11
20 +0 +0 +0 +1.095041e-11
21 +0 +0 +0 +8.260649e-12
22 +0 +0 +0 +5.804247e-12
23 +0 +0 +0 +4.333382e-12
24 +0 +0 +0 +3.465623e-12
25 +0 +0 +0 +2.358364e-12
26 +0 +0 +0 +1.917879e-12
27 +0 +0 +0 +1.375503e-12
28 +0 +0 +0 +1.115859e-12
29 +0 +0 +0 +5.761978e-13
30 +0 +0 +0 +8.332166e-13
31 +0 +0 +0 +3.499968e-14
32 +0 +0 +0 +3.153884e-13
33 +0 +0 +0 +1.221952e-13
34 +0 +0 +0 -4.607039e-13
35 +0 +0 +0 -6.197709e-15
36 +0 +0 +0 +3.379452e-13
37 +0 +0 +0 -6.589173e-14
38 +0 +0 +0 -4.324380e-14
39 +0 +0 +0 -3.092237e-13
40 +0 +0 +0 -5.614035e-14
41 +0 +0 +0 -4.831517e-14
42 +0 +0 +0 +9.859033e-15
43 +0 +0 +0 +1.624783e-14
44 +0 +0 +0 +4.772769e-14
45 +0 +0 +0 -7.906648e-15
46 +0 +0 +0 -8.578068e-14
47 +0 +0 +0 -1.757404e-13
48 +0 +0 +0 +3.712815e-14
49 +0 +0 +0 +1.019656e-13
50 +0 +0 +0 -2.774595e-14
51 +0 +0 +0 -1.540573e-13
52 +0 +0 +0 -1.363922e-13
53 +0 +0 +0 -1.931308e-13
54 +0 +0 +0 -9.932326e-14
55 +0 +0 +0 -1.037966e-13
56 +0 +0 +0 -1.174968e-13
57 +0 +0 +0 +2.099337e-14
58 +0 +0 +0 -5.923543e-14
59 +0 +0 +0 +3.450334e-14
60 +0 +0 +0 +1.279144e-13
61 +0 +0 +0 +1.651725e-13
62 +0 +0 +0 +1.249461e-13
63 +0 +0 +0 +7.125800e-14
