0 +0 +0 +0 +1.353484e-08
1 +0 +0 +0 +2.478196e-08
2 +0 +0 +0 +1.360760e-08
3 +0 +0 +0 +8.022253e-09
4 +0 +0 +0 +5.020649e-09
5 +0 +0 +0 +3.159087e-09
6 +0 +0 +0 +2.023239e-09
7 +0 +0 +0 +1.335317e-09
8 +0 +0 +0 +8.783136e-10
9 +0 +0 +0 +5.925603e-10
10 +0 +0 +0 +3.979028e-10
11 +0 +0 +0 +2.635970e-10
12 +0 +0 +0 +1.785430e-10
13 +0 +0 +0 +1.228245e-10
14 +0 +0 +0 +8.288245e-11
15 +0 +0 +0 +5.615116e-11
16 +0 +0 +0 +4.114750e-11
17 +0 +0 +0 +2.880793e-11
18 +0 +0 +0 +1.972812e-11
19 +0 +0 +0 +1.572346e-11
20 +0 +0 +0 +1.098488e-11
21 +0 +0 +0 +8.736791e-12
22 +0 +0 +0 +6.501185e-12
23 +0 +0 +0 +6.019566e-12
24 +0 +0 +0 +6.115564e-12
25 +0 +0 +0 +4.524564e-12
26 +0 +0 +0 +3.911543e-12
27 +0 +0 +0 +3.510255e-12
28 +0 +0 +0 +2.287068e-12
29 +0 +0 +0 +2.602695e-12
30 +0 +0 +0 +1.880723e-12
31 +0 +0 +0 +1.496535e-12
32 +0 +0 +0 +1.446278e-13
33 +0 +0 +0 +4.279788e-13
34 +0 +0 +0 -1.554942e-13
35 +0 +0 +0 -1.898352e-13
36 +0 +0 +0 -3.021432e-13
37 +0 +0 +0 +1.767468e-13
38 +0 +0 +0 +9.402590e-14
39 +0 +0 +0 +7.034357e-14
40 +0 +0 +0 +1.167623e-13
41 +0 +0 +0 +6.174994e-15
42 +0 +0 +0 +1.963521e-13
43 +0 +0 +0 +2.198713e-13
44 +0 +0 +0 +6.049182e-14
45 +0 +0 +0 +6.445722e-14
46 +0 +0 +0 -1.404954e-14
47 +0 +0 +0 -8.830233e-14
48 +0 +0 +0 +6.333140e-14
49 +0 +0 +0 +1.126117e-13
50 +0 +0 +0 +1.049961e-13
51 +0 +0 +0 +6.924632e-15
52 +0 +0 +0 +8.341610e-14
53 +0 +0 +0 +1.672718e-13
54 +0 +0 +0 +2.321072e-13
55 +0 +0 +0 +1.301395e-13
56 +0 +0 +0 +1.312489e-13
57 +0 +0 +0 +1.545469e-13
58 +0 +0 +0 +1.112395e-13
59 +0 +0 +0 +1.682035e-13
60 +0 +0 +0 +1.405239e-13
61 +0 +0 +0 +4.362332e-14
62 +0 +0 +0 +4.919004e-14
63 +0 +0 +0 +1.839340e-14
