0 +0 +0 +0 +1.414308e-08
1 +0 +0 +0 +2.542711e-08
2 +0 +0 +0 +1.433953e-08
3 +0 +0 +0 +8.450452e-09
4 +0 +0 +0 +5.159962e-09
5 +0 +0 +0 +3.296544e-09
6 +0 +0 +0 +2.121719e-09
7 +0 +0 +0 +1.423856e-09
8 +0 +0 +0 +9.627349e-10
9 +0 +0 +0 +6.336515e-10
10 +0 +0 +0 +4.229344e-10
11 +0 +0 +0 +2.799094e-10
12 +0 +0 +0 +1.790453e-10
13 +0 +0 +0 +1.170983e-10
14 +0 +0 +0 +8.032052e-11
15 +0 +0 +0 +5.177677e-11
16 +0 +0 +0 +3.950673e-11
17 +0 +0 +0 +3.131870e-11
18 +0 +0 +0 +2.415489e-11
19 +0 +0 +0 +1.916897e-11
20 +0 +0 +0 +1.456068e-11
21 +0 +0 +0 +1.096112e-11
22 +0 +0 +0 +8.788843e-12
23 +0 +0 +0 +6.388537e-12
24 +0 +0 +0 +5.299915e-12
25 +0 +0 +0 +5.552414e-12
26 +0 +0 +0 +3.671599e-12
27 +0 +0 +0 +2.921694e-12
28 +0 +0 +0 +3.230416e-12
29 +0 +0 +0 +2.667065e-12
30 +0 +0 +0 +2.023601e-12
31 +0 +0 +0 +5.645516e-13
32 +0 +0 +0 +4.160448e-13
33 +0 +0 +0 +2.020930e-13
34 +0 +0 +0 +6.399797e-13
35 +0 +0 +0 +9.905677e-13
36 +0 +0 +0 +4.658083e-13
37 +0 +0 +0 +3.158128e-13
38 +0 +0 +0 -4.433382e-13
39 +0 +0 +0 -3.808764e-13
40 +0 +0 +0 -5.964976e-13
41 +0 +0 +0 -8.634546e-14
42 +0 +0 +0 +2.028695e-13
43 +0 +0 +0 +2.942759e-13
44 +0 +0 +0 +1.242166e-13
45 +0 +0 +0 +5.310865e-14
46 +0 +0 +0 +1.891333e-13
47 +0 +0 +0 +2.542343e-13
48 +0 +0 +0 +1.753534e-13
49 +0 +0 +0 +5.799903e-14
50 +0 +0 +0 -3.837681e-14
51 +0 +0 +0 -1.870779e-13
52 +0 +0 +0 -1.530493e-13
53 +0 +0 +0 +1.921081e-14
54 +0 +0 +0 -4.532530e-14
55 +0 +0 +0 -1.182287e-13
56 +0 +0 +0 -9.881216e-14
57 +0 +0 +0 -3.017996e-14
58 +0 +0 +0 -1.143799e-13
59 +0 +0 +0 -1.303175e-13
60 +0 +0 +0 -9.928645e-14
61 +0 +0 +0 +2.063769e-15
62 +0 +0 +0 +1.388761e-14
63 +0 +0 +0 +6.289448e-14
