0 +0 +0 +0 +1.265061e-08
1 +0 +0 +0 +2.348869e-08
2 +0 +0 +0 +1.271386e-08
3 +0 +0 +0 +7.510523e-09
4 +0 +0 +0 +4.752184e-09
5 +0 +0 +0 +2.980054e-09
6 +0 +0 +0 +1.938122e-09
7 +0 +0 +0 +1.265090e-09
8 +0 +0 +0 +8.318602e-10
9 +0 +0 +0 +5.495382e-10
10 +0 +0 +0 +3.660946e-10
11 +0 +0 +0 +2.482342e-10
12 +0 +0 +0 +1.673336e-10
13 +0 +0 +0 +1.166513e-10
14 +0 +0 +0 +8.223810e-11
15 +0 +0 +0 +5.150351e-11
16 +0 +0 +0 +3.597698e-11
17 +0 +0 +0 +2.373507e-11
18 +0 +0 +0 +1.879031e-11
19 +0 +0 +0 +1.203018e-11
20 +0 +0 +0 +9.655794e-12
21 +0 +0 +0 +6.958518e-12
22 +0 +0 +0 +5.506128e-12
23 +0 +0 +0 +4.307615e-12
24 +0 +0 +0 +3.227839e-12
25 +0 +0 +0 +2.602533e-12
26 +0 +0 +0 +1.000374e-12
27 +0 +0 +0 +5.372852e-13
28 +0 +0 +0 +9.226254e-13
29 +0 +0 +0 +6.682143e-13
30 +0 +0 +0 -1.006668e-13
31 +0 +0 +0 -6.770415e-13
32 +0 +0 +0 -6.717620e-14
33 +0 +0 +0 +7.771180e-14
34 +0 +0 +0 -1.184844e-13
35 +0 +0 +0 -1.482048e-13
36 +0 +0 +0 -1.278848e-15
37 +0 +0 +0 -5.041616e-13
38 +0 +0 +0 -4.201155e-13
39 +0 +0 +0 -1.353877e-13
40 +0 +0 +0 -4.512649e-13
41 +0 +0 +0 -2.424536e-13
42 +0 +0 +0 -4.328842e-13
43 +0 +0 +0 -1.476607e-13
44 +0 +0 +0 +1.256201e-13
45 +0 +0 +0 +3.444244e-13
46 +0 +0 +0 +3.560637e-13
47 +0 +0 +0 +4.514619e-13
48 +0 +0 +0 +3.544474e-13
49 +0 +0 +0 +3.310452e-13
50 +0 +0 +0 +1.870825e-13
51 +0 +0 +0 +1.140402e-13
52 +0 +0 +0 +1.019093e-13
53 +0 +0 +0 +1.213570e-13
54 +0 +0 +0 +1.131303e-13
55 +0 +0 +0 +1.028914e-13
56 +0 +0 +0 +3.274778e-14
57 +0 +0 +0 -6.122220e-14
58 +0 +0 +0 -6.491461e-14
59 +0 +0 +0 -1.887605e-13
60 +0 +0 +0 -1.736609e-13
61 +0 +0 +0 -1.236212e-13
62 +0 +0 +0 -8.652500e-14
63 +0 +0 +0 -1.051959e-13
