0 +0 +0 +0 +1.292128e-08
1 +0 +0 +0 +2.363450e-08
2 +0 +0 +0 +1.309207e-08
3 +0 +0 +0 +7.670411e-09
4 +0 +0 +0 +4.692572e-09
5 +0 +0 +0 +2.989654e-09
6 +0 +0 +0 +1.937475e-09
7 +0 +0 +0 +1.263405e-09
8 +0 +0 +0 +8.248250e-10
9 +0 +0 +0 +5.321948e-10
10 +0 +0 +0 +3.608641e-10
11 +0 +0 +0 +2.465844e-10
12 +0 +0 +0 +1.625993e-10
13 +0 +0 +0 +1.088794e-10
14 +0 +0 +0 +7.841734e-11
15 +0 +0 +0 +5.257446e-11
16 +0 +0 +0 +3.334086e-11
17 +0 +0 +0 +2.420059e-11
18 +0 +0 +0 +1.774017e-11
19 +0 +0 +0 +1.204471e-11
20 +0 +0 +0 +9.116957e-12
21 +0 +0 +0 +6.309617e-12
22 +0 +0 +0 +4.887415e-12
23 +0 +0 +0 +3.736768e-12
24 +0 +0 +0 +3.281214e-12
25 +0 +0 +0 +1.371218e-12
26 +0 +0 +0 +1.284513e-12
27 +0 +0 +0 +1.002014e-12
28 +0 +0 +0 -4.115143e-13
29 +0 +0 +0 -5.015624e-13
30 +0 +0 +0 -7.281412e-13
31 +0 +0 +0 -9.097678e-13
32 +0 +0 +0 -8.442460e-13
33 +0 +0 +0 -6.757465e-13
34 +0 +0 +0 -3.193851e-13
35 +0 +0 +0 -1.076573e-13
36 +0 +0 +0 +1.173241e-13
37 +0 +0 +0 -1.389097e-14
38 +0 +0 +0 +1.556455e-13
39 +0 +0 +0 +1.116697e-13
40 +0 +0 +0 +4.431305e-13
41 +0 +0 +0 +3.316084e-13
42 +0 +0 +0 +3.949231e-13
43 +0 +0 +0 +4.691664e-13
44 +0 +0 +0 +3.413263e-13
45 +0 +0 +0 +2.978556e-13
46 +0 +0 +0 +2.084338e-13
47 +0 +0 +0 +1.392295e-13
48 +0 +0 +0 +1.137493e-13
49 +0 +0 +0 +9.591032e-14
50 +0 +0 +0 +5.532536e-14
51 +0 +0 +0 +5.645267e-14
52 +0 +0 +0 +1.220911e-13
53 +0 +0 +0 +2.411768e-14
54 +0 +0 +0 +9.672439e-14
55 +0 +0 +0 -1.145003e-13
56 +0 +0 +0 -1.056046e-13
57 +0 +0 +0 -1.077701e-13
58 +0 +0 +0 -1.223698e-13
59 +0 +0 +0 -8.390668e-14
60 +0 +0 +0 -5.222585e-15
61 +0 +0 +0 -1.364280e-14
62 +0 +0 +0 +1.169704e-14
63 +0 +0 +0 +1.092917e-14
