0 +0 +0 +0 +1.293030e-08
1 +0 +0 +0 +2.274987e-08
2 +0 +0 +0 +1.253714e-08
3 +0 +0 +0 +7.417138e-09
4 +0 +0 +0 +4.555983e-09
5 +0 +0 +0 +2.920600e-09
6 +0 +0 +0 +1.894485e-09
7 +0 +0 +0 +1.249360e-09
8 +0 +0 +0 +8.253192e-10
9 +0 +0 +0 +5.647043e-10
10 +0 +0 +0 +3.792651e-10
11 +0 +0 +0 +2.547952e-10
12 +0 +0 +0 +1.755999e-10
13 +0 +0 +0 +1.187837e-10
14 +0 +0 +0 +7.855299e-11
15 +0 +0 +0 +5.314649e-11
16 +0 +0 +0 +3.701443e-11
17 +0 +0 +0 +2.625205e-11
18 +0 +0 +0 +1.836393e-11
19 +0 +0 +0 +1.299477e-11
20 +0 +0 +0 +8.364304e-12
21 +0 +0 +0 +4.033050e-12
22 +0 +0 +0 +4.345347e-12
23 +0 +0 +0 +2.366119e-12
24 +0 +0 +0 +7.530404e-13
25 +0 +0 +0 -3.081806e-13
26 +0 +0 +0 -6.286871e-13
27 +0 +0 +0 +5.368890e-14
28 +0 +0 +0 +3.397446e-13
29 +0 +0 +0 +4.304465e-13
30 +0 +0 +0 -1.980070e-13
31 +0 +0 +0 -3.254882e-13
32 +0 +0 +0 -9.083946e-14
33 +0 +0 +0 -2.037057e-13
34 +0 +0 +0 -2.948592e-13
35 +0 +0 +0 -3.981527e-13
36 +0 +0 +0 -4.531889e-14
37 +0 +0 +0 -4.765275e-14
38 +0 +0 +0 -1.797784e-13
39 +0 +0 +0 -3.847650e-13
40 +0 +0 +0 -5.630851e-13
41 +0 +0 +0 -5.118588e-13
42 +0 +0 +0 -5.030099e-13
43 +0 +0 +0 -4.723681e-13
44 +0 +0 +0 -5.590924e-13
45 +0 +0 +0 -5.467972e-13
46 +0 +0 +0 -4.354933e-13
47 +0 +0 +0 -3.080384e-13
48 +0 +0 +0 -2.974018e-13
49 +0 +0 +0 -2.589452e-13
50 +0 +0 +0 -1.687456e-13
51 +0 +0 +0 -1.780267e-13
52 +0 +0 +0 -8.034265e-14
53 +0 +0 +0 -3.524106e-14
54 +0 +0 +0 -9.926098e-14
55 +0 +0 +0 -8.678360e-14
56 +0 +0 +0 -1.717672e-14
57 +0 +0 +0 -1.538741e-14
58 +0 +0 +0 -5.098329e-14
59 +0 +0 +0 -1.105962e-13
60 +0 +0 +0 -8.714164e-14
61 +0 +0 +0 -5.825670e-14
62 +0 +0 +0 -1.382239e-14
63 +0 +0 +0 -1.587991e-14
