0 +0 +0 +0 +1.274969e-08
1 +0 +0 +0 +2.415917e-08
2 +0 +0 +0 +1.307498e-08
3 +0 +0 +0 +7.628735e-09
4 +0 +0 +0 +4.770199e-09
5 +0 +0 +0 +2.984814e-09
6 +0 +0 +0 +1.991937e-09
7 +0 +0 +0 +1.295890e-09
8 +0 +0 +0 +8.360371e-10
9 +0 +0 +0 +5.865038e-10
10 +0 +0 +0 +3.911146e-10
11 +0 +0 +0 +2.649649e-10
12 +0 +0 +0 +1.796863e-10
13 +0 +0 +0 +1.156493e-10
14 +0 +0 +0 +8.202198e-11
15 +0 +0 +0 +5.610014e-11
16 +0 +0 +0 +3.636443e-11
17 +0 +0 +0 +2.560461e-11
18 +0 +0 +0 +1.651274e-11
19 +0 +0 +0 +1.153548e-11
20 +0 +0 +0 +7.893830e-12
21 +0 +0 +0 +4.555504e-12
22 +0 +0 +0 +3.738369e-12
23 +0 +0 +0 +3.076397e-12
24 +0 +0 +0 +1.938984e-12
25 +0 +0 +0 +8.466320e-13
26 +0 +0 +0 -6.172207e-13
27 +0 +0 +0 -2.934879e-13
28 +0 +0 +0 +7.499256e-13
29 +0 +0 +0 +6.983363e-13
30 +0 +0 +0 +1.334016e-12
31 +0 +0 +0 +1.495161e-12
32 +0 +0 +0 +1.261394e-12
33 +0 +0 +0 +1.712706e-12
34 +0 +0 +0 +1.205827e-12
35 +0 +0 +0 +9.907467e-13
36 +0 +0 +0 +9.842837e-13
37 +0 +0 +0 +6.023942e-13
38 +0 +0 +0 +3.194929e-13
39 +0 +0 +0 +9.855168e-14
40 +0 +0 +0 +1.355043e-13
41 +0 +0 +0 +2.742345e-13
42 +0 +0 +0 +2.507593e-13
43 +0 +0 +0 +1.289384e-13
44 +0 +0 +0 +2.491265e-13
45 +0 +0 +0 +4.011382e-13
46 +0 +0 +0 +1.839091e-13
47 +0 +0 +0 +1.651716e-13
48 +0 +0 +0 +1.913862e-13
49 +0 +0 +0 +3.691566e-13
50 +0 +0 +0 +1.695846e-13
51 +0 +0 +0 +1.933636e-13
52 +0 +0 +0 +1.190963e-13
53 +0 +0 +0 +8.751416e-14
54 +0 +0 +0 -5.998757e-14
55 +0 +0 +0 -1.265720e-13
56 +0 +0 +0 -1.682739e-13
57 +0 +0 +0 -7.026253e-14
58 +0 +0 +0 -3.608768e-14
59 +0 +0 +0 -2.077894e-16
60 +0 +0 +0 -8.458542e-14
61 +0 +0 +0 -9.201884e-14
62 +0 +0 +0 -3.125250e-14
63 +0 +0 +0 -3.136025e-14
