0 +0 +0 +0 +1.332817e-08
1 +0 +0 +0 +2.390901e-08
2 +0 +0 +0 +1.343545e-08
3 +0 +0 +0 +7.748023e-09
4 +0 +0 +0 +4.871559e-09
5 +0 +0 +0 +3.131953e-09
6 +0 +0 +0 +2.046876e-09
7 +0 +0 +0 +1.336211e-09
8 +0 +0 +0 +8.815446e-10
9 +0 +0 +0 +5.780883e-10
10 +0 +0 +0 +3.721901e-10
11 +0 +0 +0 +2.516556e-10
12 +0 +0 +0 +1.665978e-10
13 +0 +0 +0 +1.059056e-10
14 +0 +0 +0 +7.219904e-11
15 +0 +0 +0 +4.990450e-11
16 +0 +0 +0 +3.577904e-11
17 +0 +0 +0 +2.500397e-11
18 +0 +0 +0 +1.687811e-11
19 +0 +0 +0 +8.364485e-12
20 +0 +0 +0 +4.967626e-12
21 +0 +0 +0 +4.057173e-12
22 +0 +0 +0 +3.226598e-12
23 +0 +0 +0 +3.028886e-12
24 +0 +0 +0 +2.217229e-12
25 +0 +0 +0 +1.152705e-12
26 +0 +0 +0 +1.487328e-13
27 +0 +0 +0 +1.079323e-13
28 +0 +0 +0 -3.025899e-13
29 +0 +0 +0 +3.313144e-13
30 +0 +0 +0 -1.911802e-13
31 +0 +0 +0 -4.155343e-14
32 +0 +0 +0 +7.706740e-15
33 +0 +0 +0 -1.998185e-13
34 +0 +0 +0 -5.070899e-13
35 +0 +0 +0 -4.625416e-13
36 +0 +0 +0 -7.107363e-13
37 +0 +0 +0 -1.004520e-12
38 +0 +0 +0 -5.731249e-13
39 +0 +0 +0 -1.989773e-13
40 +0 +0 +0 -3.304314e-13
41 +0 +0 +0 -4.104930e-13
42 +0 +0 +0 -5.122471e-13
43 +0 +0 +0 -4.581953e-13
44 +0 +0 +0 -5.271905e-13
45 +0 +0 +0 -4.368463e-13
46 +0 +0 +0 -4.451794e-13
47 +0 +0 +0 -2.749273e-13
48 +0 +0 +0 -1.117555e-13
49 +0 +0 +0 +4.393890e-14
50 +0 +0 +0 -1.466204e-13
51 +0 +0 +0 -2.579552e-13
52 +0 +0 +0 -2.358296e-13
53 +0 +0 +0 -1.993136e-13
54 +0 +0 +0 -1.506119e-13
55 +0 +0 +0 -9.257791e-14
56 +0 +0 +0 -1.172849e-13
57 +0 +0 +0 -9.066822e-14
58 +0 +0 +0 -1.355031e-13
59 +0 +0 +0 -1.082883e-13
60 +0 +0 +0 -5.167967e-14
61 +0 +0 +0 -4.842828e-14
62 +0 +0 +0 -3.992242e-14
63 +0 +0 +0 -2.394011e-14
