0 +0 +0 +0 +1.278861e-08
1 +0 +0 +0 +2.310720e-08
2 +0 +0 +0 +1.276804e-08
3 +0 +0 +0 +7.325378e-09
4 +0 +0 +0 +4.555850e-09
5 +0 +0 +0 +2.929853e-09
6 +0 +0 +0 +1.885694e-09
7 +0 +0 +0 +1.219145e-09
8 +0 +0 +0 +8.189289e-10
9 +0 +0 +0 +5.381797e-10
10 +0 +0 +0 +3.612793e-10
11 +0 +0 +0 +2.457729e-10
12 +0 +0 +0 +1.658237e-10
13 +0 +0 +0 +1.177446e-10
14 +0 +0 +0 +7.928962e-11
15 +0 +0 +0 +5.463847e-11
16 +0 +0 +0 +3.762711e-11
17 +0 +0 +0 +2.614735e-11
18 +0 +0 +0 +1.921995e-11
19 +0 +0 +0 +1.210945e-11
20 +0 +0 +0 +9.507682e-12
21 +0 +0 +0 +5.160173e-12
22 +0 +0 +0 +2.749715e-12
23 +0 +0 +0 +1.152048e-12
24 +0 +0 +0 +1.443513e-12
25 +0 +0 +0 -1.680219e-13
26 +0 +0 +0 -3.651038e-13
27 +0 +0 +0 -5.703199e-13
28 +0 +0 +0 +3.141651e-13
29 +0 +0 +0 +4.890690e-13
30 +0 +0 +0 +2.085264e-13
31 +0 +0 +0 +3.062692e-13
32 +0 +0 +0 +1.915833e-13
33 +0 +0 +0 +2.509781e-13
34 +0 +0 +0 +1.519527e-13
35 +0 +0 +0 -1.998083e-13
36 +0 +0 +0 +2.774993e-13
37 +0 +0 +0 +5.182425e-15
38 +0 +0 +0 +1.520248e-13
39 +0 +0 +0 +2.823863e-13
40 +0 +0 +0 +5.821175e-13
41 +0 +0 +0 +5.231763e-13
42 +0 +0 +0 +2.923874e-13
43 +0 +0 +0 +1.450914e-13
44 +0 +0 +0 -6.452633e-14
45 +0 +0 +0 -6.290325e-16
46 +0 +0 +0 -3.015874e-14
47 +0 +0 +0 +4.871771e-14
48 +0 +0 +0 -1.513689e-13
49 +0 +0 +0 -1.588025e-13
50 +0 +0 +0 -1.739506e-13
51 +0 +0 +0 -2.532507e-13
52 +0 +0 +0 -2.514140e-13
53 +0 +0 +0 -1.965334e-13
54 +0 +0 +0 +5.415472e-15
55 +0 +0 +0 -4.072194e-14
56 +0 +0 +0 -5.044436e-14
57 +0 +0 +0 -1.508501e-14
58 +0 +0 +0 +1.226834e-13
59 +0 +0 +0 +9.835154e-14
60 +0 +0 +0 +3.802351e-14
61 +0 +0 +0 +6.139575e-14
62 +0 +0 +0 +6.035620e-15
63 +0 +0 +0 +2.709316e-15
