0 +0 +0 +0 +1.370316e-08
1 +0 +0 +0 +2.490850e-08
2 +0 +0 +0 +1.396000e-08
3 +0 +0 +0 +8.154769e-09
4 +0 +0 +0 +5.074642e-09
5 +0 +0 +0 +3.222106e-09
6 +0 +0 +0 +2.093955e-09
7 +0 +0 +0 +1.381360e-09
8 +0 +0 +0 +9.140769e-10
9 +0 +0 +0 +6.043326e-10
10 +0 +0 +0 +4.114788e-10
11 +0 +0 +0 +2.735227e-10
12 +0 +0 +0 +1.838726e-10
13 +0 +0 +0 +1.238213e-10
14 +0 +0 +0 +8.181074e-11
15 +0 +0 +0 +5.689245e-11
16 +0 +0 +0 +4.028303e-11
17 +0 +0 +0 +2.740216e-11
18 +0 +0 +0 +1.906963e-11
19 +0 +0 +0 +1.455393e-11
20 +0 +0 +0 +8.137422e-12
21 +0 +0 +0 +6.286767e-12
22 +0 +0 +0 +4.815259e-12
23 +0 +0 +0 +3.454178e-12
24 +0 +0 +0 +4.458515e-12
25 +0 +0 +0 +3.836432e-12
26 +0 +0 +0 +2.892264e-12
27 +0 +0 +0 +2.503585e-12
28 +0 +0 +0 +2.247763e-12
29 +0 +0 +0 +2.085404e-12
30 +0 +0 +0 +1.372223e-12
31 +0 +0 +0 +1.031378e-12
32 +0 +0 +0 +2.241957e-13
33 +0 +0 +0 -6.013325e-14
34 +0 +0 +0 -4.837697e-13
35 +0 +0 +0 -7.761289e-13
36 +0 +0 +0 -8.533391e-13
37 +0 +0 +0 -2.416188e-13
38 +0 +0 +0 +2.920692e-14
39 +0 +0 +0 +1.389954e-13
40 +0 +0 +0 +1.707575e-13
41 +0 +0 +0 +4.616453e-13
42 +0 +0 +0 +2.013919e-13
43 +0 +0 +0 +2.077295e-13
44 +0 +0 +0 +2.513354e-13
45 +0 +0 +0 +1.617322e-13
46 +0 +0 +0 +2.247305e-13
47 +0 +0 +0 +1.677476e-13
48 +0 +0 +0 +1.501317e-14
49 +0 +0 +0 -7.724738e-14
50 +0 +0 +0 -5.405938e-14
51 +0 +0 +0 +7.314230e-15
52 +0 +0 +0 +2.015775e-13
53 +0 +0 +0 +9.608918e-14
54 +0 +0 +0 +5.698072e-14
55 +0 +0 +0 -9.407850e-14
56 +0 +0 +0 -2.070903e-13
57 +0 +0 +0 -2.437554e-13
58 +0 +0 +0 -1.323984e-13
59 +0 +0 +0 -7.641090e-14
60 +0 +0 +0 +3.572626e-14
61 +0 +0 +0 +1.219603e-14
62 +0 +0 +0 +5.191470e-14
63 +0 +0 +0 +8.229885e-14
