0 +0 +0 +0 +1.333888e-08
1 +0 +0 +0 +2.488808e-08
2 +0 +0 +0 +1.388793e-08
3 +0 +0 +0 +8.024383e-09
4 +0 +0 +0 +5.014016e-09
5 +0 +0 +0 +3.178945e-09
6 +0 +0 +0 +2.075502e-09
7 +0 +0 +0 +1.353776e-09
8 +0 +0 +0 +9.036272e-10
9 +0 +0 +0 +6.248091e-10
10 +0 +0 +0 +4.214930e-10
11 +0 +0 +0 +2.777489e-10
12 +0 +0 +0 +1.891668e-10
13 +0 +0 +0 +1.282699e-10
14 +0 +0 +0 +8.702183e-11
15 +0 +0 +0 +5.694567e-11
16 +0 +0 +0 +3.466061e-11
17 +0 +0 +0 +2.616411e-11
18 +0 +0 +0 +1.574547e-11
19 +0 +0 +0 +1.268014e-11
20 +0 +0 +0 +6.732076e-12
21 +0 +0 +0 +4.562264e-12
22 +0 +0 +0 +3.820916e-12
23 +0 +0 +0 +4.142236e-12
24 +0 +0 +0 +2.751369e-12
25 +0 +0 +0 +3.124244e-12
26 +0 +0 +0 +2.972276e-12
27 +0 +0 +0 +3.003749e-12
28 +0 +0 +0 +3.088592e-12
29 +0 +0 +0 +2.581007e-12
30 +0 +0 +0 +3.027649e-12
31 +0 +0 +0 +2.185185e-12
32 +0 +0 +0 +1.846124e-12
33 +0 +0 +0 +1.306037e-12
34 +0 +0 +0 +5.998676e-13
35 +0 +0 +0 +1.006028e-13
36 +0 +0 +0 +2.242079e-13
37 +0 +0 +0 +9.090479e-14
38 +0 +0 +0 +5.999359e-14
39 +0 +0 +0 +1.606270e-13
40 +0 +0 +0 +3.583333e-13
41 +0 +0 +0 +1.069959e-13
42 +0 +0 +0 -1.437608e-14
43 +0 +0 +0 -1.623201e-13
44 +0 +0 +0 -3.236442e-13
45 +0 +0 +0 -3.531214e-13
46 +0 +0 +0 -3.422669e-13
47 +0 +0 +0 -4.425378e-13
48 +0 +0 +0 -2.658324e-13
49 +0 +0 +0 -2.502727e-13
50 +0 +0 +0 -9.165840e-14
51 +0 +0 +0 +4.024376e-15
52 +0 +0 +0 -1.328388e-13
53 +0 +0 +0 -1.888370e-14
54 +0 +0 +0 -9.294891e-14
55 +0 +0 +0 -9.266456e-14
56 +0 +0 +0 -7.497131e-14
57 +0 +0 +0 -1.368982e-14
58 +0 +0 +0 +2.732826e-14
59 +0 +0 +0 +8.348507e-14
60 +0 +0 +0 +3.041646e-14
61 +0 +0 +0 -3.190710e-14
62 +0 +0 +0 +1.115569e-13
63 +0 +0 +0 +1.084143e-13
