0 +0 +0 +0 +1.334148e-08
1 +0 +0 +0 +2.425686e-08
2 +0 +0 +0 +1.327738e-08
3 +0 +0 +0 +7.814010e-09
4 +0 +0 +0 +4.843855e-09
5 +0 +0 +0 +3.090365e-09
6 +0 +0 +0 +1.921910e-09
7 +0 +0 +0 +1.270537e-09
8 +0 +0 +0 +8.482482e-10
9 +0 +0 +0 +5.717276e-10
10 +0 +0 +0 +3.916770e-10
11 +0 +0 +0 +2.621995e-10
12 +0 +0 +0 +1.692578e-10
13 +0 +0 +0 +1.149633e-10
14 +0 +0 +0 +7.999378e-11
15 +0 +0 +0 +4.788543e-11
16 +0 +0 +0 +3.234831e-11
17 +0 +0 +0 +2.338172e-11
18 +0 +0 +0 +1.579022e-11
19 +0 +0 +0 +1.146879e-11
20 +0 +0 +0 +6.036677e-12
21 +0 +0 +0 +4.952355e-12
22 +0 +0 +0 +4.582047e-12
23 +0 +0 +0 +3.449879e-12
24 +0 +0 +0 +2.876904e-12
25 +0 +0 +0 +2.401112e-12
26 +0 +0 +0 +4.367013e-13
27 +0 +0 +0 -1.820476e-13
28 +0 +0 +0 +5.242844e-13
29 +0 +0 +0 +7.606064e-14
30 +0 +0 +0 -3.583316e-14
31 +0 +0 +0 +5.065249e-13
32 +0 +0 +0 +3.526381e-13
33 +0 +0 +0 +6.737972e-13
34 +0 +0 +0 +1.389843e-13
35 +0 +0 +0 +1.245575e-13
36 +0 +0 +0 +2.206882e-13
37 +0 +0 +0 +2.715111e-14
38 +0 +0 +0 +1.463008e-13
39 +0 +0 +0 -2.137366e-13
40 +0 +0 +0 -1.867716e-13
41 +0 +0 +0 -4.678320e-13
42 +0 +0 +0 -2.004990e-13
43 +0 +0 +0 -2.855650e-13
44 +0 +0 +0 -1.896672e-13
45 +0 +0 +0 -2.278323e-13
46 +0 +0 +0 -6.085990e-14
47 +0 +0 +0 -1.251479e-13
48 +0 +0 +0 -1.612868e-13
49 +0 +0 +0 -2.403323e-13
50 +0 +0 +0 -7.327736e-14
51 +0 +0 +0 -1.481364e-13
52 +0 +0 +0 -3.864906e-14
53 +0 +0 +0 -1.537447e-13
54 +0 +0 +0 -9.576362e-14
55 +0 +0 +0 -1.368408e-13
56 +0 +0 +0 -2.028732e-13
57 +0 +0 +0 -1.824703e-13
58 +0 +0 +0 -1.227142e-13
59 +0 +0 +0 -7.495916e-14
60 +0 +0 +0 -4.083236e-14
61 +0 +0 +0 -9.630042e-14
62 +0 +0 +0 -1.374545e-13
63 +0 +0 +0 -1.004331e-13
