0 +0 +0 +0 +1.383584e-08
1 +0 +0 +0 +2.466623e-08
2 +0 +0 +0 +1.378277e-08
3 +0 +0 +0 +8.237523e-09
4 +0 +0 +0 +5.155583e-09
5 +0 +0 +0 +3.313844e-09
6 +0 +0 +0 +2.120605e-09
7 +0 +0 +0 +1.415858e-09
8 +0 +0 +0 +9.489976e-10
9 +0 +0 +0 +6.339652e-10
10 +0 +0 +0 +4.253547e-10
11 +0 +0 +0 +2.924696e-10
12 +0 +0 +0 +1.879748e-10
13 +0 +0 +0 +1.271104e-10
14 +0 +0 +0 +8.707445e-11
15 +0 +0 +0 +5.934688e-11
16 +0 +0 +0 +4.225967e-11
17 +0 +0 +0 +2.989091e-11
18 +0 +0 +0 +2.285696e-11
19 +0 +0 +0 +1.589076e-11
20 +0 +0 +0 +1.105805e-11
21 +0 +0 +0 +6.668929e-12
22 +0 +0 +0 +5.414311e-12
23 +0 +0 +0 +2.859614e-12
24 +0 +0 +0 +1.483610e-12
25 +0 +0 +0 +5.012940e-13
26 +0 +0 +0 +7.571435e-13
27 +0 +0 +0 +7.671500e-13
28 +0 +0 +0 +1.263957e-12
29 +0 +0 +0 +1.869783e-12
30 +0 +0 +0 +1.587803e-12
31 +0 +0 +0 +1.141975e-12
32 +0 +0 +0 +5.127534e-13
33 +0 +0 +0 +4.183133e-13
34 +0 +0 +0 -2.937783e-13
35 +0 +0 +0 -3.948065e-13
36 +0 +0 +0 -6.804743e-13
37 +0 +0 +0 -5.265934e-13
38 +0 +0 +0 -5.006881e-13
39 +0 +0 +0 -3.435481e-13
40 +0 +0 +0 -5.472980e-13
41 +0 +0 +0 -5.557611e-13
42 +0 +0 +0 -6.347928e-13
43 +0 +0 +0 -7.620166e-13
44 +0 +0 +0 -6.665897e-13
45 +0 +0 +0 -6.540916e-13
46 +0 +0 +0 -4.658733e-13
47 +0 +0 +0 -1.649264e-13
48 +0 +0 +0 -1.217768e-13
49 +0 +0 +0 -2.182379e-13
50 +0 +0 +0 -1.526190e-13
51 +0 +0 +0 -3.118479e-13
52 +0 +0 +0 -2.833535e-13
53 +0 +0 +0 -2.725452e-13
54 +0 +0 +0 -2.550359e-13
55 +0 +0 +0 -1.204198e-13
56 +0 +0 +0 -1.666897e-13
57 +0 +0 +0 -1.502046e-13
58 +0 +0 +0 -4.664922e-14
59 +0 +0 +0 +1.355011e-15
60 +0 +0 +0 +4.809496e-14
61 +0 +0 +0 +4.201677e-15
62 +0 +0 +0 -5.322507e-14
63 +0 +0 +0 -2.045820e-13
