0 +0 +0 +0 +1.286234e-08
1 +0 +0 +0 +2.374331e-08
2 +0 +0 +0 +1.314857e-08
3 +0 +0 +0 +7.671478e-09
4 +0 +0 +0 +4.649893e-09
5 +0 +0 +0 +2.998182e-09
6 +0 +0 +0 +1.922693e-09
7 +0 +0 +0 +1.254857e-09
8 +0 +0 +0 +8.438157e-10
9 +0 +0 +0 +5.423058e-10
10 +0 +0 +0 +3.720164e-10
11 +0 +0 +0 +2.471216e-10
12 +0 +0 +0 +1.662002e-10
13 +0 +0 +0 +1.091098e-10
14 +0 +0 +0 +7.886854e-11
15 +0 +0 +0 +5.101662e-11
16 +0 +0 +0 +3.445853e-11
17 +0 +0 +0 +2.150453e-11
18 +0 +0 +0 +1.334458e-11
19 +0 +0 +0 +7.016937e-12
20 +0 +0 +0 +4.140479e-12
21 +0 +0 +0 +2.449200e-12
22 +0 +0 +0 +1.080962e-12
23 +0 +0 +0 +9.283040e-13
24 +0 +0 +0 +1.581385e-12
25 +0 +0 +0 +1.007564e-12
26 +0 +0 +0 +5.086721e-14
27 +0 +0 +0 +6.999853e-13
28 +0 +0 +0 +1.139867e-12
29 +0 +0 +0 +7.583374e-13
30 +0 +0 +0 -6.185046e-14
31 +0 +0 +0 +2.488817e-14
32 +0 +0 +0 -6.770528e-13
33 +0 +0 +0 -6.149565e-13
34 +0 +0 +0 -3.630577e-13
35 +0 +0 +0 -2.546194e-13
36 +0 +0 +0 -1.098060e-13
37 +0 +0 +0 -3.995927e-13
38 +0 +0 +0 -4.905936e-13
39 +0 +0 +0 -3.440602e-13
40 +0 +0 +0 -8.475157e-14
41 +0 +0 +0 +2.632713e-13
42 +0 +0 +0 -3.364019e-14
43 +0 +0 +0 +1.037173e-13
44 +0 +0 +0 +2.401019e-13
45 +0 +0 +0 -2.269549e-14
46 +0 +0 +0 -1.765844e-13
47 +0 +0 +0 -2.425592e-13
48 +0 +0 +0 -2.738793e-13
49 +0 +0 +0 -1.139896e-13
50 +0 +0 +0 +8.288333e-14
51 +0 +0 +0 +2.910874e-14
52 +0 +0 +0 +4.051940e-14
53 +0 +0 +0 +3.879760e-14
54 +0 +0 +0 -2.182027e-15
55 +0 +0 +0 -6.617534e-14
56 +0 +0 +0 -9.351105e-15
57 +0 +0 +0 +3.925317e-14
58 +0 +0 +0 -2.481024e-14
59 +0 +0 +0 -6.192524e-15
60 +0 +0 +0 +3.082060e-14
61 +0 +0 +0 +2.450171e-14
62 +0 +0 +0 +3.727349e-14
63 +0 +0 +0 +5.550911e-14
