0 +0 +0 +0 +1.336163e-08
1 +0 +0 +0 +2.464075e-08
2 +0 +0 +0 +1.380654e-08
3 +0 +0 +0 +8.244740e-09
4 +0 +0 +0 +5.010065e-09
5 +0 +0 +0 +3.251660e-09
6 +0 +0 +0 +2.110945e-09
7 +0 +0 +0 +1.375123e-09
8 +0 +0 +0 +9.469495e-10
9 +0 +0 +0 +6.222105e-10
10 +0 +0 +0 +4.041985e-10
11 +0 +0 +0 +2.772150e-10
12 +0 +0 +0 +1.788519e-10
13 +0 +0 +0 +1.244433e-10
14 +0 +0 +0 +7.977955e-11
15 +0 +0 +0 +5.383458e-11
16 +0 +0 +0 +3.464343e-11
17 +0 +0 +0 +2.386571e-11
18 +0 +0 +0 +1.874706e-11
19 +0 +0 +0 +1.360265e-11
20 +0 +0 +0 +9.892982e-12
21 +0 +0 +0 +7.503692e-12
22 +0 +0 +0 +6.325601e-12
23 +0 +0 +0 +4.217879e-12
24 +0 +0 +0 +4.265108e-12
25 +0 +0 +0 +1.652609e-12
26 +0 +0 +0 +5.283355e-13
27 +0 +0 +0 +5.684385e-13
28 +0 +0 +0 +7.730990e-13
29 +0 +0 +0 +9.329707e-13
30 +0 +0 +0 -7.890352e-13
31 +0 +0 +0 -3.335946e-13
32 +0 +0 +0 -1.963656e-13
33 +0 +0 +0 -9.903371e-13
34 +0 +0 +0 -8.343674e-13
35 +0 +0 +0 -5.353987e-13
36 +0 +0 +0 -3.314057e-13
37 +0 +0 +0 +1.465009e-13
38 +0 +0 +0 +9.618669e-14
39 +0 +0 +0 -8.186330e-14
40 +0 +0 +0 +1.373588e-13
41 +0 +0 +0 +1.795741e-13
42 +0 +0 +0 -1.764092e-13
43 +0 +0 +0 +3.564163e-14
44 +0 +0 +0 +1.735501e-13
45 +0 +0 +0 +2.155733e-14
46 +0 +0 +0 -1.135347e-13
47 +0 +0 +0 -3.655431e-13
48 +0 +0 +0 -1.867163e-13
49 +0 +0 +0 -6.848590e-14
50 +0 +0 +0 +1.012499e-13
51 +0 +0 +0 +3.177993e-13
52 +0 +0 +0 +4.016318e-13
53 +0 +0 +0 +2.399230e-13
54 +0 +0 +0 +3.034474e-13
55 +0 +0 +0 +2.708041e-13
56 +0 +0 +0 +1.525044e-13
57 +0 +0 +0 +2.248174e-13
58 +0 +0 +0 +9.523033e-14
59 +0 +0 +0 -1.082347e-14
60 +0 +0 +0 +7.425240e-14
61 +0 +0 +0 +7.230325e-15
62 +0 +0 +0 +4.067781e-14
63 +0 +0 +0 +7.584445e-14
