0 +0 +0 +0 +1.354614e-08
1 +0 +0 +0 +2.510814e-08
2 +0 +0 +0 +1.360162e-08
3 +0 +0 +0 +8.047410e-09
4 +0 +0 +0 +4.975842e-09
5 +0 +0 +0 +3.120234e-09
6 +0 +0 +0 +2.010176e-09
7 +0 +0 +0 +1.341055e-09
8 +0 +0 +0 +8.924026e-10
9 +0 +0 +0 +6.158207e-10
10 +0 +0 +0 +4.041075e-10
11 +0 +0 +0 +2.768555e-10
12 +0 +0 +0 +1.835199e-10
13 +0 +0 +0 +1.256555e-10
14 +0 +0 +0 +7.804689e-11
15 +0 +0 +0 +5.179087e-11
16 +0 +0 +0 +3.590335e-11
17 +0 +0 +0 +2.211089e-11
18 +0 +0 +0 +1.466659e-11
19 +0 +0 +0 +7.901024e-12
20 +0 +0 +0 +4.103494e-12
21 +0 +0 +0 +2.029568e-12
22 +0 +0 +0 +2.949983e-12
23 +0 +0 +0 +2.887684e-12
24 +0 +0 +0 +2.644496e-12
25 +0 +0 +0 +1.728583e-12
26 +0 +0 +0 -1.045872e-12
27 +0 +0 +0 +7.960960e-14
28 +0 +0 +0 -6.976307e-13
29 +0 +0 +0 -8.628956e-13
30 +0 +0 +0 -1.389588e-12
31 +0 +0 +0 -1.138934e-12
32 +0 +0 +0 -4.604807e-13
33 +0 +0 +0 +5.344519e-14
34 +0 +0 +0 +3.924019e-13
35 +0 +0 +0 +1.447379e-13
36 +0 +0 +0 +4.428442e-13
37 +0 +0 +0 +5.636958e-13
38 +0 +0 +0 +5.566458e-13
39 +0 +0 +0 +3.387702e-13
40 +0 +0 +0 -1.896386e-13
41 +0 +0 +0 -1.995588e-13
42 +0 +0 +0 +4.868877e-14
43 +0 +0 +0 -2.441245e-13
44 +0 +0 +0 -1.405073e-13
45 +0 +0 +0 +4.493663e-14
46 +0 +0 +0 -1.706586e-14
47 +0 +0 +0 +1.799294e-13
48 +0 +0 +0 +1.134382e-13
49 +0 +0 +0 +1.756012e-13
50 +0 +0 +0 +4.613830e-14
51 +0 +0 +0 +1.338986e-13
52 +0 +0 +0 +2.599095e-13
53 +0 +0 +0 +3.841993e-14
54 +0 +0 +0 -5.018926e-15
55 +0 +0 +0 +3.196233e-14
56 +0 +0 +0 +1.425046e-13
57 +0 +0 +0 -3.224673e-14
58 +0 +0 +0 -2.704938e-14
59 +0 +0 +0 -1.753160e-14
60 +0 +0 +0 -6.022215e-14
61 +0 +0 +0 -1.391322e-14
62 +0 +0 +0 -8.003581e-14
63 +0 +0 +0 -1.618310e-13
