0 +0 +0 +0 +1.333360e-08
1 +0 +0 +0 +2.485927e-08
2 +0 +0 +0 +1.385579e-08
3 +0 +0 +0 +8.326369e-09
4 +0 +0 +0 +5.210291e-09
5 +0 +0 +0 +3.298040e-09
6 +0 +0 +0 +2.154514e-09
7 +0 +0 +0 +1.384332e-09
8 +0 +0 +0 +9.028525e-10
9 +0 +0 +0 +6.076907e-10
10 +0 +0 +0 +3.968507e-10
11 +0 +0 +0 +2.578173e-10
12 +0 +0 +0 +1.664775e-10
13 +0 +0 +0 +1.058584e-10
14 +0 +0 +0 +7.148132e-11
15 +0 +0 +0 +4.631365e-11
16 +0 +0 +0 +3.194370e-11
17 +0 +0 +0 +2.403132e-11
18 +0 +0 +0 +1.798792e-11
19 +0 +0 +0 +1.326632e-11
20 +0 +0 +0 +8.831509e-12
21 +0 +0 +0 +6.655884e-12
22 +0 +0 +0 +4.947520e-12
23 +0 +0 +0 +5.383662e-12
24 +0 +0 +0 +4.011546e-12
25 +0 +0 +0 +3.515024e-12
26 +0 +0 +0 +1.914064e-12
27 +0 +0 +0 -3.025993e-13
28 +0 +0 +0 -2.959217e-13
29 +0 +0 +0 +4.855195e-13
30 +0 +0 +0 -1.131602e-13
31 +0 +0 +0 +5.258006e-13
32 +0 +0 +0 +2.656542e-13
33 +0 +0 +0 +3.718609e-13
34 +0 +0 +0 +4.532383e-13
35 +0 +0 +0 +2.819188e-13
36 +0 +0 +0 +1.605852e-13
37 +0 +0 +0 +2.570718e-13
38 +0 +0 +0 +3.602688e-13
39 +0 +0 +0 +2.748121e-13
40 +0 +0 +0 +7.701920e-14
41 +0 +0 +0 +9.394794e-14
42 +0 +0 +0 -9.478775e-16
43 +0 +0 +0 +3.536902e-14
44 +0 +0 +0 -2.023933e-13
45 +0 +0 +0 -2.742319e-13
46 +0 +0 +0 -1.251295e-13
47 +0 +0 +0 -9.958982e-14
48 +0 +0 +0 -2.430946e-14
49 +0 +0 +0 -9.647082e-14
50 +0 +0 +0 -1.342334e-14
51 +0 +0 +0 -6.161877e-14
52 +0 +0 +0 -3.919783e-14
53 +0 +0 +0 +2.308527e-14
54 +0 +0 +0 +5.084528e-14
55 +0 +0 +0 +5.425458e-14
56 +0 +0 +0 +1.387331e-13
57 +0 +0 +0 +1.901422e-14
58 +0 +0 +0 -4.348572e-16
59 +0 +0 +0 -1.425350e-13
60 +0 +0 +0 -7.618741e-14
61 +0 +0 +0 -9.925327e-14
62 +0 +0 +0 -5.816070e-14
63 +0 +0 +0 -4.440916e-14
