0 +0 +0 +0 +1.271482e-08
1 +0 +0 +0 +2.331311e-08
2 +0 +0 +0 +1.280360e-08
3 +0 +0 +0 +7.531431e-09
4 +0 +0 +0 +4.649789e-09
5 +0 +0 +0 +2.933202e-09
6 +0 +0 +0 +1.923857e-09
7 +0 +0 +0 +1.287475e-09
8 +0 +0 +0 +8.574484e-10
9 +0 +0 +0 +5.687114e-10
10 +0 +0 +0 +3.862345e-10
11 +0 +0 +0 +2.619106e-10
12 +0 +0 +0 +1.755061e-10
13 +0 +0 +0 +1.175070e-10
14 +0 +0 +0 +7.947996e-11
15 +0 +0 +0 +5.209025e-11
16 +0 +0 +0 +3.537597e-11
17 +0 +0 +0 +2.200356e-11
18 +0 +0 +0 +1.331020e-11
19 +0 +0 +0 +7.758062e-12
20 +0 +0 +0 +4.892474e-12
21 +0 +0 +0 +1.806785e-12
22 +0 +0 +0 +7.426251e-13
23 +0 +0 +0 -4.639387e-13
24 +0 +0 +0 -4.552334e-13
25 +0 +0 +0 -4.019583e-13
26 +0 +0 +0 +5.012447e-13
27 +0 +0 +0 +7.737102e-14
28 +0 +0 +0 -8.482116e-13
29 +0 +0 +0 -1.545743e-12
30 +0 +0 +0 -7.120645e-13
31 +0 +0 +0 -5.295798e-13
32 +0 +0 +0 -4.537574e-13
33 +0 +0 +0 -1.782083e-13
34 +0 +0 +0 +2.341865e-13
35 +0 +0 +0 +2.311181e-13
36 +0 +0 +0 +1.712069e-13
37 +0 +0 +0 +3.962976e-13
38 +0 +0 +0 +1.769900e-13
39 +0 +0 +0 +2.037189e-13
40 +0 +0 +0 +2.964445e-14
41 +0 +0 +0 +4.115353e-14
42 +0 +0 +0 -7.156938e-15
43 +0 +0 +0 -2.192023e-16
44 +0 +0 +0 -4.416821e-14
45 +0 +0 +0 -1.486753e-13
46 +0 +0 +0 -2.549208e-14
47 +0 +0 +0 +6.237272e-15
48 +0 +0 +0 -1.748517e-13
49 +0 +0 +0 -8.298484e-14
50 +0 +0 +0 -2.693312e-14
51 +0 +0 +0 -5.812779e-14
52 +0 +0 +0 +8.878174e-14
53 +0 +0 +0 +2.006997e-13
54 +0 +0 +0 +7.320374e-14
55 +0 +0 +0 +1.155588e-13
56 +0 +0 +0 +1.372805e-13
57 +0 +0 +0 +1.888933e-13
58 +0 +0 +0 +2.542389e-13
59 +0 +0 +0 +1.567365e-13
60 +0 +0 +0 +8.730762e-14
61 +0 +0 +0 +8.708244e-14
62 +0 +0 +0 +2.505821e-14
63 +0 +0 +0 -4.422081e-14
