0 +0 +0 +0 +1.330086e-08
1 +0 +0 +0 +2.423254e-08
2 +0 +0 +0 +1.349741e-08
3 +0 +0 +0 +7.887556e-09
4 +0 +0 +0 +4.873665e-09
5 +0 +0 +0 +3.074070e-09
6 +0 +0 +0 +1.987632e-09
7 +0 +0 +0 +1.346279e-09
8 +0 +0 +0 +9.301700e-10
9 +0 +0 +0 +6.181476e-10
10 +0 +0 +0 +4.185621e-10
11 +0 +0 +0 +2.792001e-10
12 +0 +0 +0 +1.919649e-10
13 +0 +0 +0 +1.207248e-10
14 +0 +0 +0 +8.162208e-11
15 +0 +0 +0 +5.505247e-11
16 +0 +0 +0 +3.692149e-11
17 +0 +0 +0 +2.735582e-11
18 +0 +0 +0 +2.081428e-11
19 +0 +0 +0 +1.633417e-11
20 +0 +0 +0 +1.068604e-11
21 +0 +0 +0 +8.333890e-12
22 +0 +0 +0 +4.784665e-12
23 +0 +0 +0 +3.839189e-12
24 +0 +0 +0 +1.985303e-12
25 +0 +0 +0 +1.901050e-12
26 +0 +0 +0 +1.075550e-12
27 +0 +0 +0 +1.288856e-12
28 +0 +0 +0 +6.075773e-13
29 +0 +0 +0 +5.397335e-13
30 +0 +0 +0 +1.339325e-13
31 +0 +0 +0 +4.292476e-14
32 +0 +0 +0 +6.870418e-14
33 +0 +0 +0 -2.451302e-13
34 +0 +0 +0 -2.514291e-13
35 +0 +0 +0 -7.850168e-13
36 +0 +0 +0 -5.617182e-13
37 +0 +0 +0 -3.735346e-13
38 +0 +0 +0 -5.635880e-13
39 +0 +0 +0 -1.548368e-13
40 +0 +0 +0 +6.095431e-14
41 +0 +0 +0 +1.098900e-14
42 +0 +0 +0 +2.046497e-13
43 +0 +0 +0 +3.113351e-13
44 +0 +0 +0 +2.749244e-13
45 +0 +0 +0 +2.183799e-13
46 +0 +0 +0 +4.587697e-14
47 +0 +0 +0 +8.509485e-14
48 +0 +0 +0 +5.112194e-14
49 +0 +0 +0 +1.930305e-13
50 +0 +0 +0 +7.448600e-14
51 +0 +0 +0 -6.754975e-14
52 +0 +0 +0 -1.600502e-13
53 +0 +0 +0 -7.266604e-14
54 +0 +0 +0 -1.533157e-13
55 +0 +0 +0 -9.751801e-14
56 +0 +0 +0 -1.458211e-13
57 +0 +0 +0 -1.410380e-13
58 +0 +0 +0 -1.065615e-13
59 +0 +0 +0 -7.023889e-14
60 +0 +0 +0 +9.550481e-15
61 +0 +0 +0 +7.944785e-14
62 +0 +0 +0 +1.705992e-13
63 +0 +0 +0 +2.486706e-13
