0 +0 +0 +0 +1.278493e-08
1 +0 +0 +0 +2.434542e-08
2 +0 +0 +0 +1.365082e-08
3 +0 +0 +0 +7.921619e-09
4 +0 +0 +0 +4.913047e-09
5 +0 +0 +0 +3.145064e-09
6 +0 +0 +0 +1.994797e-09
7 +0 +0 +0 +1.292610e-09
8 +0 +0 +0 +8.393239e-10
9 +0 +0 +0 +5.622842e-10
10 +0 +0 +0 +3.665566e-10
11 +0 +0 +0 +2.554843e-10
12 +0 +0 +0 +1.667072e-10
13 +0 +0 +0 +1.193641e-10
14 +0 +0 +0 +8.360000e-11
15 +0 +0 +0 +5.635346e-11
16 +0 +0 +0 +3.854814e-11
17 +0 +0 +0 +2.270369e-11
18 +0 +0 +0 +1.574638e-11
19 +0 +0 +0 +1.040811e-11
20 +0 +0 +0 +7.135563e-12
21 +0 +0 +0 +6.630615e-12
22 +0 +0 +0 +4.738931e-12
23 +0 +0 +0 +3.667386e-12
24 +0 +0 +0 +3.254248e-12
25 +0 +0 +0 +1.972563e-12
26 +0 +0 +0 +3.033829e-12
27 +0 +0 +0 +2.459473e-12
28 +0 +0 +0 +1.415185e-12
29 +0 +0 +0 +1.954183e-12
30 +0 +0 +0 +8.593496e-13
31 +0 +0 +0 +8.683247e-13
32 +0 +0 +0 +4.213325e-13
33 +0 +0 +0 -2.431981e-13
34 +0 +0 +0 -3.724636e-13
35 +0 +0 +0 +3.331889e-14
36 +0 +0 +0 -1.064452e-13
37 +0 +0 +0 -2.680984e-13
38 +0 +0 +0 +1.201594e-14
39 +0 +0 +0 +1.296331e-13
40 +0 +0 +0 -1.273021e-13
41 +0 +0 +0 -8.087177e-14
42 +0 +0 +0 -2.144163e-14
43 +0 +0 +0 -8.872749e-14
44 +0 +0 +0 -3.344687e-13
45 +0 +0 +0 -1.794197e-13
46 +0 +0 +0 -2.913604e-13
47 +0 +0 +0 -2.692656e-13
48 +0 +0 +0 -2.267874e-13
49 +0 +0 +0 -1.362654e-13
50 +0 +0 +0 +7.933904e-14
51 +0 +0 +0 +3.403160e-14
52 +0 +0 +0 +1.002426e-14
53 +0 +0 +0 -1.440200e-13
54 +0 +0 +0 -1.160559e-13
55 +0 +0 +0 +1.007462e-14
56 +0 +0 +0 +5.487778e-14
57 +0 +0 +0 +8.459664e-14
58 +0 +0 +0 +5.217263e-14
59 +0 +0 +0 +2.642003e-14
60 +0 +0 +0 +6.784936e-15
61 +0 +0 +0 -7.075775e-14
62 +0 +0 +0 -1.375520e-13
63 +0 +0 +0 -2.085241e-13
