0 +0 +0 +0 +1.322163e-08
1 +0 +0 +0 +2.434030e-08
2 +0 +0 +0 +1.355917e-08
3 +0 +0 +0 +7.883698e-09
4 +0 +0 +0 +4.901853e-09
5 +0 +0 +0 +3.100325e-09
6 +0 +0 +0 +2.039154e-09
7 +0 +0 +0 +1.362850e-09
8 +0 +0 +0 +9.006656e-10
9 +0 +0 +0 +5.951768e-10
10 +0 +0 +0 +3.862660e-10
11 +0 +0 +0 +2.516061e-10
12 +0 +0 +0 +1.627961e-10
13 +0 +0 +0 +1.060914e-10
14 +0 +0 +0 +7.134135e-11
15 +0 +0 +0 +5.224105e-11
16 +0 +0 +0 +3.668823e-11
17 +0 +0 +0 +2.454741e-11
18 +0 +0 +0 +1.509046e-11
19 +0 +0 +0 +8.730935e-12
20 +0 +0 +0 +7.480253e-12
21 +0 +0 +0 +6.482618e-12
22 +0 +0 +0 +3.779771e-12
23 +0 +0 +0 +1.998221e-12
24 +0 +0 +0 +2.260571e-12
25 +0 +0 +0 +1.010956e-12
26 +0 +0 +0 +1.377682e-12
27 +0 +0 +0 +3.932053e-13
28 +0 +0 +0 +1.875796e-14
29 +0 +0 +0 -1.400047e-12
30 +0 +0 +0 -1.269675e-12
31 +0 +0 +0 -1.439986e-12
32 +0 +0 +0 -1.077060e-12
33 +0 +0 +0 -7.022069e-13
34 +0 +0 +0 -9.229262e-13
35 +0 +0 +0 -7.750895e-13
36 +0 +0 +0 -4.566055e-13
37 +0 +0 +0 -1.185099e-14
38 +0 +0 +0 -5.053014e-13
39 +0 +0 +0 -3.990078e-13
40 +0 +0 +0 -4.676678e-13
41 +0 +0 +0 -4.301453e-13
42 +0 +0 +0 -4.334424e-13
43 +0 +0 +0 -3.817730e-13
44 +0 +0 +0 -3.370258e-13
45 +0 +0 +0 +1.836900e-15
46 +0 +0 +0 -1.927580e-13
47 +0 +0 +0 +1.246877e-13
48 +0 +0 +0 +3.849668e-14
49 +0 +0 +0 -5.423644e-14
50 +0 +0 +0 -1.124756e-13
51 +0 +0 +0 +1.137433e-14
52 +0 +0 +0 +1.275452e-13
53 +0 +0 +0 +9.668948e-14
54 +0 +0 +0 +4.026765e-14
55 +0 +0 +0 +1.297871e-13
56 +0 +0 +0 +1.981420e-13
57 +0 +0 +0 +5.026428e-14
58 +0 +0 +0 +1.991077e-14
59 +0 +0 +0 +2.738221e-14
60 +0 +0 +0 +3.146032e-14
61 +0 +0 +0 +1.443391e-14
62 +0 +0 +0 +1.127814e-13
63 +0 +0 +0 +1.482534e-13
