0 +0 +0 +0 +1.324566e-08
1 +0 +0 +0 +2.387138e-08
2 +0 +0 +0 +1.295725e-08
3 +0 +0 +0 +7.755946e-09
4 +0 +0 +0 +4.684967e-09
5 +0 +0 +0 +3.016798e-09
6 +0 +0 +0 +1.919913e-09
7 +0 +0 +0 +1.293772e-09
8 +0 +0 +0 +8.688704e-10
9 +0 +0 +0 +5.939576e-10
10 +0 +0 +0 +4.088305e-10
11 +0 +0 +0 +2.834950e-10
12 +0 +0 +0 +1.868250e-10
13 +0 +0 +0 +1.293640e-10
14 +0 +0 +0 +8.711591e-11
15 +0 +0 +0 +5.709781e-11
16 +0 +0 +0 +4.050530e-11
17 +0 +0 +0 +2.860434e-11
18 +0 +0 +0 +2.090624e-11
19 +0 +0 +0 +1.527469e-11
20 +0 +0 +0 +1.071503e-11
21 +0 +0 +0 +7.147957e-12
22 +0 +0 +0 +6.353360e-12
23 +0 +0 +0 +3.093913e-12
24 +0 +0 +0 +4.173149e-12
25 +0 +0 +0 +2.721893e-12
26 +0 +0 +0 +1.473121e-12
27 +0 +0 +0 +8.781988e-13
28 +0 +0 +0 -5.905853e-13
29 +0 +0 +0 -1.394227e-12
30 +0 +0 +0 -1.092172e-12
31 +0 +0 +0 -1.106569e-12
32 +0 +0 +0 -8.867570e-13
33 +0 +0 +0 -9.591755e-13
34 +0 +0 +0 -1.074110e-12
35 +0 +0 +0 -9.557935e-13
36 +0 +0 +0 -6.149859e-13
37 +0 +0 +0 -2.889862e-13
38 +0 +0 +0 +2.525194e-13
39 +0 +0 +0 +3.878181e-13
40 +0 +0 +0 +3.457516e-13
41 +0 +0 +0 +3.365566e-13
42 +0 +0 +0 +5.256605e-13
43 +0 +0 +0 +3.860540e-13
44 +0 +0 +0 +3.263967e-13
45 +0 +0 +0 +2.845060e-13
46 +0 +0 +0 +1.006199e-13
47 +0 +0 +0 -4.211214e-14
48 +0 +0 +0 -2.335497e-13
49 +0 +0 +0 -2.636621e-13
50 +0 +0 +0 -2.599791e-13
51 +0 +0 +0 -2.879959e-13
52 +0 +0 +0 -2.185902e-13
53 +0 +0 +0 -2.341107e-13
54 +0 +0 +0 -1.500101e-13
55 +0 +0 +0 -1.496193e-14
56 +0 +0 +0 +2.985551e-14
57 +0 +0 +0 -5.306178e-14
58 +0 +0 +0 -4.220466e-14
59 +0 +0 +0 -3.358225e-14
60 +0 +0 +0 -2.208721e-15
61 +0 +0 +0 -3.539665e-14
62 +0 +0 +0 -6.075848e-14
63 +0 +0 +0 -1.313937e-13
