0 +0 +0 +0 +1.306281e-08
1 +0 +0 +0 +2.428065e-08
2 +0 +0 +0 +1.369836e-08
3 +0 +0 +0 +8.025226e-09
4 +0 +0 +0 +4.947751e-09
5 +0 +0 +0 +3.205051e-09
6 +0 +0 +0 +2.080646e-09
7 +0 +0 +0 +1.381125e-09
8 +0 +0 +0 +8.866202e-10
9 +0 +0 +0 +5.713958e-10
10 +0 +0 +0 +3.662084e-10
11 +0 +0 +0 +2.510496e-10
12 +0 +0 +0 +1.647923e-10
13 +0 +0 +0 +1.085334e-10
14 +0 +0 +0 +6.937581e-11
15 +0 +0 +0 +4.543584e-11
16 +0 +0 +0 +3.192501e-11
17 +0 +0 +0 +1.920762e-11
18 +0 +0 +0 +1.489098e-11
19 +0 +0 +0 +9.646083e-12
20 +0 +0 +0 +4.682313e-12
21 +0 +0 +0 +2.821426e-12
22 +0 +0 +0 +1.014411e-12
23 +0 +0 +0 -1.040552e-12
24 +0 +0 +0 -1.493270e-12
25 +0 +0 +0 -2.567643e-13
26 +0 +0 +0 -5.958155e-13
27 +0 +0 +0 -7.469143e-14
28 +0 +0 +0 +1.671502e-13
29 +0 +0 +0 +2.846754e-13
30 +0 +0 +0 -3.977469e-13
31 +0 +0 +0 -2.918399e-13
32 +0 +0 +0 -3.922034e-13
33 +0 +0 +0 +2.363429e-14
34 +0 +0 +0 +1.037630e-13
35 +0 +0 +0 -3.661730e-13
36 +0 +0 +0 -1.727199e-13
37 +0 +0 +0 -1.803308e-13
38 +0 +0 +0 -4.921915e-13
39 +0 +0 +0 -5.503634e-13
40 +0 +0 +0 -3.560358e-13
41 +0 +0 +0 -2.034284e-13
42 +0 +0 +0 -3.331463e-13
43 +0 +0 +0 -2.556300e-13
44 +0 +0 +0 -4.114002e-14
45 +0 +0 +0 -3.197521e-13
46 +0 +0 +0 -2.735881e-13
47 +0 +0 +0 -3.145380e-13
48 +0 +0 +0 -2.187407e-13
49 +0 +0 +0 -3.307184e-14
50 +0 +0 +0 +1.177536e-13
51 +0 +0 +0 +2.213447e-13
52 +0 +0 +0 +1.018728e-13
53 +0 +0 +0 -8.260688e-14
54 +0 +0 +0 +3.838551e-14
55 +0 +0 +0 +1.219413e-14
56 +0 +0 +0 +1.427472e-13
57 +0 +0 +0 +9.414808e-14
58 +0 +0 +0 +2.321060e-14
59 +0 +0 +0 +6.151904e-14
60 +0 +0 +0 +1.169317e-13
61 +0 +0 +0 +4.413682e-14
62 +0 +0 +0 +5.777224e-14
63 +0 +0 +0 +7.164435e-14
