0 +0 +0 +0 +1.316179e-08
1 +0 +0 +0 +2.451987e-08
2 +0 +0 +0 +1.370095e-08
3 +0 +0 +0 +8.239139e-09
4 +0 +0 +0 +5.119111e-09
5 +0 +0 +0 +3.244063e-09
6 +0 +0 +0 +2.085034e-09
7 +0 +0 +0 +1.335335e-09
8 +0 +0 +0 +8.874298e-10
9 +0 +0 +0 +5.797460e-10
10 +0 +0 +0 +3.806915e-10
11 +0 +0 +0 +2.523967e-10
12 +0 +0 +0 +1.768077e-10
13 +0 +0 +0 +1.202651e-10
14 +0 +0 +0 +8.124379e-11
15 +0 +0 +0 +5.039371e-11
16 +0 +0 +0 +3.334105e-11
17 +0 +0 +0 +2.239660e-11
18 +0 +0 +0 +1.412427e-11
19 +0 +0 +0 +8.536270e-12
20 +0 +0 +0 +5.640450e-12
21 +0 +0 +0 +3.970314e-12
22 +0 +0 +0 +3.091646e-12
23 +0 +0 +0 +3.456089e-13
24 +0 +0 +0 -1.072021e-12
25 +0 +0 +0 -3.465439e-13
26 +0 +0 +0 -6.944479e-13
27 +0 +0 +0 +1.908035e-13
28 +0 +0 +0 -1.497503e-14
29 +0 +0 +0 -4.063200e-13
30 +0 +0 +0 -9.335830e-13
31 +0 +0 +0 -1.286836e-12
32 +0 +0 +0 -8.836446e-13
33 +0 +0 +0 -9.188816e-13
34 +0 +0 +0 -3.425328e-13
35 +0 +0 +0 +2.698609e-14
36 +0 +0 +0 +5.474629e-13
37 +0 +0 +0 +3.152660e-13
38 +0 +0 +0 +3.751303e-13
39 +0 +0 +0 +5.534317e-13
40 +0 +0 +0 +3.536013e-13
41 +0 +0 +0 -3.421539e-13
42 +0 +0 +0 -1.121702e-13
43 +0 +0 +0 -3.664267e-13
44 +0 +0 +0 -7.899061e-14
45 +0 +0 +0 -5.141589e-14
46 +0 +0 +0 -6.985045e-14
47 +0 +0 +0 -2.321916e-13
48 +0 +0 +0 -8.684873e-14
49 +0 +0 +0 -1.670516e-13
50 +0 +0 +0 -4.438215e-14
51 +0 +0 +0 -2.650275e-14
52 +0 +0 +0 -1.176463e-14
53 +0 +0 +0 +3.007806e-14
54 +0 +0 +0 +7.992888e-15
55 +0 +0 +0 -1.559791e-14
56 +0 +0 +0 +7.682695e-14
57 +0 +0 +0 +2.009448e-13
58 +0 +0 +0 +1.572100e-13
59 +0 +0 +0 +1.944229e-13
60 +0 +0 +0 +1.917847e-13
61 +0 +0 +0 +1.223774e-13
62 +0 +0 +0 +6.896029e-14
63 +0 +0 +0 +7.319661e-14
