0 +0 +0 +0 +1.332897e-08
1 +0 +0 +0 +2.406457e-08
2 +0 +0 +0 +1.321868e-08
3 +0 +0 +0 +7.831092e-09
4 +0 +0 +0 +4.821768e-09
5 +0 +0 +0 +3.088513e-09
6 +0 +0 +0 +2.008629e-09
7 +0 +0 +0 +1.314910e-09
8 +0 +0 +0 +8.571878e-10
9 +0 +0 +0 +5.581595e-10
10 +0 +0 +0 +3.540033e-10
11 +0 +0 +0 +2.363163e-10
12 +0 +0 +0 +1.634405e-10
13 +0 +0 +0 +1.104800e-10
14 +0 +0 +0 +7.252207e-11
15 +0 +0 +0 +4.773783e-11
16 +0 +0 +0 +2.996872e-11
17 +0 +0 +0 +2.038204e-11
18 +0 +0 +0 +1.405638e-11
19 +0 +0 +0 +9.096344e-12
20 +0 +0 +0 +7.266692e-12
21 +0 +0 +0 +5.946618e-12
22 +0 +0 +0 +3.708236e-12
23 +0 +0 +0 +1.559474e-12
24 +0 +0 +0 -7.407589e-13
25 +0 +0 +0 -1.238460e-12
26 +0 +0 +0 -1.346642e-12
27 +0 +0 +0 -1.399079e-12
28 +0 +0 +0 -1.265837e-12
29 +0 +0 +0 -1.644285e-12
30 +0 +0 +0 -6.931823e-13
31 +0 +0 +0 +3.651136e-13
32 +0 +0 +0 +7.016455e-15
33 +0 +0 +0 -4.816135e-14
34 +0 +0 +0 +1.572429e-13
35 +0 +0 +0 +5.026043e-13
36 +0 +0 +0 +5.153379e-13
37 +0 +0 +0 +7.197585e-13
38 +0 +0 +0 +3.510530e-13
39 +0 +0 +0 +3.641498e-13
40 +0 +0 +0 +7.362733e-14
41 +0 +0 +0 -8.270690e-14
42 +0 +0 +0 +5.060045e-14
43 +0 +0 +0 -1.738923e-13
44 +0 +0 +0 -1.344416e-13
45 +0 +0 +0 -1.494281e-13
46 +0 +0 +0 -2.366559e-13
47 +0 +0 +0 -1.578683e-13
48 +0 +0 +0 -3.446256e-14
49 +0 +0 +0 -7.016546e-14
50 +0 +0 +0 -1.563180e-14
51 +0 +0 +0 -1.364942e-13
52 +0 +0 +0 -2.216809e-13
53 +0 +0 +0 -1.058395e-13
54 +0 +0 +0 -1.594676e-13
55 +0 +0 +0 -3.028121e-14
56 +0 +0 +0 +1.601091e-14
57 +0 +0 +0 -1.340472e-14
58 +0 +0 +0 +1.318860e-14
59 +0 +0 +0 +6.291992e-14
60 +0 +0 +0 -1.242525e-13
61 +0 +0 +0 -2.887996e-14
62 +0 +0 +0 -6.539537e-14
63 +0 +0 +0 -7.273619e-14
