0 +0 +0 +0 +1.302414e-08
1 +0 +0 +0 +2.424393e-08
2 +0 +0 +0 +1.363015e-08
3 +0 +0 +0 +8.068263e-09
4 +0 +0 +0 +4.958538e-09
5 +0 +0 +0 +3.166353e-09
6 +0 +0 +0 +2.079869e-09
7 +0 +0 +0 +1.355417e-09
8 +0 +0 +0 +9.113604e-10
9 +0 +0 +0 +6.093841e-10
10 +0 +0 +0 +4.092166e-10
11 +0 +0 +0 +2.645247e-10
12 +0 +0 +0 +1.719527e-10
13 +0 +0 +0 +1.123914e-10
14 +0 +0 +0 +7.650683e-11
15 +0 +0 +0 +4.635788e-11
16 +0 +0 +0 +3.526494e-11
17 +0 +0 +0 +2.567455e-11
18 +0 +0 +0 +1.613241e-11
19 +0 +0 +0 +9.182293e-12
20 +0 +0 +0 +6.390703e-12
21 +0 +0 +0 +3.906547e-12
22 +0 +0 +0 +2.719717e-12
23 +0 +0 +0 +2.587132e-12
24 +0 +0 +0 +1.680371e-12
25 +0 +0 +0 +2.218579e-12
26 +0 +0 +0 +1.320560e-12
27 +0 +0 +0 +6.464628e-13
28 +0 +0 +0 +4.304277e-13
29 +0 +0 +0 +4.071774e-13
30 +0 +0 +0 +6.833429e-13
31 +0 +0 +0 -3.652357e-14
32 +0 +0 +0 +5.756267e-13
33 +0 +0 +0 +3.692634e-13
34 +0 +0 +0 +5.980871e-13
35 +0 +0 +0 +1.620097e-13
36 +0 +0 +0 +7.771169e-13
37 +0 +0 +0 +2.794470e-13
38 +0 +0 +0 -2.215022e-13
39 +0 +0 +0 -2.806152e-13
40 +0 +0 +0 -4.270366e-13
41 +0 +0 +0 -4.295104e-13
42 +0 +0 +0 -2.506393e-13
43 +0 +0 +0 -3.199423e-13
44 +0 +0 +0 -1.872196e-13
45 +0 +0 +0 -9.734532e-14
46 +0 +0 +0 -4.595344e-14
47 +0 +0 +0 -1.613393e-13
48 +0 +0 +0 -6.593768e-14
49 +0 +0 +0 +1.498409e-13
50 +0 +0 +0 +9.262934e-14
51 +0 +0 +0 -2.494321e-14
52 +0 +0 +0 +2.813692e-14
53 +0 +0 +0 +5.660607e-14
54 +0 +0 +0 +1.193065e-13
55 +0 +0 +0 +4.157267e-14
56 +0 +0 +0 -4.207789e-14
57 +0 +0 +0 -1.771973e-14
58 +0 +0 +0 -2.203543e-14
59 +0 +0 +0 +5.537527e-14
60 +0 +0 +0 +1.902441e-14
61 +0 +0 +0 -1.799893e-14
62 +0 +0 +0 -1.039887e-13
63 +0 +0 +0 -1.577491e-13
