0 +0 +0 +0 +1.318398e-08
1 +0 +0 +0 +2.417441e-08
2 +0 +0 +0 +1.349653e-08
3 +0 +0 +0 +8.065923e-09
4 +0 +0 +0 +4.991380e-09
5 +0 +0 +0 +3.179837e-09
6 +0 +0 +0 +1.998742e-09
7 +0 +0 +0 +1.289608e-09
8 +0 +0 +0 +8.507547e-10
9 +0 +0 +0 +5.433944e-10
10 +0 +0 +0 +3.600019e-10
11 +0 +0 +0 +2.355469e-10
12 +0 +0 +0 +1.536421e-10
13 +0 +0 +0 +1.028511e-10
14 +0 +0 +0 +6.952244e-11
15 +0 +0 +0 +4.532044e-11
16 +0 +0 +0 +3.031317e-11
17 +0 +0 +0 +2.165965e-11
18 +0 +0 +0 +1.255851e-11
19 +0 +0 +0 +7.866652e-12
20 +0 +0 +0 +6.039928e-12
21 +0 +0 +0 +3.012266e-12
22 +0 +0 +0 +8.044890e-13
23 +0 +0 +0 +5.046831e-13
24 +0 +0 +0 +4.077972e-13
25 +0 +0 +0 +1.154878e-12
26 +0 +0 +0 +6.444862e-13
27 +0 +0 +0 +9.937930e-13
28 +0 +0 +0 +1.320080e-12
29 +0 +0 +0 +8.157457e-13
30 +0 +0 +0 -5.852100e-13
31 +0 +0 +0 -1.151070e-12
32 +0 +0 +0 -1.031244e-12
33 +0 +0 +0 -1.351049e-12
34 +0 +0 +0 -7.166343e-13
35 +0 +0 +0 -3.434166e-13
36 +0 +0 +0 -7.339958e-14
37 +0 +0 +0 +2.848250e-13
38 +0 +0 +0 +6.461144e-13
39 +0 +0 +0 +4.760742e-13
40 +0 +0 +0 +2.005487e-13
41 +0 +0 +0 +1.747803e-13
42 +0 +0 +0 +8.363873e-14
43 +0 +0 +0 +3.084800e-14
44 +0 +0 +0 +1.042748e-13
45 +0 +0 +0 +1.629936e-13
46 +0 +0 +0 +1.534778e-13
47 +0 +0 +0 +1.453975e-13
48 +0 +0 +0 -2.015679e-14
49 +0 +0 +0 -6.930532e-14
50 +0 +0 +0 -1.966491e-13
51 +0 +0 +0 -1.048277e-13
52 +0 +0 +0 +2.774151e-14
53 +0 +0 +0 -8.159993e-14
54 +0 +0 +0 -1.198818e-13
55 +0 +0 +0 -5.829136e-16
56 +0 +0 +0 -7.168398e-14
57 +0 +0 +0 -8.064940e-14
58 +0 +0 +0 -9.754810e-14
59 +0 +0 +0 -1.084436e-13
60 +0 +0 +0 -7.541328e-14
61 +0 +0 +0 +7.264297e-14
62 +0 +0 +0 +4.990006e-14
63 +0 +0 +0 -1.886523e-14
