0 +0 +0 +0 +1.350025e-08
1 +0 +0 +0 +2.441217e-08
2 +0 +0 +0 +1.334534e-08
3 +0 +0 +0 +8.009457e-09
4 +0 +0 +0 +4.864289e-09
5 +0 +0 +0 +3.175968e-09
6 +0 +0 +0 +2.057100e-09
7 +0 +0 +0 +1.346848e-09
8 +0 +0 +0 +8.787204e-10
9 +0 +0 +0 +5.931431e-10
10 +0 +0 +0 +3.936381e-10
11 +0 +0 +0 +2.711485e-10
12 +0 +0 +0 +1.845314e-10
13 +0 +0 +0 +1.263336e-10
14 +0 +0 +0 +8.320670e-11
15 +0 +0 +0 +5.617152e-11
16 +0 +0 +0 +3.924043e-11
17 +0 +0 +0 +2.455824e-11
18 +0 +0 +0 +1.873835e-11
19 +0 +0 +0 +1.020499e-11
20 +0 +0 +0 +8.266520e-12
21 +0 +0 +0 +6.422653e-12
22 +0 +0 +0 +4.244079e-12
23 +0 +0 +0 +1.855861e-12
24 +0 +0 +0 +1.845520e-12
25 +0 +0 +0 +1.004891e-12
26 +0 +0 +0 +1.717464e-12
27 +0 +0 +0 +1.652622e-12
28 +0 +0 +0 +1.606100e-12
29 +0 +0 +0 +3.672008e-13
30 +0 +0 +0 -9.479596e-13
31 +0 +0 +0 -1.278448e-12
32 +0 +0 +0 -4.157282e-13
33 +0 +0 +0 -2.694238e-13
34 +0 +0 +0 -3.105026e-13
35 +0 +0 +0 +3.414357e-13
36 +0 +0 +0 +3.514931e-13
37 +0 +0 +0 +1.209221e-13
38 +0 +0 +0 +3.968259e-13
39 +0 +0 +0 -1.771439e-14
40 +0 +0 +0 +1.093207e-13
41 +0 +0 +0 +1.275468e-13
42 +0 +0 +0 +1.570216e-13
43 +0 +0 +0 +3.776194e-13
44 +0 +0 +0 +3.178237e-13
45 +0 +0 +0 +3.368597e-13
46 +0 +0 +0 +2.296691e-13
47 +0 +0 +0 +1.642346e-13
48 +0 +0 +0 +1.373250e-13
49 +0 +0 +0 -1.736871e-15
50 +0 +0 +0 +3.062049e-14
51 +0 +0 +0 +1.298924e-13
52 +0 +0 +0 -4.157715e-14
53 +0 +0 +0 -3.682203e-14
54 +0 +0 +0 -9.169751e-15
55 +0 +0 +0 +1.248979e-13
56 +0 +0 +0 +7.731400e-14
57 +0 +0 +0 -1.437304e-14
58 +0 +0 +0 +1.832991e-14
59 +0 +0 +0 +1.594933e-14
60 +0 +0 +0 +4.852387e-15
61 +0 +0 +0 -6.720697e-14
62 +0 +0 +0 -1.354605e-13
63 +0 +0 +0 -1.470315e-13
