0 +0 +0 +0 +1.200390e-08
1 +0 +0 +0 +2.353442e-08
2 +0 +0 +0 +1.279392e-08
3 +0 +0 +0 +7.586127e-09
4 +0 +0 +0 +4.712774e-09
5 +0 +0 +0 +3.007251e-09
6 +0 +0 +0 +1.959038e-09
7 +0 +0 +0 +1.272112e-09
8 +0 +0 +0 +8.219723e-10
9 +0 +0 +0 +5.467052e-10
10 +0 +0 +0 +3.689133e-10
11 +0 +0 +0 +2.495250e-10
12 +0 +0 +0 +1.700699e-10
13 +0 +0 +0 +1.179678e-10
14 +0 +0 +0 +8.018940e-11
15 +0 +0 +0 +5.438351e-11
16 +0 +0 +0 +3.403934e-11
17 +0 +0 +0 +2.213254e-11
18 +0 +0 +0 +1.093613e-11
19 +0 +0 +0 +4.929687e-12
20 +0 +0 +0 +6.404163e-12
21 +0 +0 +0 +4.292331e-12
22 +0 +0 +0 +3.521517e-12
23 +0 +0 +0 -5.874498e-13
24 +0 +0 +0 -1.317972e-12
25 +0 +0 +0 -1.077567e-12
26 +0 +0 +0 -1.486654e-12
27 +0 +0 +0 -1.047620e-12
28 +0 +0 +0 -8.896688e-13
29 +0 +0 +0 -8.108383e-13
30 +0 +0 +0 -5.690885e-13
31 +0 +0 +0 -9.829450e-13
32 +0 +0 +0 -1.166608e-12
33 +0 +0 +0 -7.646621e-13
34 +0 +0 +0 -1.035596e-12
35 +0 +0 +0 -3.940860e-13
36 +0 +0 +0 +2.183286e-13
37 +0 +0 +0 +5.457938e-14
38 +0 +0 +0 +1.968277e-13
39 +0 +0 +0 +1.428438e-13
40 +0 +0 +0 +7.645307e-14
41 +0 +0 +0 -1.074540e-13
42 +0 +0 +0 -4.189719e-14
43 +0 +0 +0 -7.706105e-14
44 +0 +0 +0 -2.990539e-13
45 +0 +0 +0 -1.231138e-13
46 +0 +0 +0 -7.826284e-14
47 +0 +0 +0 +4.002818e-14
48 +0 +0 +0 +1.745583e-14
49 +0 +0 +0 +1.047611e-13
50 +0 +0 +0 +1.400062e-13
51 +0 +0 +0 +8.503255e-14
52 +0 +0 +0 +3.054780e-15
53 +0 +0 +0 +9.205102e-14
54 +0 +0 +0 +2.497353e-14
55 +0 +0 +0 +2.486003e-14
56 +0 +0 +0 +1.320962e-14
57 +0 +0 +0 +1.257238e-14
58 +0 +0 +0 -1.183817e-14
59 +0 +0 +0 +1.593407e-14
60 +0 +0 +0 -6.798042e-14
61 +0 +0 +0 -7.351418e-14
62 +0 +0 +0 -1.187868e-13
63 +0 +0 +0 -1.479447e-13
