0 +0 +0 +0 +1.341270e-08
1 +0 +0 +0 +2.323328e-08
2 +0 +0 +0 +1.278539e-08
3 +0 +0 +0 +7.611868e-09
4 +0 +0 +0 +4.688149e-09
5 +0 +0 +0 +2.943843e-09
6 +0 +0 +0 +1.917434e-09
7 +0 +0 +0 +1.230196e-09
8 +0 +0 +0 +8.033939e-10
9 +0 +0 +0 +5.301135e-10
10 +0 +0 +0 +3.545162e-10
11 +0 +0 +0 +2.406686e-10
12 +0 +0 +0 +1.574418e-10
13 +0 +0 +0 +1.102883e-10
14 +0 +0 +0 +7.571872e-11
15 +0 +0 +0 +5.112297e-11
16 +0 +0 +0 +3.624292e-11
17 +0 +0 +0 +2.529158e-11
18 +0 +0 +0 +1.732780e-11
19 +0 +0 +0 +9.627490e-12
20 +0 +0 +0 +6.285309e-12
21 +0 +0 +0 +5.421797e-12
22 +0 +0 +0 +3.538424e-12
23 +0 +0 +0 +1.781647e-12
24 +0 +0 +0 +2.047288e-12
25 +0 +0 +0 +8.366885e-13
26 +0 +0 +0 +9.067914e-13
27 +0 +0 +0 +1.339863e-12
28 +0 +0 +0 +5.304467e-13
29 +0 +0 +0 -7.892409e-14
30 +0 +0 +0 -3.258060e-13
31 +0 +0 +0 +1.307012e-14
32 +0 +0 +0 -3.609213e-14
33 +0 +0 +0 +4.071241e-14
34 +0 +0 +0 +2.873297e-13
35 +0 +0 +0 +9.936768e-14
36 +0 +0 +0 -3.469500e-13
37 +0 +0 +0 -3.173662e-13
38 +0 +0 +0 -5.854261e-13
39 +0 +0 +0 -5.522045e-13
40 +0 +0 +0 -2.931393e-13
41 +0 +0 +0 +2.773291e-14
42 +0 +0 +0 -6.809744e-14
43 +0 +0 +0 -7.174930e-14
44 +0 +0 +0 -6.077460e-14
45 +0 +0 +0 -7.212956e-14
46 +0 +0 +0 -6.768158e-14
47 +0 +0 +0 -5.964058e-14
48 +0 +0 +0 -1.632482e-13
49 +0 +0 +0 -2.473125e-13
50 +0 +0 +0 -3.097519e-13
51 +0 +0 +0 -1.122158e-13
52 +0 +0 +0 -1.150250e-13
53 +0 +0 +0 -8.923738e-14
54 +0 +0 +0 -5.653771e-14
55 +0 +0 +0 +2.343459e-14
56 +0 +0 +0 +7.050760e-15
57 +0 +0 +0 +2.499954e-14
58 +0 +0 +0 -9.679580e-15
59 +0 +0 +0 +1.206084e-14
60 +0 +0 +0 +7.228046e-14
61 +0 +0 +0 +6.595474e-16
62 +0 +0 +0 +4.456825e-14
63 +0 +0 +0 +3.609781e-14
