0 +0 +0 +0 +1.293468e-08
1 +0 +0 +0 +2.397333e-08
2 +0 +0 +0 +1.327733e-08
3 +0 +0 +0 +7.995052e-09
4 +0 +0 +0 +4.915538e-09
5 +0 +0 +0 +3.168882e-09
6 +0 +0 +0 +2.038305e-09
7 +0 +0 +0 +1.320003e-09
8 +0 +0 +0 +8.843136e-10
9 +0 +0 +0 +5.926294e-10
10 +0 +0 +0 +4.056705e-10
11 +0 +0 +0 +2.740645e-10
12 +0 +0 +0 +1.884736e-10
13 +0 +0 +0 +1.297493e-10
14 +0 +0 +0 +8.985717e-11
15 +0 +0 +0 +5.723012e-11
16 +0 +0 +0 +4.003756e-11
17 +0 +0 +0 +2.605284e-11
18 +0 +0 +0 +1.557287e-11
19 +0 +0 +0 +1.058568e-11
20 +0 +0 +0 +7.447156e-12
21 +0 +0 +0 +5.545475e-12
22 +0 +0 +0 +4.073373e-12
23 +0 +0 +0 +8.180835e-13
24 +0 +0 +0 +1.298928e-12
25 +0 +0 +0 +4.092545e-13
26 +0 +0 +0 +9.579235e-13
27 +0 +0 +0 +3.875472e-13
28 +0 +0 +0 -1.199003e-12
29 +0 +0 +0 -7.605229e-13
30 +0 +0 +0 -4.813494e-13
31 +0 +0 +0 -1.505375e-13
32 +0 +0 +0 +3.642295e-13
33 +0 +0 +0 +1.083711e-13
34 +0 +0 +0 -2.428753e-13
35 +0 +0 +0 -6.901632e-14
36 +0 +0 +0 +5.577129e-13
37 +0 +0 +0 +6.040431e-13
38 +0 +0 +0 +2.896609e-13
39 +0 +0 +0 +1.420422e-13
40 +0 +0 +0 -2.554473e-13
41 +0 +0 +0 +1.353574e-14
42 +0 +0 +0 +3.176632e-13
43 +0 +0 +0 +3.662869e-13
44 +0 +0 +0 +1.833627e-13
45 +0 +0 +0 +1.651830e-13
46 +0 +0 +0 -1.349301e-13
47 +0 +0 +0 -3.341959e-13
48 +0 +0 +0 -1.023007e-13
49 +0 +0 +0 -5.002013e-14
50 +0 +0 +0 -4.159014e-14
51 +0 +0 +0 -9.854190e-14
52 +0 +0 +0 -4.402957e-14
53 +0 +0 +0 -4.000948e-14
54 +0 +0 +0 -8.943207e-14
55 +0 +0 +0 -1.218477e-13
56 +0 +0 +0 -1.266359e-13
57 +0 +0 +0 -1.372375e-13
58 +0 +0 +0 -9.364525e-14
59 +0 +0 +0 -1.421009e-13
60 +0 +0 +0 -1.546776e-13
61 +0 +0 +0 -1.201315e-13
62 +0 +0 +0 -4.134471e-14
63 +0 +0 +0 -1.636055e-14
