0 +0 +0 +0 +1.428327e-08
1 +0 +0 +0 +2.532933e-08
2 +0 +0 +0 +1.411004e-08
3 +0 +0 +0 +8.461904e-09
4 +0 +0 +0 +5.207808e-09
5 +0 +0 +0 +3.291367e-09
6 +0 +0 +0 +2.172031e-09
7 +0 +0 +0 +1.390260e-09
8 +0 +0 +0 +9.322126e-10
9 +0 +0 +0 +6.349841e-10
10 +0 +0 +0 +4.191540e-10
11 +0 +0 +0 +2.754650e-10
12 +0 +0 +0 +1.806100e-10
13 +0 +0 +0 +1.162111e-10
14 +0 +0 +0 +7.887887e-11
15 +0 +0 +0 +5.212270e-11
16 +0 +0 +0 +3.238004e-11
17 +0 +0 +0 +2.345353e-11
18 +0 +0 +0 +1.811194e-11
19 +0 +0 +0 +1.189532e-11
20 +0 +0 +0 +7.925641e-12
21 +0 +0 +0 +6.111517e-12
22 +0 +0 +0 +4.580910e-12
23 +0 +0 +0 +2.852269e-12
24 +0 +0 +0 +1.850411e-12
25 +0 +0 +0 +2.384017e-12
26 +0 +0 +0 +7.709759e-13
27 +0 +0 +0 +1.371320e-12
28 +0 +0 +0 +7.547422e-13
29 +0 +0 +0 -1.060113e-12
30 +0 +0 +0 -1.082697e-12
31 +0 +0 +0 -9.469237e-13
32 +0 +0 +0 -4.482512e-13
33 +0 +0 +0 +2.715776e-13
34 +0 +0 +0 +9.607172e-13
35 +0 +0 +0 +1.162359e-12
36 +0 +0 +0 +7.077600e-13
37 +0 +0 +0 +6.849115e-13
38 +0 +0 +0 +2.327087e-13
39 +0 +0 +0 +4.146118e-13
40 +0 +0 +0 -1.452885e-14
41 +0 +0 +0 -3.308116e-13
42 +0 +0 +0 -2.364059e-13
43 +0 +0 +0 -2.315005e-13
44 +0 +0 +0 -8.339239e-14
45 +0 +0 +0 -2.801626e-13
46 +0 +0 +0 -7.377646e-14
47 +0 +0 +0 -6.252683e-14
48 +0 +0 +0 -8.993888e-14
49 +0 +0 +0 +8.663096e-15
50 +0 +0 +0 +6.318249e-14
51 +0 +0 +0 -8.460656e-16
52 +0 +0 +0 -2.913772e-13
53 +0 +0 +0 -2.282273e-13
54 +0 +0 +0 -1.895317e-13
55 +0 +0 +0 -2.539330e-13
56 +0 +0 +0 -1.603736e-13
57 +0 +0 +0 -1.245727e-13
58 +0 +0 +0 -1.525116e-13
59 +0 +0 +0 -1.601156e-13
60 +0 +0 +0 -1.580770e-13
61 +0 +0 +0 -2.475808e-13
62 +0 +0 +0 -2.327981e-13
63 +0 +0 +0 -1.751101e-13
