0 +0 +0 +0 +1.357873e-08
1 +0 +0 +0 +2.351466e-08
2 +0 +0 +0 +1.304731e-08
3 +0 +0 +0 +7.573274e-09
4 +0 +0 +0 +4.576590e-09
5 +0 +0 +0 +2.925262e-09
6 +0 +0 +0 +1.897018e-09
7 +0 +0 +0 +1.267483e-09
8 +0 +0 +0 +8.223770e-10
9 +0 +0 +0 +5.358694e-10
10 +0 +0 +0 +3.666543e-10
11 +0 +0 +0 +2.418653e-10
12 +0 +0 +0 +1.613176e-10
13 +0 +0 +0 +1.081963e-10
14 +0 +0 +0 +7.083907e-11
15 +0 +0 +0 +4.704326e-11
16 +0 +0 +0 +3.369947e-11
17 +0 +0 +0 +2.604171e-11
18 +0 +0 +0 +1.808886e-11
19 +0 +0 +0 +1.368904e-11
20 +0 +0 +0 +1.162261e-11
21 +0 +0 +0 +8.981782e-12
22 +0 +0 +0 +6.856735e-12
23 +0 +0 +0 +6.881642e-12
24 +0 +0 +0 +5.452763e-12
25 +0 +0 +0 +4.029028e-12
26 +0 +0 +0 +2.806057e-12
27 +0 +0 +0 +1.574783e-12
28 +0 +0 +0 +1.622338e-12
29 +0 +0 +0 +1.924214e-12
30 +0 +0 +0 +1.219947e-12
31 +0 +0 +0 +5.427696e-13
32 +0 +0 +0 +4.947330e-13
33 +0 +0 +0 +7.306268e-13
34 +0 +0 +0 +6.579472e-13
35 +0 +0 +0 +7.159458e-13
36 +0 +0 +0 +7.361821e-13
37 +0 +0 +0 +6.663618e-13
38 +0 +0 +0 +5.764320e-13
39 +0 +0 +0 +3.350226e-13
40 +0 +0 +0 +2.158041e-13
41 +0 +0 +0 +1.028229e-14
42 +0 +0 +0 +4.119942e-13
43 +0 +0 +0 +1.940432e-13
44 +0 +0 +0 +2.110552e-13
45 +0 +0 +0 -3.270047e-14
46 +0 +0 +0 -1.609798e-13
47 +0 +0 +0 -1.837145e-13
48 +0 +0 +0 -1.231292e-13
49 +0 +0 +0 -7.949731e-14
50 +0 +0 +0 -2.360009e-14
51 +0 +0 +0 -1.601234e-15
52 +0 +0 +0 -1.747115e-13
53 +0 +0 +0 -1.086174e-13
54 +0 +0 +0 -2.390720e-14
55 +0 +0 +0 -5.294963e-14
56 +0 +0 +0 -7.213822e-14
57 +0 +0 +0 -1.488393e-13
58 +0 +0 +0 -1.029229e-13
59 +0 +0 +0 -8.490829e-14
60 +0 +0 +0 -4.235999e-14
61 +0 +0 +0 +2.261561e-14
62 +0 +0 +0 +3.124986e-14
63 +0 +0 +0 +2.753752e-15
