0 +0 +0 +0 +1.317672e-08
1 +0 +0 +0 +2.429015e-08
2 +0 +0 +0 +1.332146e-08
3 +0 +0 +0 +7.929093e-09
4 +0 +0 +0 +4.936153e-09
5 +0 +0 +0 +3.137011e-09
6 +0 +0 +0 +1.995434e-09
7 +0 +0 +0 +1.325673e-09
8 +0 +0 +0 +8.726298e-10
9 +0 +0 +0 +5.638843e-10
10 +0 +0 +0 +3.667621e-10
11 +0 +0 +0 +2.474440e-10
12 +0 +0 +0 +1.591966e-10
13 +0 +0 +0 +1.032706e-10
14 +0 +0 +0 +7.198023e-11
15 +0 +0 +0 +4.882909e-11
16 +0 +0 +0 +3.349154e-11
17 +0 +0 +0 +2.212519e-11
18 +0 +0 +0 +1.213260e-11
19 +0 +0 +0 +7.443538e-12
20 +0 +0 +0 +5.412902e-12
21 +0 +0 +0 +3.281119e-12
22 +0 +0 +0 +2.252839e-12
23 +0 +0 +0 +2.582549e-12
24 +0 +0 +0 +1.285688e-12
25 +0 +0 +0 +7.061336e-13
26 +0 +0 +0 +5.757489e-13
27 +0 +0 +0 +7.936381e-13
28 +0 +0 +0 +1.509280e-12
29 +0 +0 +0 +1.156651e-12
30 +0 +0 +0 +1.679433e-12
31 +0 +0 +0 +1.187740e-12
32 +0 +0 +0 +7.228891e-13
33 +0 +0 +0 +8.961068e-13
34 +0 +0 +0 +7.133047e-13
35 +0 +0 +0 +6.083851e-13
36 +0 +0 +0 +5.568715e-13
37 +0 +0 +0 +7.211549e-13
38 +0 +0 +0 +5.544204e-13
39 +0 +0 +0 -1.377945e-13
40 +0 +0 +0 -3.576265e-14
41 +0 +0 +0 +2.739023e-13
42 +0 +0 +0 +1.370569e-13
43 +0 +0 +0 +2.453902e-13
44 +0 +0 +0 +5.661639e-13
45 +0 +0 +0 +2.252998e-13
46 +0 +0 +0 +1.558475e-13
47 +0 +0 +0 +2.435808e-13
48 +0 +0 +0 +1.138181e-13
49 +0 +0 +0 +2.209167e-13
50 +0 +0 +0 +2.009991e-13
51 +0 +0 +0 +1.784318e-13
52 +0 +0 +0 +7.180678e-14
53 +0 +0 +0 +7.341805e-14
54 +0 +0 +0 +7.249810e-14
55 +0 +0 +0 +1.054699e-13
56 +0 +0 +0 +5.825788e-14
57 +0 +0 +0 +4.265676e-14
58 +0 +0 +0 +7.715763e-14
59 +0 +0 +0 +3.971140e-14
60 +0 +0 +0 -1.050472e-14
61 +0 +0 +0 -1.471135e-14
62 +0 +0 +0 +1.243663e-14
63 +0 +0 +0 +1.629748e-15
