0 +0 +0 +0 +1.336444e-08
1 +0 +0 +0 +2.442713e-08
2 +0 +0 +0 +1.394007e-08
3 +0 +0 +0 +8.270578e-09
4 +0 +0 +0 +5.032894e-09
5 +0 +0 +0 +3.174499e-09
6 +0 +0 +0 +2.042713e-09
7 +0 +0 +0 +1.374750e-09
8 +0 +0 +0 +9.131520e-10
9 +0 +0 +0 +5.991079e-10
10 +0 +0 +0 +4.119745e-10
11 +0 +0 +0 +2.842488e-10
12 +0 +0 +0 +1.921217e-10
13 +0 +0 +0 +1.342427e-10
14 +0 +0 +0 +9.028243e-11
15 +0 +0 +0 +6.553912e-11
16 +0 +0 +0 +4.463057e-11
17 +0 +0 +0 +3.026121e-11
18 +0 +0 +0 +1.993509e-11
19 +0 +0 +0 +1.479435e-11
20 +0 +0 +0 +9.296922e-12
21 +0 +0 +0 +8.196678e-12
22 +0 +0 +0 +6.100519e-12
23 +0 +0 +0 +5.118944e-12
24 +0 +0 +0 +1.599197e-12
25 +0 +0 +0 -1.924630e-13
26 +0 +0 +0 -1.050009e-12
27 +0 +0 +0 -8.579886e-13
28 +0 +0 +0 -2.750885e-13
29 +0 +0 +0 -8.258606e-13
30 +0 +0 +0 -5.212904e-13
31 +0 +0 +0 -1.665299e-13
32 +0 +0 +0 -1.128526e-13
33 +0 +0 +0 +1.644194e-13
34 +0 +0 +0 -1.221407e-13
35 +0 +0 +0 +1.232978e-13
36 +0 +0 +0 +4.836584e-14
37 +0 +0 +0 -7.862337e-15
38 +0 +0 +0 +6.249978e-14
39 +0 +0 +0 -3.909974e-13
40 +0 +0 +0 -6.486645e-13
41 +0 +0 +0 -3.585423e-13
42 +0 +0 +0 -2.090554e-13
43 +0 +0 +0 +7.292252e-14
44 +0 +0 +0 +1.236833e-13
45 +0 +0 +0 +4.134532e-14
46 +0 +0 +0 +6.207458e-14
47 +0 +0 +0 +8.166876e-15
48 +0 +0 +0 +3.943938e-14
49 +0 +0 +0 +2.874891e-14
50 +0 +0 +0 -5.961400e-14
51 +0 +0 +0 -1.050199e-13
52 +0 +0 +0 -7.704803e-14
53 +0 +0 +0 +3.670564e-14
54 +0 +0 +0 -3.277394e-14
55 +0 +0 +0 -6.209301e-14
56 +0 +0 +0 -8.162877e-15
57 +0 +0 +0 -3.753398e-14
58 +0 +0 +0 +3.353813e-15
59 +0 +0 +0 -4.112975e-14
60 +0 +0 +0 -4.315831e-15
61 +0 +0 +0 -3.482475e-14
62 +0 +0 +0 -2.177148e-15
63 +0 +0 +0 +4.116199e-14
