0 +0 +0 +0 +1.260895e-08
1 +0 +0 +0 +2.427038e-08
2 +0 +0 +0 +1.372989e-08
3 +0 +0 +0 +7.971188e-09
4 +0 +0 +0 +4.932749e-09
5 +0 +0 +0 +3.173823e-09
6 +0 +0 +0 +2.070751e-09
7 +0 +0 +0 +1.355924e-09
8 +0 +0 +0 +9.148034e-10
9 +0 +0 +0 +6.170761e-10
10 +0 +0 +0 +4.011423e-10
11 +0 +0 +0 +2.754307e-10
12 +0 +0 +0 +1.928580e-10
13 +0 +0 +0 +1.255659e-10
14 +0 +0 +0 +8.687548e-11
15 +0 +0 +0 +6.021920e-11
16 +0 +0 +0 +4.006236e-11
17 +0 +0 +0 +2.974357e-11
18 +0 +0 +0 +2.244078e-11
19 +0 +0 +0 +1.587868e-11
20 +0 +0 +0 +1.142418e-11
21 +0 +0 +0 +6.230515e-12
22 +0 +0 +0 +4.106835e-12
23 +0 +0 +0 +3.546968e-12
24 +0 +0 +0 +3.282141e-12
25 +0 +0 +0 +2.447264e-12
26 +0 +0 +0 +1.954297e-12
27 +0 +0 +0 +2.845767e-13
28 +0 +0 +0 +9.849070e-13
29 +0 +0 +0 +3.349650e-13
30 +0 +0 +0 -1.490876e-13
31 +0 +0 +0 +6.128715e-14
32 +0 +0 +0 -1.367742e-13
33 +0 +0 +0 +3.316352e-13
34 +0 +0 +0 +3.387936e-13
35 +0 +0 +0 -3.863978e-13
36 +0 +0 +0 -3.590921e-13
37 +0 +0 +0 -7.742371e-13
38 +0 +0 +0 -5.434414e-13
39 +0 +0 +0 -5.629954e-13
40 +0 +0 +0 -7.163631e-13
41 +0 +0 +0 -8.021194e-13
42 +0 +0 +0 -7.435721e-13
43 +0 +0 +0 -6.241508e-13
44 +0 +0 +0 -4.592197e-13
45 +0 +0 +0 -3.844465e-13
46 +0 +0 +0 -1.213537e-13
47 +0 +0 +0 -2.490195e-13
48 +0 +0 +0 -1.079473e-13
49 +0 +0 +0 -2.763407e-13
50 +0 +0 +0 -1.123624e-13
51 +0 +0 +0 +9.994385e-14
52 +0 +0 +0 +3.097693e-14
53 +0 +0 +0 +2.305164e-14
54 +0 +0 +0 +1.061257e-14
55 +0 +0 +0 +3.158821e-14
56 +0 +0 +0 -3.911338e-14
57 +0 +0 +0 +3.400440e-14
58 +0 +0 +0 +2.446024e-14
59 +0 +0 +0 +6.088886e-14
60 +0 +0 +0 -2.751182e-14
61 +0 +0 +0 -3.898859e-14
62 +0 +0 +0 -8.732759e-14
63 +0 +0 +0 -6.740484e-14
