0 +0 +0 +0 +1.357936e-08
1 +0 +0 +0 +2.449837e-08
2 +0 +0 +0 +1.361691e-08
3 +0 +0 +0 +8.074334e-09
4 +0 +0 +0 +5.051965e-09
5 +0 +0 +0 +3.220863e-09
6 +0 +0 +0 +2.146160e-09
7 +0 +0 +0 +1.391674e-09
8 +0 +0 +0 +9.314210e-10
9 +0 +0 +0 +6.127902e-10
10 +0 +0 +0 +3.955276e-10
11 +0 +0 +0 +2.721032e-10
12 +0 +0 +0 +1.829954e-10
13 +0 +0 +0 +1.231015e-10
14 +0 +0 +0 +8.115870e-11
15 +0 +0 +0 +5.549596e-11
16 +0 +0 +0 +3.487948e-11
17 +0 +0 +0 +2.014236e-11
18 +0 +0 +0 +1.509618e-11
19 +0 +0 +0 +8.427978e-12
20 +0 +0 +0 +3.660278e-12
21 +0 +0 +0 +3.624621e-12
22 +0 +0 +0 +4.868217e-12
23 +0 +0 +0 +3.414974e-12
24 +0 +0 +0 +2.172845e-12
25 +0 +0 +0 +9.508559e-13
26 +0 +0 +0 +8.072194e-13
27 +0 +0 +0 +7.355781e-13
28 +0 +0 +0 +1.079865e-12
29 +0 +0 +0 +8.870695e-13
30 +0 +0 +0 +5.901639e-13
31 +0 +0 +0 +4.973194e-13
32 +0 +0 +0 +2.998117e-13
33 +0 +0 +0 -1.858500e-13
34 +0 +0 +0 +1.705918e-13
35 +0 +0 +0 +2.398070e-13
36 +0 +0 +0 +9.948113e-13
37 +0 +0 +0 +5.803237e-13
38 +0 +0 +0 +5.596954e-13
39 +0 +0 +0 +3.888033e-13
40 +0 +0 +0 +2.787530e-13
41 +0 +0 +0 +2.778569e-13
42 +0 +0 +0 +1.319624e-13
43 +0 +0 +0 +3.657823e-13
44 +0 +0 +0 +2.154900e-13
45 +0 +0 +0 +3.251690e-13
46 +0 +0 +0 +2.160152e-13
47 +0 +0 +0 +3.060978e-13
48 +0 +0 +0 +3.416861e-13
49 +0 +0 +0 +4.725920e-13
50 +0 +0 +0 +2.784424e-13
51 +0 +0 +0 +1.436513e-13
52 +0 +0 +0 +1.328682e-13
53 +0 +0 +0 -2.221600e-14
54 +0 +0 +0 +8.109516e-15
55 +0 +0 +0 +7.031191e-15
56 +0 +0 +0 +5.421936e-14
57 +0 +0 +0 -3.092259e-14
58 +0 +0 +0 -1.084081e-14
59 +0 +0 +0 -3.869242e-14
60 +0 +0 +0 -1.086171e-13
61 +0 +0 +0 -6.097529e-14
62 +0 +0 +0 -8.269391e-14
63 +0 +0 +0 -2.368698e-14
