0 +0 +0 +0 +1.238309e-08
1 +0 +0 +0 +2.460990e-08
2 +0 +0 +0 +1.356008e-08
3 +0 +0 +0 +7.997019e-09
4 +0 +0 +0 +4.923142e-09
5 +0 +0 +0 +3.117762e-09
6 +0 +0 +0 +1.998822e-09
7 +0 +0 +0 +1.306230e-09
8 +0 +0 +0 +9.147162e-10
9 +0 +0 +0 +5.931997e-10
10 +0 +0 +0 +3.948762e-10
11 +0 +0 +0 +2.738318e-10
12 +0 +0 +0 +1.883288e-10
13 +0 +0 +0 +1.374613e-10
14 +0 +0 +0 +9.434825e-11
15 +0 +0 +0 +6.462399e-11
16 +0 +0 +0 +4.876113e-11
17 +0 +0 +0 +3.036466e-11
18 +0 +0 +0 +1.996256e-11
19 +0 +0 +0 +1.363765e-11
20 +0 +0 +0 +8.350716e-12
21 +0 +0 +0 +5.904256e-12
22 +0 +0 +0 +4.846099e-12
23 +0 +0 +0 +2.107783e-12
24 +0 +0 +0 +1.894373e-12
25 +0 +0 +0 +5.792862e-13
26 +0 +0 +0 -1.210438e-12
27 +0 +0 +0 -7.246129e-13
28 +0 +0 +0 -9.977167e-14
29 +0 +0 +0 -9.325748e-13
30 +0 +0 +0 -1.293818e-12
31 +0 +0 +0 -6.907766e-13
32 +0 +0 +0 -4.108455e-13
33 +0 +0 +0 -2.172800e-13
34 +0 +0 +0 +5.349832e-14
35 +0 +0 +0 -2.474917e-13
36 +0 +0 +0 +1.252156e-13
37 +0 +0 +0 +2.402863e-13
38 +0 +0 +0 -5.961776e-14
39 +0 +0 +0 +4.624967e-14
40 +0 +0 +0 -3.093119e-13
41 +0 +0 +0 -4.353177e-13
42 +0 +0 +0 -4.079689e-13
43 +0 +0 +0 -2.726032e-13
44 +0 +0 +0 +5.368903e-15
45 +0 +0 +0 +6.170245e-14
46 +0 +0 +0 +1.737629e-13
47 +0 +0 +0 +4.628687e-14
48 +0 +0 +0 -6.383980e-15
49 +0 +0 +0 +4.342383e-14
50 +0 +0 +0 -2.562048e-15
51 +0 +0 +0 -6.635647e-14
52 +0 +0 +0 +4.555493e-15
53 +0 +0 +0 +8.004423e-14
54 +0 +0 +0 -4.673691e-15
55 +0 +0 +0 -5.606161e-14
56 +0 +0 +0 -2.828755e-14
57 +0 +0 +0 -6.131626e-15
58 +0 +0 +0 +1.427254e-13
59 +0 +0 +0 +1.609027e-13
60 +0 +0 +0 +2.283670e-13
61 +0 +0 +0 +3.254337e-13
62 +0 +0 +0 +3.903549e-13
63 +0 +0 +0 +3.561964e-13
