0 +0 +0 +0 +1.316489e-08
1 +0 +0 +0 +2.508277e-08
2 +0 +0 +0 +1.410451e-08
3 +0 +0 +0 +8.227753e-09
4 +0 +0 +0 +5.078606e-09
5 +0 +0 +0 +3.247260e-09
6 +0 +0 +0 +2.090552e-09
7 +0 +0 +0 +1.365824e-09
8 +0 +0 +0 +8.932311e-10
9 +0 +0 +0 +5.712483e-10
10 +0 +0 +0 +3.720949e-10
11 +0 +0 +0 +2.446230e-10
12 +0 +0 +0 +1.638889e-10
13 +0 +0 +0 +1.109120e-10
14 +0 +0 +0 +7.281916e-11
15 +0 +0 +0 +4.750780e-11
16 +0 +0 +0 +3.223026e-11
17 +0 +0 +0 +1.879439e-11
18 +0 +0 +0 +1.305103e-11
19 +0 +0 +0 +7.246572e-12
20 +0 +0 +0 +3.947438e-12
21 +0 +0 +0 +2.866418e-12
22 +0 +0 +0 +2.350275e-12
23 +0 +0 +0 +1.537268e-12
24 +0 +0 +0 +4.508429e-13
25 +0 +0 +0 -4.760528e-13
26 +0 +0 +0 +4.372375e-13
27 +0 +0 +0 -7.352609e-14
28 +0 +0 +0 -8.791582e-14
29 +0 +0 +0 -3.004605e-13
30 +0 +0 +0 -3.395617e-13
31 +0 +0 +0 +3.119039e-13
32 +0 +0 +0 +3.869107e-13
33 +0 +0 +0 +2.298119e-13
34 +0 +0 +0 +1.865676e-13
35 +0 +0 +0 +3.740560e-13
36 +0 +0 +0 +2.660272e-13
37 +0 +0 +0 +3.931259e-13
38 +0 +0 +0 +3.421886e-13
39 +0 +0 +0 +2.212110e-13
40 +0 +0 +0 +1.044952e-13
41 +0 +0 +0 -1.916406e-13
42 +0 +0 +0 -2.626012e-13
43 +0 +0 +0 -4.268590e-13
44 +0 +0 +0 -5.154713e-13
45 +0 +0 +0 -7.201517e-14
46 +0 +0 +0 -1.437821e-13
47 +0 +0 +0 -7.152546e-15
48 +0 +0 +0 +1.178679e-14
49 +0 +0 +0 +2.138997e-13
50 +0 +0 +0 +1.873055e-13
51 +0 +0 +0 +2.113632e-13
52 +0 +0 +0 +2.794240e-13
53 +0 +0 +0 +3.835782e-13
54 +0 +0 +0 +3.071247e-13
55 +0 +0 +0 +1.566303e-13
56 +0 +0 +0 +9.591507e-14
57 +0 +0 +0 +6.216285e-14
58 +0 +0 +0 +7.848660e-14
59 +0 +0 +0 +6.463906e-14
60 +0 +0 +0 +6.950642e-14
61 +0 +0 +0 +8.459944e-14
62 +0 +0 +0 +7.186031e-14
63 +0 +0 +0 +2.835778e-14
