0 +0 +0 +0 +1.259769e-08
1 +0 +0 +0 +2.313630e-08
2 +0 +0 +0 +1.255092e-08
3 +0 +0 +0 +7.428617e-09
4 +0 +0 +0 +4.522345e-09
5 +0 +0 +0 +2.818865e-09
6 +0 +0 +0 +1.834472e-09
7 +0 +0 +0 +1.194795e-09
8 +0 +0 +0 +7.800115e-10
9 +0 +0 +0 +5.345876e-10
10 +0 +0 +0 +3.461515e-10
11 +0 +0 +0 +2.301566e-10
12 +0 +0 +0 +1.580777e-10
13 +0 +0 +0 +1.024103e-10
14 +0 +0 +0 +7.078334e-11
15 +0 +0 +0 +4.670936e-11
16 +0 +0 +0 +3.190210e-11
17 +0 +0 +0 +2.244479e-11
18 +0 +0 +0 +1.747729e-11
19 +0 +0 +0 +1.337336e-11
20 +0 +0 +0 +9.109702e-12
21 +0 +0 +0 +6.731845e-12
22 +0 +0 +0 +4.151824e-12
23 +0 +0 +0 +2.280172e-12
24 +0 +0 +0 +1.579949e-12
25 +0 +0 +0 +1.806977e-12
26 +0 +0 +0 +1.215031e-12
27 +0 +0 +0 +9.873721e-13
28 +0 +0 +0 +6.358256e-13
29 +0 +0 +0 +1.421066e-13
30 +0 +0 +0 +3.472259e-13
31 +0 +0 +0 +2.961945e-13
32 +0 +0 +0 +7.964156e-14
33 +0 +0 +0 +2.050766e-13
34 +0 +0 +0 +2.628868e-13
35 +0 +0 +0 +3.714662e-13
36 +0 +0 +0 -2.934844e-14
37 +0 +0 +0 +1.834742e-13
38 +0 +0 +0 -4.810025e-14
39 +0 +0 +0 +3.733067e-14
40 +0 +0 +0 +6.297318e-15
41 +0 +0 +0 +1.866078e-13
42 +0 +0 +0 +6.357012e-14
43 +0 +0 +0 -4.152874e-14
44 +0 +0 +0 +1.563595e-13
45 +0 +0 +0 +2.406415e-16
46 +0 +0 +0 -4.988260e-14
47 +0 +0 +0 -1.333103e-13
48 +0 +0 +0 -1.439560e-13
49 +0 +0 +0 -1.276160e-13
50 +0 +0 +0 -2.944038e-13
51 +0 +0 +0 -3.082009e-13
52 +0 +0 +0 -2.331684e-13
53 +0 +0 +0 -1.197658e-13
54 +0 +0 +0 -1.944628e-13
55 +0 +0 +0 -8.932804e-14
56 +0 +0 +0 -1.008411e-13
57 +0 +0 +0 -9.213532e-14
58 +0 +0 +0 -1.300277e-13
59 +0 +0 +0 -1.054301e-13
60 +0 +0 +0 -1.431542e-13
61 +0 +0 +0 -1.073975e-13
62 +0 +0 +0 -9.479620e-14
63 +0 +0 +0 -1.080830e-13
