0 +0 +0 +0 +1.339504e-08
1 +0 +0 +0 +2.523104e-08
2 +0 +0 +0 +1.375945e-08
3 +0 +0 +0 +8.209911e-09
4 +0 +0 +0 +5.040904e-09
5 +0 +0 +0 +3.201326e-09
6 +0 +0 +0 +2.106860e-09
7 +0 +0 +0 +1.357092e-09
8 +0 +0 +0 +9.023903e-10
9 +0 +0 +0 +6.115448e-10
10 +0 +0 +0 +4.095096e-10
11 +0 +0 +0 +2.745877e-10
12 +0 +0 +0 +1.861502e-10
13 +0 +0 +0 +1.261248e-10
14 +0 +0 +0 +8.357103e-11
15 +0 +0 +0 +6.112602e-11
16 +0 +0 +0 +4.542802e-11
17 +0 +0 +0 +3.202489e-11
18 +0 +0 +0 +2.229842e-11
19 +0 +0 +0 +1.442691e-11
20 +0 +0 +0 +8.304062e-12
21 +0 +0 +0 +6.881456e-12
22 +0 +0 +0 +4.121490e-12
23 +0 +0 +0 +3.265364e-12
24 +0 +0 +0 +3.000429e-12
25 +0 +0 +0 +1.611533e-12
26 +0 +0 +0 +2.247710e-12
27 +0 +0 +0 +1.961923e-12
28 +0 +0 +0 +1.365249e-12
29 +0 +0 +0 +5.348147e-13
30 +0 +0 +0 -9.224751e-13
31 +0 +0 +0 -1.442536e-12
32 +0 +0 +0 -1.086075e-12
33 +0 +0 +0 -7.116025e-13
34 +0 +0 +0 -2.689875e-13
35 +0 +0 +0 -4.173397e-13
36 +0 +0 +0 -7.510496e-13
37 +0 +0 +0 -1.494226e-13
38 +0 +0 +0 -9.773523e-14
39 +0 +0 +0 -3.446528e-13
40 +0 +0 +0 +2.358519e-14
41 +0 +0 +0 -7.555176e-14
42 +0 +0 +0 +3.103039e-14
43 +0 +0 +0 -1.494994e-13
44 +0 +0 +0 -5.139965e-14
45 +0 +0 +0 -1.344807e-13
46 +0 +0 +0 -2.790434e-13
47 +0 +0 +0 -2.534838e-13
48 +0 +0 +0 -1.958045e-13
49 +0 +0 +0 -1.766036e-13
50 +0 +0 +0 -2.325784e-13
51 +0 +0 +0 -1.964179e-13
52 +0 +0 +0 -6.411288e-14
53 +0 +0 +0 -8.149834e-14
54 +0 +0 +0 -7.116584e-14
55 +0 +0 +0 -1.353839e-13
56 +0 +0 +0 -8.645879e-14
57 +0 +0 +0 -1.543944e-13
58 +0 +0 +0 -1.130486e-13
59 +0 +0 +0 -6.618526e-14
60 +0 +0 +0 -7.349674e-14
61 +0 +0 +0 -4.261156e-14
62 +0 +0 +0 -1.076972e-13
63 +0 +0 +0 -5.809430e-15
