0 +0 +0 +0 +1.329155e-08
1 +0 +0 +0 +2.481293e-08
2 +0 +0 +0 +1.375897e-08
3 +0 +0 +0 +8.033773e-09
4 +0 +0 +0 +4.958296e-09
5 +0 +0 +0 +3.209107e-09
6 +0 +0 +0 +2.130907e-09
7 +0 +0 +0 +1.390558e-09
8 +0 +0 +0 +9.314721e-10
9 +0 +0 +0 +6.153399e-10
10 +0 +0 +0 +4.030951e-10
11 +0 +0 +0 +2.712830e-10
12 +0 +0 +0 +1.790107e-10
13 +0 +0 +0 +1.214650e-10
14 +0 +0 +0 +7.882486e-11
15 +0 +0 +0 +5.074474e-11
16 +0 +0 +0 +3.391814e-11
17 +0 +0 +0 +2.360015e-11
18 +0 +0 +0 +1.558164e-11
19 +0 +0 +0 +8.683595e-12
20 +0 +0 +0 +5.213611e-12
21 +0 +0 +0 +4.436558e-12
22 +0 +0 +0 +3.682429e-12
23 +0 +0 +0 +1.756566e-12
24 +0 +0 +0 -9.838889e-13
25 +0 +0 +0 -7.838844e-13
26 +0 +0 +0 -1.149308e-12
27 +0 +0 +0 -2.282018e-13
28 +0 +0 +0 -3.281035e-13
29 +0 +0 +0 -9.260613e-13
30 +0 +0 +0 +2.324726e-13
31 +0 +0 +0 -8.618589e-14
32 +0 +0 +0 +4.052336e-13
33 +0 +0 +0 -2.304371e-13
34 +0 +0 +0 -4.402597e-13
35 +0 +0 +0 -1.846714e-13
36 +0 +0 +0 -9.196723e-14
37 +0 +0 +0 -3.938897e-13
38 +0 +0 +0 -2.592911e-13
39 +0 +0 +0 -1.458389e-13
40 +0 +0 +0 -2.976971e-13
41 +0 +0 +0 -8.368439e-14
42 +0 +0 +0 -7.288632e-14
43 +0 +0 +0 -2.937693e-14
44 +0 +0 +0 +2.029475e-13
45 +0 +0 +0 +3.843481e-13
46 +0 +0 +0 +3.598959e-13
47 +0 +0 +0 +3.628154e-13
48 +0 +0 +0 +2.815660e-13
49 +0 +0 +0 -8.084198e-14
50 +0 +0 +0 -3.096239e-14
51 +0 +0 +0 -1.243393e-13
52 +0 +0 +0 -2.745992e-13
53 +0 +0 +0 -2.504284e-13
54 +0 +0 +0 -2.889944e-13
55 +0 +0 +0 -2.516322e-13
56 +0 +0 +0 -2.072497e-13
57 +0 +0 +0 -1.111549e-13
58 +0 +0 +0 -1.451920e-14
59 +0 +0 +0 -8.872024e-15
60 +0 +0 +0 -1.976813e-14
61 +0 +0 +0 -2.601013e-14
62 +0 +0 +0 +2.133450e-15
63 +0 +0 +0 -3.897350e-14
