0 +0 +0 +0 +1.300604e-08
1 +0 +0 +0 +2.461567e-08
2 +0 +0 +0 +1.401398e-08
3 +0 +0 +0 +8.288105e-09
4 +0 +0 +0 +5.148756e-09
5 +0 +0 +0 +3.240373e-09
6 +0 +0 +0 +2.093306e-09
7 +0 +0 +0 +1.368090e-09
8 +0 +0 +0 +9.008513e-10
9 +0 +0 +0 +5.832518e-10
10 +0 +0 +0 +3.971212e-10
11 +0 +0 +0 +2.663424e-10
12 +0 +0 +0 +1.802516e-10
13 +0 +0 +0 +1.269672e-10
14 +0 +0 +0 +8.667046e-11
15 +0 +0 +0 +5.524501e-11
16 +0 +0 +0 +3.630710e-11
17 +0 +0 +0 +2.716243e-11
18 +0 +0 +0 +1.612905e-11
19 +0 +0 +0 +9.289617e-12
20 +0 +0 +0 +6.526657e-12
21 +0 +0 +0 +3.906357e-12
22 +0 +0 +0 +2.149620e-12
23 +0 +0 +0 +1.050009e-12
24 +0 +0 +0 +3.687231e-13
25 +0 +0 +0 +8.107061e-13
26 +0 +0 +0 +4.842251e-13
27 +0 +0 +0 -6.982529e-14
28 +0 +0 +0 +1.205532e-13
29 +0 +0 +0 -6.143070e-13
30 +0 +0 +0 -5.211323e-13
31 +0 +0 +0 -5.323841e-13
32 +0 +0 +0 -4.196558e-13
33 +0 +0 +0 -3.737984e-13
34 +0 +0 +0 -7.381503e-14
35 +0 +0 +0 -1.952444e-14
36 +0 +0 +0 +1.975430e-13
37 +0 +0 +0 +5.436855e-14
38 +0 +0 +0 +7.681950e-15
39 +0 +0 +0 +5.104278e-14
40 +0 +0 +0 +1.567831e-13
41 +0 +0 +0 +1.566871e-13
42 +0 +0 +0 +1.555485e-13
43 +0 +0 +0 -6.244699e-14
44 +0 +0 +0 +1.165496e-13
45 +0 +0 +0 +2.540724e-13
46 +0 +0 +0 +4.266181e-13
47 +0 +0 +0 +4.788603e-13
48 +0 +0 +0 +4.804388e-13
49 +0 +0 +0 +4.346710e-13
50 +0 +0 +0 +2.704844e-13
51 +0 +0 +0 +1.397573e-13
52 +0 +0 +0 +3.015985e-14
53 +0 +0 +0 +3.676795e-14
54 +0 +0 +0 -3.650666e-14
55 +0 +0 +0 +1.424641e-14
56 +0 +0 +0 +1.033738e-14
57 +0 +0 +0 -4.913064e-14
58 +0 +0 +0 -9.541410e-14
59 +0 +0 +0 -9.521961e-14
60 +0 +0 +0 -1.995838e-13
61 +0 +0 +0 -1.552745e-13
62 +0 +0 +0 -1.393282e-13
63 +0 +0 +0 -7.321964e-14
