0 +0 +0 +0 +1.318857e-08
1 +0 +0 +0 +2.450547e-08
2 +0 +0 +0 +1.344418e-08
3 +0 +0 +0 +8.027634e-09
4 +0 +0 +0 +5.001355e-09
5 +0 +0 +0 +3.162564e-09
6 +0 +0 +0 +2.077587e-09
7 +0 +0 +0 +1.352114e-09
8 +0 +0 +0 +8.875304e-10
9 +0 +0 +0 +5.905460e-10
10 +0 +0 +0 +3.865145e-10
11 +0 +0 +0 +2.620792e-10
12 +0 +0 +0 +1.734852e-10
13 +0 +0 +0 +1.232898e-10
14 +0 +0 +0 +7.676659e-11
15 +0 +0 +0 +5.888233e-11
16 +0 +0 +0 +3.910670e-11
17 +0 +0 +0 +2.861380e-11
18 +0 +0 +0 +2.047670e-11
19 +0 +0 +0 +1.377991e-11
20 +0 +0 +0 +6.552473e-12
21 +0 +0 +0 +3.254503e-12
22 +0 +0 +0 +2.386570e-12
23 +0 +0 +0 -5.767925e-13
24 +0 +0 +0 -1.488776e-12
25 +0 +0 +0 -2.219710e-12
26 +0 +0 +0 -1.473119e-12
27 +0 +0 +0 -3.187339e-13
28 +0 +0 +0 -6.703107e-13
29 +0 +0 +0 +7.228465e-14
30 +0 +0 +0 -5.810368e-13
31 +0 +0 +0 +2.385218e-13
32 +0 +0 +0 +4.468272e-13
33 +0 +0 +0 +1.117888e-12
34 +0 +0 +0 +1.000312e-12
35 +0 +0 +0 +5.440403e-13
36 +0 +0 +0 +3.072166e-14
37 +0 +0 +0 +4.787838e-13
38 +0 +0 +0 +3.625290e-13
39 +0 +0 +0 +2.880457e-13
40 +0 +0 +0 +2.497214e-13
41 +0 +0 +0 +2.947069e-14
42 +0 +0 +0 -1.855675e-13
43 +0 +0 +0 -1.237615e-13
44 +0 +0 +0 -7.974393e-14
45 +0 +0 +0 -1.781277e-14
46 +0 +0 +0 +1.413616e-13
47 +0 +0 +0 +1.961303e-13
48 +0 +0 +0 +1.600142e-13
49 +0 +0 +0 +5.198677e-14
50 +0 +0 +0 +5.815111e-14
51 +0 +0 +0 +7.538233e-14
52 +0 +0 +0 +1.057962e-13
53 +0 +0 +0 +1.530400e-13
54 +0 +0 +0 +8.135993e-14
55 +0 +0 +0 -4.782243e-14
56 +0 +0 +0 -1.379271e-13
57 +0 +0 +0 -4.477918e-14
58 +0 +0 +0 -1.906417e-13
59 +0 +0 +0 -2.925528e-13
60 +0 +0 +0 -3.253257e-13
61 +0 +0 +0 -2.534127e-13
62 +0 +0 +0 -2.065190e-13
63 +0 +0 +0 -1.787250e-13
