0 +0 +0 +0 +1.301200e-08
1 +0 +0 +0 +2.341221e-08
2 +0 +0 +0 +1.273371e-08
3 +0 +0 +0 +7.731771e-09
4 +0 +0 +0 +4.800725e-09
5 +0 +0 +0 +3.038051e-09
6 +0 +0 +0 +1.926364e-09
7 +0 +0 +0 +1.278197e-09
8 +0 +0 +0 +8.435768e-10
9 +0 +0 +0 +5.554465e-10
10 +0 +0 +0 +3.806988e-10
11 +0 +0 +0 +2.416806e-10
12 +0 +0 +0 +1.642608e-10
13 +0 +0 +0 +1.125497e-10
14 +0 +0 +0 +7.283504e-11
15 +0 +0 +0 +4.445465e-11
16 +0 +0 +0 +3.042849e-11
17 +0 +0 +0 +2.270828e-11
18 +0 +0 +0 +1.673633e-11
19 +0 +0 +0 +1.143323e-11
20 +0 +0 +0 +8.920240e-12
21 +0 +0 +0 +5.062907e-12
22 +0 +0 +0 +3.509044e-12
23 +0 +0 +0 +1.757746e-12
24 +0 +0 +0 +6.982399e-13
25 +0 +0 +0 -3.625908e-13
26 +0 +0 +0 -5.059332e-13
27 +0 +0 +0 +5.722274e-14
28 +0 +0 +0 -1.141303e-14
29 +0 +0 +0 -2.055242e-13
30 +0 +0 +0 -1.215492e-13
31 +0 +0 +0 +3.849499e-13
32 +0 +0 +0 +5.863963e-14
33 +0 +0 +0 -1.629502e-13
34 +0 +0 +0 +6.265371e-13
35 +0 +0 +0 +3.915532e-13
36 +0 +0 +0 +3.125019e-13
37 +0 +0 +0 +1.080336e-13
38 +0 +0 +0 +1.600193e-13
39 +0 +0 +0 +2.459059e-13
40 +0 +0 +0 +1.330893e-13
41 +0 +0 +0 +6.856018e-14
42 +0 +0 +0 -1.350506e-13
43 +0 +0 +0 -4.245502e-13
44 +0 +0 +0 -3.040760e-13
45 +0 +0 +0 -2.530784e-13
46 +0 +0 +0 -4.202053e-13
47 +0 +0 +0 -3.006762e-13
48 +0 +0 +0 -3.548508e-13
49 +0 +0 +0 -2.273743e-13
50 +0 +0 +0 -3.225772e-13
51 +0 +0 +0 -1.061118e-13
52 +0 +0 +0 -1.855131e-14
53 +0 +0 +0 -1.203797e-13
54 +0 +0 +0 -3.091704e-14
55 +0 +0 +0 +5.637993e-14
56 +0 +0 +0 +2.110297e-13
57 +0 +0 +0 +1.615152e-13
58 +0 +0 +0 +2.311997e-13
59 +0 +0 +0 +1.705205e-13
60 +0 +0 +0 +7.347080e-14
61 +0 +0 +0 +9.233339e-15
62 +0 +0 +0 -6.828991e-14
63 +0 +0 +0 -9.587174e-14
