0 +0 +0 +0 +1.360238e-08
1 +0 +0 +0 +2.472979e-08
2 +0 +0 +0 +1.391400e-08
3 +0 +0 +0 +8.169236e-09
4 +0 +0 +0 +5.036159e-09
5 +0 +0 +0 +3.218287e-09
6 +0 +0 +0 +2.104237e-09
7 +0 +0 +0 +1.390754e-09
8 +0 +0 +0 +9.284077e-10
9 +0 +0 +0 +6.310479e-10
10 +0 +0 +0 +4.241543e-10
11 +0 +0 +0 +2.825443e-10
12 +0 +0 +0 +1.902719e-10
13 +0 +0 +0 +1.343845e-10
14 +0 +0 +0 +9.259438e-11
15 +0 +0 +0 +6.365364e-11
16 +0 +0 +0 +4.570448e-11
17 +0 +0 +0 +3.141553e-11
18 +0 +0 +0 +1.908977e-11
19 +0 +0 +0 +1.170700e-11
20 +0 +0 +0 +6.409904e-12
21 +0 +0 +0 +4.252928e-12
22 +0 +0 +0 +2.481007e-12
23 +0 +0 +0 +2.633876e-12
24 +0 +0 +0 +1.432568e-12
25 +0 +0 +0 +5.845306e-13
26 +0 +0 +0 +4.385437e-13
27 +0 +0 +0 +9.023780e-13
28 +0 +0 +0 -1.778368e-13
29 +0 +0 +0 -3.713958e-14
30 +0 +0 +0 +6.046003e-13
31 +0 +0 +0 -5.037908e-13
32 +0 +0 +0 -9.106374e-13
33 +0 +0 +0 -7.641244e-13
34 +0 +0 +0 -2.620484e-13
35 +0 +0 +0 -1.481661e-13
36 +0 +0 +0 +7.627903e-14
37 +0 +0 +0 +8.832292e-14
38 +0 +0 +0 +4.363332e-13
39 +0 +0 +0 +2.698410e-13
40 +0 +0 +0 +3.777006e-13
41 +0 +0 +0 +2.547800e-13
42 +0 +0 +0 +2.503161e-15
43 +0 +0 +0 +6.503186e-14
44 +0 +0 +0 +1.745342e-13
45 +0 +0 +0 +2.499113e-14
46 +0 +0 +0 -8.299052e-16
47 +0 +0 +0 +5.054447e-15
48 +0 +0 +0 +3.419274e-14
49 +0 +0 +0 -1.056982e-13
50 +0 +0 +0 -1.691808e-13
51 +0 +0 +0 -6.816476e-14
52 +0 +0 +0 -1.974558e-13
53 +0 +0 +0 -1.704949e-13
54 +0 +0 +0 -7.531401e-14
55 +0 +0 +0 -6.525069e-14
56 +0 +0 +0 -5.373002e-14
57 +0 +0 +0 +5.192014e-14
58 +0 +0 +0 -5.419948e-14
59 +0 +0 +0 -1.767328e-13
60 +0 +0 +0 -1.064657e-13
61 +0 +0 +0 -1.338355e-13
62 +0 +0 +0 -1.661594e-13
63 +0 +0 +0 -1.435341e-13
