0 +0 +0 +0 +1.333121e-08
1 +0 +0 +0 +2.430850e-08
2 +0 +0 +0 +1.360716e-08
3 +0 +0 +0 +7.869580e-09
4 +0 +0 +0 +5.050238e-09
5 +0 +0 +0 +3.216350e-09
6 +0 +0 +0 +2.073959e-09
7 +0 +0 +0 +1.380256e-09
8 +0 +0 +0 +9.072989e-10
9 +0 +0 +0 +6.253150e-10
10 +0 +0 +0 +4.191992e-10
11 +0 +0 +0 +2.778973e-10
12 +0 +0 +0 +1.917729e-10
13 +0 +0 +0 +1.303111e-10
14 +0 +0 +0 +8.562700e-11
15 +0 +0 +0 +5.699918e-11
16 +0 +0 +0 +3.961342e-11
17 +0 +0 +0 +3.013890e-11
18 +0 +0 +0 +2.152558e-11
19 +0 +0 +0 +1.325376e-11
20 +0 +0 +0 +1.091094e-11
21 +0 +0 +0 +6.044785e-12
22 +0 +0 +0 +5.664145e-12
23 +0 +0 +0 +3.497234e-12
24 +0 +0 +0 +2.172747e-12
25 +0 +0 +0 +1.479183e-12
26 +0 +0 +0 +1.591074e-12
27 +0 +0 +0 +2.201353e-12
28 +0 +0 +0 +1.475448e-12
29 +0 +0 +0 +1.194471e-12
30 +0 +0 +0 +1.923646e-12
31 +0 +0 +0 +1.097539e-12
32 +0 +0 +0 +1.270077e-12
33 +0 +0 +0 +4.256515e-13
34 +0 +0 +0 +9.559883e-14
35 +0 +0 +0 +8.712707e-13
36 +0 +0 +0 +3.896344e-13
37 +0 +0 +0 -1.734082e-13
38 +0 +0 +0 -3.008560e-13
39 +0 +0 +0 -3.919408e-13
40 +0 +0 +0 -6.685839e-13
41 +0 +0 +0 -5.603646e-13
42 +0 +0 +0 -4.698142e-13
43 +0 +0 +0 -1.751782e-13
44 +0 +0 +0 -1.520948e-13
45 +0 +0 +0 -3.219082e-13
46 +0 +0 +0 -1.229135e-13
47 +0 +0 +0 -2.007229e-13
48 +0 +0 +0 -1.568866e-13
49 +0 +0 +0 -9.840758e-14
50 +0 +0 +0 -1.641966e-13
51 +0 +0 +0 -9.774314e-14
52 +0 +0 +0 -1.242770e-13
53 +0 +0 +0 -3.651606e-14
54 +0 +0 +0 +7.378558e-14
55 +0 +0 +0 -2.453893e-15
56 +0 +0 +0 -9.351650e-14
57 +0 +0 +0 +6.250132e-15
58 +0 +0 +0 +3.090246e-14
59 +0 +0 +0 +7.467140e-14
60 +0 +0 +0 +5.234886e-14
61 +0 +0 +0 +8.503878e-14
62 +0 +0 +0 +1.262107e-13
63 +0 +0 +0 +6.944203e-14
