0 +0 +0 +0 +1.311992e-08
1 +0 +0 +0 +2.383213e-08
2 +0 +0 +0 +1.350365e-08
3 +0 +0 +0 +7.930286e-09
4 +0 +0 +0 +4.828928e-09
5 +0 +0 +0 +3.073534e-09
6 +0 +0 +0 +1.980037e-09
7 +0 +0 +0 +1.308568e-09
8 +0 +0 +0 +8.893584e-10
9 +0 +0 +0 +5.941531e-10
10 +0 +0 +0 +3.895857e-10
11 +0 +0 +0 +2.776321e-10
12 +0 +0 +0 +1.829921e-10
13 +0 +0 +0 +1.236569e-10
14 +0 +0 +0 +8.116103e-11
15 +0 +0 +0 +6.100081e-11
16 +0 +0 +0 +4.090471e-11
17 +0 +0 +0 +2.725046e-11
18 +0 +0 +0 +1.917406e-11
19 +0 +0 +0 +1.655508e-11
20 +0 +0 +0 +1.232315e-11
21 +0 +0 +0 +7.962172e-12
22 +0 +0 +0 +5.466891e-12
23 +0 +0 +0 +3.262898e-12
24 +0 +0 +0 +3.834569e-12
25 +0 +0 +0 +2.897994e-12
26 +0 +0 +0 +2.938382e-12
27 +0 +0 +0 +3.056824e-12
28 +0 +0 +0 +2.343316e-12
29 +0 +0 +0 +1.911582e-12
30 +0 +0 +0 +1.714715e-12
31 +0 +0 +0 +1.794061e-12
32 +0 +0 +0 +1.453394e-12
33 +0 +0 +0 +9.288953e-13
34 +0 +0 +0 +4.062295e-13
35 +0 +0 +0 +5.481265e-13
36 +0 +0 +0 +5.294163e-13
37 +0 +0 +0 +4.499715e-13
38 +0 +0 +0 +1.738976e-13
39 +0 +0 +0 +2.262433e-13
40 +0 +0 +0 +1.270851e-13
41 +0 +0 +0 -3.168796e-15
42 +0 +0 +0 -2.581109e-13
43 +0 +0 +0 +1.290445e-13
44 +0 +0 +0 -2.698675e-14
45 +0 +0 +0 -7.797065e-14
46 +0 +0 +0 -1.762373e-13
47 +0 +0 +0 -2.402390e-15
48 +0 +0 +0 -6.429091e-14
49 +0 +0 +0 +2.438038e-13
50 +0 +0 +0 +1.448429e-13
51 +0 +0 +0 +1.089758e-13
52 +0 +0 +0 +1.806222e-13
53 +0 +0 +0 +2.240604e-13
54 +0 +0 +0 +1.619737e-13
55 +0 +0 +0 +9.735983e-14
56 +0 +0 +0 +9.376080e-14
57 +0 +0 +0 -3.058177e-14
58 +0 +0 +0 -8.381334e-14
59 +0 +0 +0 +3.020704e-14
60 +0 +0 +0 -3.557109e-14
61 +0 +0 +0 -8.284008e-14
62 +0 +0 +0 -6.048911e-15
63 +0 +0 +0 -5.792924e-14
