0 +0 +0 +0 +1.410694e-08
1 +0 +0 +0 +2.558539e-08
2 +0 +0 +0 +1.401869e-08
3 +0 +0 +0 +8.345585e-09
4 +0 +0 +0 +5.206724e-09
5 +0 +0 +0 +3.263250e-09
6 +0 +0 +0 +2.126792e-09
7 +0 +0 +0 +1.422259e-09
8 +0 +0 +0 +9.266264e-10
9 +0 +0 +0 +6.405763e-10
10 +0 +0 +0 +4.353435e-10
11 +0 +0 +0 +2.940915e-10
12 +0 +0 +0 +1.923777e-10
13 +0 +0 +0 +1.296264e-10
14 +0 +0 +0 +9.045008e-11
15 +0 +0 +0 +5.905608e-11
16 +0 +0 +0 +3.969905e-11
17 +0 +0 +0 +2.670594e-11
18 +0 +0 +0 +2.091282e-11
19 +0 +0 +0 +1.530651e-11
20 +0 +0 +0 +1.082695e-11
21 +0 +0 +0 +8.207080e-12
22 +0 +0 +0 +6.055483e-12
23 +0 +0 +0 +4.287709e-12
24 +0 +0 +0 +1.963110e-12
25 +0 +0 +0 +2.216677e-12
26 +0 +0 +0 +8.963356e-13
27 +0 +0 +0 +4.306972e-13
28 +0 +0 +0 +1.134454e-12
29 +0 +0 +0 +5.396346e-13
30 +0 +0 +0 -4.022078e-13
31 +0 +0 +0 +6.575968e-14
32 +0 +0 +0 -2.965800e-14
33 +0 +0 +0 -3.149229e-13
34 +0 +0 +0 -9.889691e-14
35 +0 +0 +0 +1.924026e-13
36 +0 +0 +0 -4.357224e-14
37 +0 +0 +0 -1.847447e-13
38 +0 +0 +0 -7.220605e-14
39 +0 +0 +0 -8.427300e-14
40 +0 +0 +0 -3.590492e-13
41 +0 +0 +0 +5.083533e-14
42 +0 +0 +0 +1.040507e-13
43 +0 +0 +0 +2.338900e-13
44 +0 +0 +0 +4.500577e-15
45 +0 +0 +0 +5.782382e-14
46 +0 +0 +0 +1.242632e-14
47 +0 +0 +0 -1.150987e-13
48 +0 +0 +0 -3.976828e-14
49 +0 +0 +0 -1.802304e-13
50 +0 +0 +0 +1.314173e-14
51 +0 +0 +0 -6.337309e-14
52 +0 +0 +0 -8.327326e-14
53 +0 +0 +0 -6.441069e-14
54 +0 +0 +0 -1.744418e-13
55 +0 +0 +0 -1.061239e-13
56 +0 +0 +0 -1.386273e-13
57 +0 +0 +0 +6.343850e-14
58 +0 +0 +0 -2.580948e-14
59 +0 +0 +0 +1.529791e-14
60 +0 +0 +0 -4.638299e-14
61 +0 +0 +0 +1.628693e-14
62 +0 +0 +0 +3.064742e-14
63 +0 +0 +0 -4.296923e-14
