0 +0 +0 +0 +1.329282e-08
1 +0 +0 +0 +2.415401e-08
2 +0 +0 +0 +1.341171e-08
3 +0 +0 +0 +7.749784e-09
4 +0 +0 +0 +4.810048e-09
5 +0 +0 +0 +2.939791e-09
6 +0 +0 +0 +1.903850e-09
7 +0 +0 +0 +1.242692e-09
8 +0 +0 +0 +8.022184e-10
9 +0 +0 +0 +5.430091e-10
10 +0 +0 +0 +3.571615e-10
11 +0 +0 +0 +2.280697e-10
12 +0 +0 +0 +1.416789e-10
13 +0 +0 +0 +8.944447e-11
14 +0 +0 +0 +6.254716e-11
15 +0 +0 +0 +4.112492e-11
16 +0 +0 +0 +2.719780e-11
17 +0 +0 +0 +1.880944e-11
18 +0 +0 +0 +1.070766e-11
19 +0 +0 +0 +7.360360e-12
20 +0 +0 +0 +4.106965e-12
21 +0 +0 +0 +2.322219e-12
22 +0 +0 +0 +1.710951e-12
23 +0 +0 +0 +2.170769e-13
24 +0 +0 +0 +2.163008e-13
25 +0 +0 +0 +8.545254e-13
26 +0 +0 +0 +1.309327e-12
27 +0 +0 +0 -5.858546e-13
28 +0 +0 +0 +2.590976e-13
29 +0 +0 +0 -6.479911e-13
30 +0 +0 +0 -8.132237e-13
31 +0 +0 +0 -3.252104e-13
32 +0 +0 +0 -3.401816e-13
33 +0 +0 +0 -3.743239e-14
34 +0 +0 +0 +4.463410e-13
35 +0 +0 +0 +2.925687e-13
36 +0 +0 +0 +2.965545e-13
37 +0 +0 +0 -6.670638e-14
38 +0 +0 +0 -1.617757e-13
39 +0 +0 +0 -2.875073e-13
40 +0 +0 +0 -5.414091e-13
41 +0 +0 +0 -5.390481e-14
42 +0 +0 +0 -1.708557e-13
43 +0 +0 +0 +9.144990e-14
44 +0 +0 +0 +2.765759e-13
45 +0 +0 +0 +3.557441e-13
46 +0 +0 +0 +2.769091e-13
47 +0 +0 +0 -9.749306e-15
48 +0 +0 +0 -4.540514e-14
49 +0 +0 +0 +4.817820e-15
50 +0 +0 +0 -2.807705e-14
51 +0 +0 +0 -4.809209e-14
52 +0 +0 +0 -1.350313e-13
53 +0 +0 +0 -1.464308e-13
54 +0 +0 +0 -2.465523e-14
55 +0 +0 +0 -1.636470e-14
56 +0 +0 +0 -3.295179e-14
57 +0 +0 +0 -3.373480e-14
58 +0 +0 +0 +7.976683e-15
59 +0 +0 +0 -3.277384e-14
60 +0 +0 +0 -1.121919e-13
61 +0 +0 +0 -7.623187e-14
62 +0 +0 +0 -2.122177e-13
63 +0 +0 +0 -1.741218e-13
