0 +0 +0 +0 +1.313498e-08
1 +0 +0 +0 +2.363258e-08
2 +0 +0 +0 +1.343520e-08
3 +0 +0 +0 +7.890543e-09
4 +0 +0 +0 +4.821305e-09
5 +0 +0 +0 +3.082378e-09
6 +0 +0 +0 +1.977001e-09
7 +0 +0 +0 +1.286342e-09
8 +0 +0 +0 +8.401153e-10
9 +0 +0 +0 +5.756297e-10
10 +0 +0 +0 +3.887259e-10
11 +0 +0 +0 +2.587175e-10
12 +0 +0 +0 +1.844675e-10
13 +0 +0 +0 +1.247728e-10
14 +0 +0 +0 +9.487892e-11
15 +0 +0 +0 +6.713880e-11
16 +0 +0 +0 +5.004760e-11
17 +0 +0 +0 +3.550279e-11
18 +0 +0 +0 +2.667209e-11
19 +0 +0 +0 +1.701950e-11
20 +0 +0 +0 +1.126048e-11
21 +0 +0 +0 +5.865303e-12
22 +0 +0 +0 +3.285523e-12
23 +0 +0 +0 +1.664005e-12
24 +0 +0 +0 +9.766207e-13
25 +0 +0 +0 +2.344609e-12
26 +0 +0 +0 +5.668043e-13
27 +0 +0 +0 +9.352418e-13
28 +0 +0 +0 +4.383692e-13
29 +0 +0 +0 +2.937442e-14
30 +0 +0 +0 -3.930335e-13
31 +0 +0 +0 -6.644297e-13
32 +0 +0 +0 -6.460420e-13
33 +0 +0 +0 -2.522650e-13
34 +0 +0 +0 -2.313061e-13
35 +0 +0 +0 -2.210802e-14
36 +0 +0 +0 +2.593698e-13
37 +0 +0 +0 +4.615998e-13
38 +0 +0 +0 +4.995135e-13
39 +0 +0 +0 +2.363190e-13
40 +0 +0 +0 +6.811648e-13
41 +0 +0 +0 +7.721050e-13
42 +0 +0 +0 +6.228296e-13
43 +0 +0 +0 +5.832506e-13
44 +0 +0 +0 +3.574227e-13
45 +0 +0 +0 +2.846565e-13
46 +0 +0 +0 -1.029502e-14
47 +0 +0 +0 +1.058106e-13
48 +0 +0 +0 -2.160712e-14
49 +0 +0 +0 +2.227007e-14
50 +0 +0 +0 +1.150368e-13
51 +0 +0 +0 +8.585650e-14
52 +0 +0 +0 -2.854259e-14
53 +0 +0 +0 -2.055543e-13
54 +0 +0 +0 -1.325284e-13
55 +0 +0 +0 -1.441342e-13
56 +0 +0 +0 -1.424812e-13
57 +0 +0 +0 -1.440724e-13
58 +0 +0 +0 -4.244989e-14
59 +0 +0 +0 -9.229991e-14
60 +0 +0 +0 -1.204302e-13
61 +0 +0 +0 -1.427104e-13
62 +0 +0 +0 -1.324313e-13
63 +0 +0 +0 -1.242038e-13
