0 +0 +0 +0 +1.338947e-08
1 +0 +0 +0 +2.444154e-08
2 +0 +0 +0 +1.336876e-08
3 +0 +0 +0 +7.866582e-09
4 +0 +0 +0 +4.864058e-09
5 +0 +0 +0 +3.162005e-09
6 +0 +0 +0 +2.037418e-09
7 +0 +0 +0 +1.368165e-09
8 +0 +0 +0 +9.013246e-10
9 +0 +0 +0 +6.027804e-10
10 +0 +0 +0 +4.082741e-10
11 +0 +0 +0 +2.782442e-10
12 +0 +0 +0 +1.965785e-10
13 +0 +0 +0 +1.336476e-10
14 +0 +0 +0 +9.051788e-11
15 +0 +0 +0 +5.836557e-11
16 +0 +0 +0 +4.360116e-11
17 +0 +0 +0 +3.058572e-11
18 +0 +0 +0 +2.098957e-11
19 +0 +0 +0 +1.365556e-11
20 +0 +0 +0 +7.849381e-12
21 +0 +0 +0 +4.404404e-12
22 +0 +0 +0 +2.914033e-12
23 +0 +0 +0 +1.601759e-12
24 +0 +0 +0 +1.131492e-12
25 +0 +0 +0 +1.271242e-12
26 +0 +0 +0 +1.598457e-12
27 +0 +0 +0 +1.601356e-12
28 +0 +0 +0 +2.155732e-12
29 +0 +0 +0 +1.573833e-12
30 +0 +0 +0 +9.236407e-13
31 +0 +0 +0 +3.476662e-13
32 +0 +0 +0 +4.517739e-13
33 +0 +0 +0 -5.950879e-13
34 +0 +0 +0 -4.849211e-13
35 +0 +0 +0 -4.061481e-13
36 +0 +0 +0 -5.386572e-13
37 +0 +0 +0 +6.850389e-14
38 +0 +0 +0 +1.351188e-14
39 +0 +0 +0 -4.548525e-14
40 +0 +0 +0 -6.289769e-14
41 +0 +0 +0 -3.112968e-13
42 +0 +0 +0 -5.059609e-13
43 +0 +0 +0 -4.376399e-13
44 +0 +0 +0 -1.560676e-13
45 +0 +0 +0 -1.336482e-13
46 +0 +0 +0 -5.295793e-14
47 +0 +0 +0 -1.224743e-14
48 +0 +0 +0 +6.345742e-14
49 +0 +0 +0 -5.870969e-14
50 +0 +0 +0 -4.959455e-14
51 +0 +0 +0 +1.821394e-14
52 +0 +0 +0 -5.930289e-15
53 +0 +0 +0 +5.626272e-14
54 +0 +0 +0 -5.114386e-14
55 +0 +0 +0 -5.911288e-14
56 +0 +0 +0 -4.489872e-14
57 +0 +0 +0 +3.155674e-14
58 +0 +0 +0 +6.532418e-14
59 +0 +0 +0 +7.493515e-14
60 +0 +0 +0 +1.354210e-13
61 +0 +0 +0 +3.860415e-14
62 +0 +0 +0 -1.024433e-15
63 +0 +0 +0 -1.171343e-13
