0 +0 +0 +0 +1.372444e-08
1 +0 +0 +0 +2.488331e-08
2 +0 +0 +0 +1.355040e-08
3 +0 +0 +0 +8.029228e-09
4 +0 +0 +0 +4.839581e-09
5 +0 +0 +0 +3.060573e-09
6 +0 +0 +0 +1.956078e-09
7 +0 +0 +0 +1.275954e-09
8 +0 +0 +0 +8.547823e-10
9 +0 +0 +0 +5.660952e-10
10 +0 +0 +0 +3.640005e-10
11 +0 +0 +0 +2.425494e-10
12 +0 +0 +0 +1.601335e-10
13 +0 +0 +0 +1.076959e-10
14 +0 +0 +0 +7.393614e-11
15 +0 +0 +0 +5.380206e-11
16 +0 +0 +0 +3.981073e-11
17 +0 +0 +0 +3.061117e-11
18 +0 +0 +0 +2.084464e-11
19 +0 +0 +0 +1.227692e-11
20 +0 +0 +0 +8.390434e-12
21 +0 +0 +0 +6.441056e-12
22 +0 +0 +0 +5.811727e-12
23 +0 +0 +0 +5.591091e-12
24 +0 +0 +0 +4.566939e-12
25 +0 +0 +0 +2.872555e-12
26 +0 +0 +0 +2.524859e-12
27 +0 +0 +0 +4.679547e-13
28 +0 +0 +0 -1.108383e-12
29 +0 +0 +0 -7.872999e-13
30 +0 +0 +0 -5.452086e-13
31 +0 +0 +0 -7.153346e-14
32 +0 +0 +0 -3.190856e-13
33 +0 +0 +0 -6.140468e-13
34 +0 +0 +0 -3.695099e-13
35 +0 +0 +0 +1.313426e-14
36 +0 +0 +0 -1.366559e-14
37 +0 +0 +0 +9.586009e-14
38 +0 +0 +0 +2.745921e-13
39 +0 +0 +0 +8.699040e-14
40 +0 +0 +0 +2.439889e-13
41 +0 +0 +0 +2.291123e-13
42 +0 +0 +0 +2.315711e-13
43 +0 +0 +0 +3.051713e-13
44 +0 +0 +0 +1.872926e-13
45 +0 +0 +0 +1.761826e-13
46 +0 +0 +0 +1.638320e-13
47 +0 +0 +0 +1.690078e-13
48 +0 +0 +0 +3.529476e-13
49 +0 +0 +0 +3.432612e-13
50 +0 +0 +0 +2.563852e-13
51 +0 +0 +0 +2.356305e-13
52 +0 +0 +0 +2.434770e-13
53 +0 +0 +0 +4.673596e-14
54 +0 +0 +0 -7.607881e-14
55 +0 +0 +0 -1.292791e-13
56 +0 +0 +0 -1.092360e-13
57 +0 +0 +0 -1.204064e-13
58 +0 +0 +0 -2.632982e-14
59 +0 +0 +0 +7.760322e-14
60 +0 +0 +0 +4.485250e-14
61 +0 +0 +0 +8.798154e-14
62 +0 +0 +0 -7.212315e-14
63 +0 +0 +0 -5.991778e-14
