0 +0 +0 +0 +1.337951e-08
1 +0 +0 +0 +2.401554e-08
2 +0 +0 +0 +1.340211e-08
3 +0 +0 +0 +7.785544e-09
4 +0 +0 +0 +5.014189e-09
5 +0 +0 +0 +3.156158e-09
6 +0 +0 +0 +2.083488e-09
7 +0 +0 +0 +1.368961e-09
8 +0 +0 +0 +9.163677e-10
9 +0 +0 +0 +6.177970e-10
10 +0 +0 +0 +4.116741e-10
11 +0 +0 +0 +2.857916e-10
12 +0 +0 +0 +1.887814e-10
13 +0 +0 +0 +1.289425e-10
14 +0 +0 +0 +8.403358e-11
15 +0 +0 +0 +5.521996e-11
16 +0 +0 +0 +3.682801e-11
17 +0 +0 +0 +2.434026e-11
18 +0 +0 +0 +1.642513e-11
19 +0 +0 +0 +8.390055e-12
20 +0 +0 +0 +5.773454e-12
21 +0 +0 +0 +3.839366e-12
22 +0 +0 +0 +3.145063e-12
23 +0 +0 +0 +1.958803e-12
24 +0 +0 +0 +1.783876e-12
25 +0 +0 +0 +1.162065e-12
26 +0 +0 +0 +1.008241e-12
27 +0 +0 +0 +9.132196e-13
28 +0 +0 +0 +1.046462e-12
29 +0 +0 +0 -1.176392e-13
30 +0 +0 +0 +5.293436e-13
31 +0 +0 +0 +6.964138e-13
32 +0 +0 +0 +8.881832e-13
33 +0 +0 +0 +8.460408e-13
34 +0 +0 +0 +1.010627e-12
35 +0 +0 +0 +1.401135e-12
36 +0 +0 +0 +1.349395e-12
37 +0 +0 +0 +8.100588e-13
38 +0 +0 +0 +5.750306e-13
39 +0 +0 +0 +4.202431e-13
40 +0 +0 +0 +1.036301e-13
41 +0 +0 +0 +3.311355e-14
42 +0 +0 +0 +1.131764e-13
43 +0 +0 +0 -1.281790e-13
44 +0 +0 +0 +1.684479e-13
45 +0 +0 +0 +1.349867e-13
46 +0 +0 +0 -1.170904e-14
47 +0 +0 +0 -2.667654e-13
48 +0 +0 +0 -2.479363e-13
49 +0 +0 +0 -1.022176e-13
50 +0 +0 +0 -6.085240e-14
51 +0 +0 +0 -5.495928e-14
52 +0 +0 +0 -2.679906e-13
53 +0 +0 +0 -1.588498e-13
54 +0 +0 +0 -1.451923e-13
55 +0 +0 +0 -1.835063e-13
56 +0 +0 +0 -1.172164e-13
57 +0 +0 +0 -1.487919e-13
58 +0 +0 +0 -1.414357e-13
59 +0 +0 +0 -1.242594e-13
60 +0 +0 +0 -6.104189e-14
61 +0 +0 +0 -3.406705e-14
62 +0 +0 +0 -1.354241e-14
63 +0 +0 +0 -4.961096e-14
