0 +0 +0 +0 +1.349693e-08
1 +0 +0 +0 +2.481859e-08
2 +0 +0 +0 +1.365597e-08
3 +0 +0 +0 +7.908486e-09
4 +0 +0 +0 +4.938391e-09
5 +0 +0 +0 +3.251652e-09
6 +0 +0 +0 +2.134444e-09
7 +0 +0 +0 +1.424182e-09
8 +0 +0 +0 +9.440451e-10
9 +0 +0 +0 +6.439251e-10
10 +0 +0 +0 +4.392201e-10
11 +0 +0 +0 +3.108294e-10
12 +0 +0 +0 +2.165383e-10
13 +0 +0 +0 +1.481732e-10
14 +0 +0 +0 +1.000540e-10
15 +0 +0 +0 +6.740847e-11
16 +0 +0 +0 +4.653090e-11
17 +0 +0 +0 +3.173310e-11
18 +0 +0 +0 +2.016984e-11
19 +0 +0 +0 +1.135738e-11
20 +0 +0 +0 +7.990445e-12
21 +0 +0 +0 +5.466108e-12
22 +0 +0 +0 +3.207898e-12
23 +0 +0 +0 +1.917039e-12
24 +0 +0 +0 +1.231948e-13
25 +0 +0 +0 +6.653830e-13
26 +0 +0 +0 +1.055812e-12
27 +0 +0 +0 +1.382433e-13
28 +0 +0 +0 -2.692951e-13
29 +0 +0 +0 -2.411388e-13
30 +0 +0 +0 -1.573174e-13
31 +0 +0 +0 +3.527136e-13
32 +0 +0 +0 +7.450030e-13
33 +0 +0 +0 +8.799073e-13
34 +0 +0 +0 +8.203912e-13
35 +0 +0 +0 +4.786489e-13
36 +0 +0 +0 +4.925036e-13
37 +0 +0 +0 +4.758700e-13
38 +0 +0 +0 +1.481135e-13
39 +0 +0 +0 -3.226239e-13
40 +0 +0 +0 -4.904060e-13
41 +0 +0 +0 -1.979696e-13
42 +0 +0 +0 -3.336101e-13
43 +0 +0 +0 +1.362679e-13
44 +0 +0 +0 +3.674605e-13
45 +0 +0 +0 +2.759230e-13
46 +0 +0 +0 +4.097925e-13
47 +0 +0 +0 +4.910130e-13
48 +0 +0 +0 +3.976727e-13
49 +0 +0 +0 +3.616629e-13
50 +0 +0 +0 +2.600481e-13
51 +0 +0 +0 +2.130577e-13
52 +0 +0 +0 +1.182160e-13
53 +0 +0 +0 +4.756193e-14
54 +0 +0 +0 -7.534060e-14
55 +0 +0 +0 -6.045887e-14
56 +0 +0 +0 +6.715729e-14
57 +0 +0 +0 +8.322942e-14
58 +0 +0 +0 +1.577630e-13
59 +0 +0 +0 +1.907536e-13
60 +0 +0 +0 +2.042279e-13
61 +0 +0 +0 +1.935764e-13
62 +0 +0 +0 +1.549022e-13
63 +0 +0 +0 +9.095508e-14
