0 +0 +0 +0 +1.452742e-08
1 +0 +0 +0 +2.552408e-08
2 +0 +0 +0 +1.444559e-08
3 +0 +0 +0 +8.642498e-09
4 +0 +0 +0 +5.383369e-09
5 +0 +0 +0 +3.478785e-09
6 +0 +0 +0 +2.186471e-09
7 +0 +0 +0 +1.444652e-09
8 +0 +0 +0 +9.393843e-10
9 +0 +0 +0 +6.157681e-10
10 +0 +0 +0 +4.098815e-10
11 +0 +0 +0 +2.723534e-10
12 +0 +0 +0 +1.811170e-10
13 +0 +0 +0 +1.212298e-10
14 +0 +0 +0 +7.978786e-11
15 +0 +0 +0 +5.908339e-11
16 +0 +0 +0 +3.993315e-11
17 +0 +0 +0 +2.470692e-11
18 +0 +0 +0 +2.187542e-11
19 +0 +0 +0 +1.659783e-11
20 +0 +0 +0 +1.150020e-11
21 +0 +0 +0 +6.391327e-12
22 +0 +0 +0 +3.758961e-12
23 +0 +0 +0 +1.726171e-12
24 +0 +0 +0 +1.788891e-12
25 +0 +0 +0 +2.226464e-12
26 +0 +0 +0 +2.900720e-12
27 +0 +0 +0 +2.539677e-12
28 +0 +0 +0 +2.524533e-12
29 +0 +0 +0 +1.892322e-12
30 +0 +0 +0 +2.767610e-13
31 +0 +0 +0 +3.794053e-13
32 +0 +0 +0 +2.853764e-13
33 +0 +0 +0 +8.069336e-14
34 +0 +0 +0 -6.651599e-14
35 +0 +0 +0 -5.781855e-14
36 +0 +0 +0 +2.697440e-13
37 +0 +0 +0 -8.142655e-14
38 +0 +0 +0 +1.689918e-13
39 +0 +0 +0 -3.927960e-13
40 +0 +0 +0 -3.859465e-13
41 +0 +0 +0 -4.670165e-13
42 +0 +0 +0 -2.248457e-13
43 +0 +0 +0 -1.141244e-13
44 +0 +0 +0 -2.300774e-13
45 +0 +0 +0 +2.347195e-14
46 +0 +0 +0 +9.187016e-14
47 +0 +0 +0 +1.214417e-13
48 +0 +0 +0 +7.879347e-14
49 +0 +0 +0 +1.702628e-13
50 +0 +0 +0 +4.952909e-13
51 +0 +0 +0 +4.401263e-13
52 +0 +0 +0 +2.782439e-13
53 +0 +0 +0 +3.062516e-13
54 +0 +0 +0 +2.147856e-13
55 +0 +0 +0 +2.352095e-13
56 +0 +0 +0 +1.263015e-13
57 +0 +0 +0 +8.961109e-14
58 +0 +0 +0 +8.569514e-14
59 +0 +0 +0 -5.009950e-14
60 +0 +0 +0 -2.132299e-14
61 +0 +0 +0 -6.493101e-14
62 +0 +0 +0 +1.897475e-14
63 +0 +0 +0 -3.431734e-15
