0 +0 +0 +0 +1.305439e-08
1 +0 +0 +0 +2.438219e-08
2 +0 +0 +0 +1.390402e-08
3 +0 +0 +0 +8.160155e-09
4 +0 +0 +0 +5.094456e-09
5 +0 +0 +0 +3.189303e-09
6 +0 +0 +0 +2.103232e-09
7 +0 +0 +0 +1.356782e-09
8 +0 +0 +0 +9.063948e-10
9 +0 +0 +0 +6.039185e-10
10 +0 +0 +0 +3.990980e-10
11 +0 +0 +0 +2.725170e-10
12 +0 +0 +0 +1.878791e-10
13 +0 +0 +0 +1.230599e-10
14 +0 +0 +0 +8.336569e-11
15 +0 +0 +0 +5.683405e-11
16 +0 +0 +0 +3.687301e-11
17 +0 +0 +0 +2.603826e-11
18 +0 +0 +0 +1.800281e-11
19 +0 +0 +0 +1.179339e-11
20 +0 +0 +0 +8.085662e-12
21 +0 +0 +0 +2.747879e-12
22 +0 +0 +0 +3.481246e-12
23 +0 +0 +0 +1.769110e-12
24 +0 +0 +0 +2.802975e-14
25 +0 +0 +0 -9.846763e-13
26 +0 +0 +0 -5.885702e-13
27 +0 +0 +0 -6.806932e-13
28 +0 +0 +0 -2.279139e-13
29 +0 +0 +0 -2.411919e-13
30 +0 +0 +0 -6.929875e-13
31 +0 +0 +0 -3.669299e-13
32 +0 +0 +0 -4.566653e-13
33 +0 +0 +0 -2.642637e-13
34 +0 +0 +0 +9.455740e-13
35 +0 +0 +0 +1.834188e-13
36 +0 +0 +0 -1.397022e-13
37 +0 +0 +0 -5.062683e-13
38 +0 +0 +0 -5.138222e-13
39 +0 +0 +0 -5.431234e-13
40 +0 +0 +0 -3.991442e-13
41 +0 +0 +0 -5.661613e-14
42 +0 +0 +0 +1.756588e-13
43 +0 +0 +0 -1.321874e-13
44 +0 +0 +0 +4.154119e-14
45 +0 +0 +0 +9.001579e-14
46 +0 +0 +0 +9.579858e-14
47 +0 +0 +0 +1.090182e-13
48 +0 +0 +0 +3.610127e-15
49 +0 +0 +0 -1.177009e-13
50 +0 +0 +0 +1.479204e-15
51 +0 +0 +0 +8.825602e-14
52 +0 +0 +0 +3.689584e-14
53 +0 +0 +0 +8.860426e-14
54 +0 +0 +0 +5.450378e-14
55 +0 +0 +0 -3.059221e-14
56 +0 +0 +0 -1.350557e-13
57 +0 +0 +0 +3.826154e-14
58 +0 +0 +0 +2.696987e-14
59 +0 +0 +0 -8.194179e-16
60 +0 +0 +0 +4.618787e-14
61 +0 +0 +0 +6.875118e-14
62 +0 +0 +0 +1.753579e-13
63 +0 +0 +0 +1.164983e-13
