0 +0 +0 +0 +1.372116e-08
1 +0 +0 +0 +2.493130e-08
2 +0 +0 +0 +1.372308e-08
3 +0 +0 +0 +8.176660e-09
4 +0 +0 +0 +4.984495e-09
5 +0 +0 +0 +3.222613e-09
6 +0 +0 +0 +2.128927e-09
7 +0 +0 +0 +1.417801e-09
8 +0 +0 +0 +9.339554e-10
9 +0 +0 +0 +6.090083e-10
10 +0 +0 +0 +4.119369e-10
11 +0 +0 +0 +2.696002e-10
12 +0 +0 +0 +1.797037e-10
13 +0 +0 +0 +1.216519e-10
14 +0 +0 +0 +7.966774e-11
15 +0 +0 +0 +5.733521e-11
16 +0 +0 +0 +3.818565e-11
17 +0 +0 +0 +3.063902e-11
18 +0 +0 +0 +1.987556e-11
19 +0 +0 +0 +1.740988e-11
20 +0 +0 +0 +1.325656e-11
21 +0 +0 +0 +9.199494e-12
22 +0 +0 +0 +5.510904e-12
23 +0 +0 +0 +3.871920e-12
24 +0 +0 +0 +3.906762e-12
25 +0 +0 +0 +3.021627e-12
26 +0 +0 +0 +1.220618e-12
27 +0 +0 +0 +2.209277e-12
28 +0 +0 +0 -1.897946e-13
29 +0 +0 +0 -6.776458e-13
30 +0 +0 +0 -4.254734e-13
31 +0 +0 +0 -3.961398e-13
32 +0 +0 +0 +2.749761e-14
33 +0 +0 +0 -9.050020e-14
34 +0 +0 +0 +3.669760e-13
35 +0 +0 +0 +4.081624e-13
36 +0 +0 +0 +2.325794e-13
37 +0 +0 +0 +3.195893e-13
38 +0 +0 +0 +1.707353e-13
39 +0 +0 +0 -1.818573e-13
40 +0 +0 +0 +5.029616e-15
41 +0 +0 +0 -9.464596e-14
42 +0 +0 +0 -2.499082e-13
43 +0 +0 +0 -1.962783e-13
44 +0 +0 +0 -1.793855e-13
45 +0 +0 +0 -8.803835e-14
46 +0 +0 +0 -2.097104e-13
47 +0 +0 +0 -1.576993e-13
48 +0 +0 +0 -1.137575e-13
49 +0 +0 +0 -2.801886e-14
50 +0 +0 +0 -2.608700e-13
51 +0 +0 +0 -1.179633e-13
52 +0 +0 +0 +3.540704e-14
53 +0 +0 +0 +1.131846e-13
54 +0 +0 +0 +5.744770e-14
55 +0 +0 +0 +1.308077e-14
56 +0 +0 +0 -3.519552e-14
57 +0 +0 +0 -1.410580e-14
58 +0 +0 +0 +8.638907e-14
59 +0 +0 +0 +1.247067e-14
60 +0 +0 +0 +9.449643e-14
61 +0 +0 +0 +1.077611e-13
62 +0 +0 +0 +1.457338e-14
63 +0 +0 +0 -3.426103e-14
