0 +0 +0 +0 +1.236046e-08
1 +0 +0 +0 +2.412165e-08
2 +0 +0 +0 +1.345156e-08
3 +0 +0 +0 +7.950507e-09
4 +0 +0 +0 +4.915851e-09
5 +0 +0 +0 +3.080119e-09
6 +0 +0 +0 +1.950152e-09
7 +0 +0 +0 +1.284516e-09
8 +0 +0 +0 +8.712890e-10
9 +0 +0 +0 +5.701754e-10
10 +0 +0 +0 +3.765955e-10
11 +0 +0 +0 +2.426393e-10
12 +0 +0 +0 +1.558678e-10
13 +0 +0 +0 +1.056043e-10
14 +0 +0 +0 +7.084285e-11
15 +0 +0 +0 +4.341798e-11
16 +0 +0 +0 +2.728657e-11
17 +0 +0 +0 +2.203668e-11
18 +0 +0 +0 +1.426518e-11
19 +0 +0 +0 +9.801792e-12
20 +0 +0 +0 +7.787270e-12
21 +0 +0 +0 +4.946428e-12
22 +0 +0 +0 +4.194870e-12
23 +0 +0 +0 +1.472060e-12
24 +0 +0 +0 +7.962245e-13
25 +0 +0 +0 +8.630272e-13
26 +0 +0 +0 +1.367434e-12
27 +0 +0 +0 +1.659845e-12
28 +0 +0 +0 +9.389173e-13
29 +0 +0 +0 +1.837566e-13
30 +0 +0 +0 -3.069232e-13
31 +0 +0 +0 -1.450987e-12
32 +0 +0 +0 -1.111569e-12
33 +0 +0 +0 -1.279718e-12
34 +0 +0 +0 -8.522513e-13
35 +0 +0 +0 -4.221328e-13
36 +0 +0 +0 -2.890932e-14
37 +0 +0 +0 +1.011034e-13
38 +0 +0 +0 +2.008599e-13
39 +0 +0 +0 +3.163478e-13
40 +0 +0 +0 +2.867643e-13
41 +0 +0 +0 +1.922116e-13
42 +0 +0 +0 +2.786648e-13
43 +0 +0 +0 +4.578903e-13
44 +0 +0 +0 +2.510609e-13
45 +0 +0 +0 +1.132449e-13
46 +0 +0 +0 -9.201838e-14
47 +0 +0 +0 -1.460459e-14
48 +0 +0 +0 -7.689410e-14
49 +0 +0 +0 +1.564672e-14
50 +0 +0 +0 -2.672548e-14
51 +0 +0 +0 -1.116661e-13
52 +0 +0 +0 -6.400969e-14
53 +0 +0 +0 +8.815859e-15
54 +0 +0 +0 +1.306284e-14
55 +0 +0 +0 -6.651982e-14
56 +0 +0 +0 -4.748986e-14
57 +0 +0 +0 -1.309156e-13
58 +0 +0 +0 -1.001203e-13
59 +0 +0 +0 +1.073234e-14
60 +0 +0 +0 +4.694439e-14
61 +0 +0 +0 +6.846349e-14
62 +0 +0 +0 +5.527724e-14
63 +0 +0 +0 -9.025615e-15
