0 +0 +0 +0 +1.361232e-08
1 +0 +0 +0 +2.498890e-08
2 +0 +0 +0 +1.381940e-08
3 +0 +0 +0 +7.976977e-09
4 +0 +0 +0 +4.967158e-09
5 +0 +0 +0 +3.191817e-09
6 +0 +0 +0 +2.102781e-09
7 +0 +0 +0 +1.367459e-09
8 +0 +0 +0 +8.813821e-10
9 +0 +0 +0 +5.773927e-10
10 +0 +0 +0 +3.897139e-10
11 +0 +0 +0 +2.650190e-10
12 +0 +0 +0 +1.772715e-10
13 +0 +0 +0 +1.202482e-10
14 +0 +0 +0 +7.808634e-11
15 +0 +0 +0 +5.310993e-11
16 +0 +0 +0 +3.634472e-11
17 +0 +0 +0 +2.406913e-11
18 +0 +0 +0 +1.553423e-11
19 +0 +0 +0 +1.082080e-11
20 +0 +0 +0 +6.949850e-12
21 +0 +0 +0 +4.076106e-12
22 +0 +0 +0 +4.020842e-12
23 +0 +0 +0 +1.863236e-12
24 +0 +0 +0 +2.179798e-12
25 +0 +0 +0 +2.972350e-12
26 +0 +0 +0 +9.991113e-13
27 +0 +0 +0 +4.063569e-13
28 +0 +0 +0 +5.596638e-13
29 +0 +0 +0 +4.225053e-13
30 +0 +0 +0 -1.576765e-13
31 +0 +0 +0 -5.443778e-13
32 +0 +0 +0 -7.102157e-13
33 +0 +0 +0 -6.865525e-13
34 +0 +0 +0 -2.424613e-13
35 +0 +0 +0 +3.262403e-13
36 +0 +0 +0 +1.218395e-13
37 +0 +0 +0 +4.954303e-13
38 +0 +0 +0 +2.914910e-13
39 +0 +0 +0 +7.088377e-13
40 +0 +0 +0 +6.424385e-13
41 +0 +0 +0 +4.971486e-13
42 +0 +0 +0 +6.140949e-13
43 +0 +0 +0 +5.159143e-13
44 +0 +0 +0 +5.279372e-13
45 +0 +0 +0 +3.732571e-13
46 +0 +0 +0 +2.832659e-13
47 +0 +0 +0 +7.983316e-14
48 +0 +0 +0 +1.278360e-13
49 +0 +0 +0 +2.302089e-13
50 +0 +0 +0 +6.977864e-15
51 +0 +0 +0 +1.404052e-14
52 +0 +0 +0 +7.627809e-15
53 +0 +0 +0 -3.074131e-14
54 +0 +0 +0 +3.011569e-14
55 +0 +0 +0 -2.199427e-14
56 +0 +0 +0 -8.480224e-15
57 +0 +0 +0 -1.745953e-14
58 +0 +0 +0 +1.091401e-13
59 +0 +0 +0 +7.327514e-14
60 +0 +0 +0 +3.555121e-14
61 +0 +0 +0 +6.448068e-14
62 +0 +0 +0 +5.750975e-14
63 +0 +0 +0 -5.813866e-14
