0 +0 +0 +0 +1.387120e-08
1 +0 +0 +0 +2.482958e-08
2 +0 +0 +0 +1.383304e-08
3 +0 +0 +0 +8.282263e-09
4 +0 +0 +0 +5.064006e-09
5 +0 +0 +0 +3.260192e-09
6 +0 +0 +0 +2.129183e-09
7 +0 +0 +0 +1.409828e-09
8 +0 +0 +0 +9.441804e-10
9 +0 +0 +0 +6.309083e-10
10 +0 +0 +0 +4.202254e-10
11 +0 +0 +0 +2.811614e-10
12 +0 +0 +0 +1.812432e-10
13 +0 +0 +0 +1.225098e-10
14 +0 +0 +0 +7.942728e-11
15 +0 +0 +0 +5.194529e-11
16 +0 +0 +0 +3.326726e-11
17 +0 +0 +0 +2.080111e-11
18 +0 +0 +0 +1.315640e-11
19 +0 +0 +0 +8.866460e-12
20 +0 +0 +0 +6.612873e-12
21 +0 +0 +0 +4.217899e-12
22 +0 +0 +0 +3.669339e-12
23 +0 +0 +0 +1.055592e-12
24 +0 +0 +0 +1.958381e-12
25 +0 +0 +0 +5.427306e-13
26 +0 +0 +0 +5.112145e-13
27 +0 +0 +0 +1.095724e-12
28 +0 +0 +0 +3.887223e-13
29 +0 +0 +0 +3.267779e-13
30 +0 +0 +0 +9.443200e-13
31 +0 +0 +0 +3.541235e-13
32 +0 +0 +0 -4.483076e-14
33 +0 +0 +0 -1.602623e-14
34 +0 +0 +0 -3.909457e-13
35 +0 +0 +0 -2.474116e-13
36 +0 +0 +0 -1.518284e-14
37 +0 +0 +0 +3.127438e-13
38 +0 +0 +0 +5.873125e-15
39 +0 +0 +0 +2.694854e-13
40 +0 +0 +0 +5.282696e-13
41 +0 +0 +0 +3.825313e-13
42 +0 +0 +0 +2.027023e-13
43 +0 +0 +0 +5.708909e-13
44 +0 +0 +0 +4.418747e-13
45 +0 +0 +0 +4.057247e-13
46 +0 +0 +0 +1.707303e-13
47 +0 +0 +0 -5.806140e-14
48 +0 +0 +0 -9.510154e-14
49 +0 +0 +0 -2.575757e-14
50 +0 +0 +0 +4.405369e-14
51 +0 +0 +0 +5.304237e-14
52 +0 +0 +0 -9.194979e-15
53 +0 +0 +0 -4.611200e-14
54 +0 +0 +0 -9.176045e-14
55 +0 +0 +0 -3.430233e-14
56 +0 +0 +0 +5.778244e-14
57 +0 +0 +0 +8.234596e-14
58 +0 +0 +0 +3.664915e-14
59 +0 +0 +0 -8.001415e-14
60 +0 +0 +0 -9.206714e-14
61 +0 +0 +0 -8.622848e-14
62 +0 +0 +0 -4.435193e-14
63 +0 +0 +0 +9.361829e-15
