0 +0 +0 +0 +1.339504e-08
1 +0 +0 +0 +2.363701e-08
2 +0 +0 +0 +1.316197e-08
3 +0 +0 +0 +7.881655e-09
4 +0 +0 +0 +4.868147e-09
5 +0 +0 +0 +3.145473e-09
6 +0 +0 +0 +2.058872e-09
7 +0 +0 +0 +1.318644e-09
8 +0 +0 +0 +8.875780e-10
9 +0 +0 +0 +6.061037e-10
10 +0 +0 +0 +4.016902e-10
11 +0 +0 +0 +2.661857e-10
12 +0 +0 +0 +1.682331e-10
13 +0 +0 +0 +1.179831e-10
14 +0 +0 +0 +8.226695e-11
15 +0 +0 +0 +5.759492e-11
16 +0 +0 +0 +3.966550e-11
17 +0 +0 +0 +2.700075e-11
18 +0 +0 +0 +1.940279e-11
19 +0 +0 +0 +1.325214e-11
20 +0 +0 +0 +9.163287e-12
21 +0 +0 +0 +7.473962e-12
22 +0 +0 +0 +6.265778e-12
23 +0 +0 +0 +5.368626e-12
24 +0 +0 +0 +4.013940e-12
25 +0 +0 +0 +1.522707e-12
26 +0 +0 +0 +1.658124e-12
27 +0 +0 +0 +1.988509e-12
28 +0 +0 +0 +2.127868e-12
29 +0 +0 +0 +2.177522e-12
30 +0 +0 +0 +1.453066e-12
31 +0 +0 +0 +1.323164e-12
32 +0 +0 +0 +1.430889e-12
33 +0 +0 +0 +1.195760e-12
34 +0 +0 +0 +1.200722e-12
35 +0 +0 +0 +1.416812e-12
36 +0 +0 +0 +9.893049e-13
37 +0 +0 +0 +3.154272e-13
38 +0 +0 +0 +4.229465e-13
39 +0 +0 +0 +2.702547e-13
40 +0 +0 +0 +3.244831e-13
41 +0 +0 +0 +3.347181e-13
42 +0 +0 +0 +3.031621e-13
43 +0 +0 +0 +3.920349e-13
44 +0 +0 +0 +2.492451e-13
45 +0 +0 +0 +2.889932e-13
46 +0 +0 +0 +2.124002e-13
47 +0 +0 +0 +2.857883e-13
48 +0 +0 +0 +1.392599e-13
49 +0 +0 +0 -4.404047e-15
50 +0 +0 +0 -3.099021e-14
51 +0 +0 +0 +6.822419e-14
52 +0 +0 +0 +1.927537e-14
53 +0 +0 +0 +2.298287e-14
54 +0 +0 +0 +5.795052e-14
55 +0 +0 +0 -9.707447e-15
56 +0 +0 +0 +1.284906e-13
57 +0 +0 +0 +5.981560e-14
58 +0 +0 +0 +5.992221e-14
59 +0 +0 +0 -3.430724e-14
60 +0 +0 +0 -8.046527e-14
61 +0 +0 +0 -1.615958e-13
62 +0 +0 +0 -1.593550e-13
63 +0 +0 +0 -2.678097e-13
