0 +0 +0 +0 +1.302654e-08
1 +0 +0 +0 +2.472570e-08
2 +0 +0 +0 +1.344464e-08
3 +0 +0 +0 +8.149500e-09
4 +0 +0 +0 +5.034937e-09
5 +0 +0 +0 +3.222182e-09
6 +0 +0 +0 +2.081495e-09
7 +0 +0 +0 +1.358755e-09
8 +0 +0 +0 +9.104962e-10
9 +0 +0 +0 +6.187026e-10
10 +0 +0 +0 +4.093478e-10
11 +0 +0 +0 +2.674436e-10
12 +0 +0 +0 +1.740726e-10
13 +0 +0 +0 +1.235850e-10
14 +0 +0 +0 +8.139743e-11
15 +0 +0 +0 +5.044937e-11
16 +0 +0 +0 +3.068045e-11
17 +0 +0 +0 +1.907436e-11
18 +0 +0 +0 +1.015709e-11
19 +0 +0 +0 +3.568894e-12
20 +0 +0 +0 +2.337002e-12
21 +0 +0 +0 +1.388381e-12
22 +0 +0 +0 +1.191080e-12
23 +0 +0 +0 -1.757819e-13
24 +0 +0 +0 +9.634491e-13
25 +0 +0 +0 +1.501381e-13
26 +0 +0 +0 -3.920655e-14
27 +0 +0 +0 +4.206997e-13
28 +0 +0 +0 -1.338156e-15
29 +0 +0 +0 +3.790066e-13
30 +0 +0 +0 -1.795831e-13
31 +0 +0 +0 -4.583515e-13
32 +0 +0 +0 -8.876952e-13
33 +0 +0 +0 -4.561314e-13
34 +0 +0 +0 -3.961868e-13
35 +0 +0 +0 -2.276731e-13
36 +0 +0 +0 -6.409817e-13
37 +0 +0 +0 -2.510189e-13
38 +0 +0 +0 -3.054417e-13
39 +0 +0 +0 -3.464071e-13
40 +0 +0 +0 -1.075157e-13
41 +0 +0 +0 -1.387419e-13
42 +0 +0 +0 -3.510991e-14
43 +0 +0 +0 +1.219940e-13
44 +0 +0 +0 +7.727423e-14
45 +0 +0 +0 -1.974615e-13
46 +0 +0 +0 -9.970393e-14
47 +0 +0 +0 -2.076359e-14
48 +0 +0 +0 -4.120383e-14
49 +0 +0 +0 +9.143018e-14
50 +0 +0 +0 +1.197602e-13
51 +0 +0 +0 +2.319446e-13
52 +0 +0 +0 +2.579400e-13
53 +0 +0 +0 +4.921022e-13
54 +0 +0 +0 +4.412492e-13
55 +0 +0 +0 +3.625433e-13
56 +0 +0 +0 +2.193870e-13
57 +0 +0 +0 +1.718014e-13
58 +0 +0 +0 -4.290391e-14
59 +0 +0 +0 -8.064652e-14
60 +0 +0 +0 -8.856206e-14
61 +0 +0 +0 +6.937251e-14
62 +0 +0 +0 +1.049911e-13
63 +0 +0 +0 +4.022845e-14
