0 +0 +0 +0 +1.308518e-08
1 +0 +0 +0 +2.442441e-08
2 +0 +0 +0 +1.332547e-08
3 +0 +0 +0 +7.947892e-09
4 +0 +0 +0 +4.979623e-09
5 +0 +0 +0 +3.175960e-09
6 +0 +0 +0 +2.056017e-09
7 +0 +0 +0 +1.346052e-09
8 +0 +0 +0 +9.304068e-10
9 +0 +0 +0 +6.249043e-10
10 +0 +0 +0 +4.273293e-10
11 +0 +0 +0 +2.922022e-10
12 +0 +0 +0 +1.971910e-10
13 +0 +0 +0 +1.339666e-10
14 +0 +0 +0 +8.952205e-11
15 +0 +0 +0 +6.047885e-11
16 +0 +0 +0 +4.036524e-11
17 +0 +0 +0 +2.936700e-11
18 +0 +0 +0 +2.038209e-11
19 +0 +0 +0 +1.211303e-11
20 +0 +0 +0 +8.344187e-12
21 +0 +0 +0 +3.145977e-12
22 +0 +0 +0 +2.331465e-12
23 +0 +0 +0 -7.480146e-15
24 +0 +0 +0 -8.953200e-14
25 +0 +0 +0 -1.827792e-12
26 +0 +0 +0 -2.064417e-13
27 +0 +0 +0 +4.471903e-13
28 +0 +0 +0 +1.378083e-12
29 +0 +0 +0 +1.826211e-12
30 +0 +0 +0 +1.936847e-12
31 +0 +0 +0 +1.482748e-12
32 +0 +0 +0 +1.959161e-12
33 +0 +0 +0 +1.280800e-12
34 +0 +0 +0 +1.140562e-12
35 +0 +0 +0 +8.265700e-13
36 +0 +0 +0 +4.591288e-13
37 +0 +0 +0 -7.181383e-14
38 +0 +0 +0 -1.822282e-13
39 +0 +0 +0 -2.475918e-13
40 +0 +0 +0 -1.508471e-13
41 +0 +0 +0 -1.412228e-16
42 +0 +0 +0 -8.158922e-14
43 +0 +0 +0 -9.805404e-14
44 +0 +0 +0 -1.482071e-13
45 +0 +0 +0 -1.933430e-13
46 +0 +0 +0 -5.051038e-14
47 +0 +0 +0 +1.571420e-13
48 +0 +0 +0 +7.813458e-14
49 +0 +0 +0 -8.922208e-14
50 +0 +0 +0 -3.193198e-15
51 +0 +0 +0 +9.171983e-14
52 +0 +0 +0 +4.392078e-14
53 +0 +0 +0 +2.453984e-14
54 +0 +0 +0 +2.312514e-14
55 +0 +0 +0 +9.163089e-14
56 +0 +0 +0 +3.278242e-14
57 +0 +0 +0 -3.252800e-14
58 +0 +0 +0 +2.583516e-14
59 +0 +0 +0 +1.720164e-13
60 +0 +0 +0 +1.417007e-13
61 +0 +0 +0 +7.583413e-14
62 +0 +0 +0 -2.672241e-14
63 +0 +0 +0 -1.489997e-14
