0 +0 +0 +0 +1.361695e-08
1 +0 +0 +0 +2.484338e-08
2 +0 +0 +0 +1.403942e-08
3 +0 +0 +0 +8.274729e-09
4 +0 +0 +0 +5.135161e-09
5 +0 +0 +0 +3.273741e-09
6 +0 +0 +0 +2.160890e-09
7 +0 +0 +0 +1.405390e-09
8 +0 +0 +0 +9.180640e-10
9 +0 +0 +0 +6.141125e-10
10 +0 +0 +0 +4.003248e-10
11 +0 +0 +0 +2.573417e-10
12 +0 +0 +0 +1.689464e-10
13 +0 +0 +0 +1.107804e-10
14 +0 +0 +0 +7.548673e-11
15 +0 +0 +0 +4.813182e-11
16 +0 +0 +0 +2.922410e-11
17 +0 +0 +0 +1.798993e-11
18 +0 +0 +0 +1.527812e-11
19 +0 +0 +0 +1.109313e-11
20 +0 +0 +0 +8.141248e-12
21 +0 +0 +0 +3.514950e-12
22 +0 +0 +0 +2.155042e-12
23 +0 +0 +0 -3.387421e-13
24 +0 +0 +0 -2.856580e-12
25 +0 +0 +0 -1.914107e-12
26 +0 +0 +0 -1.523447e-12
27 +0 +0 +0 -1.549931e-12
28 +0 +0 +0 -1.163875e-12
29 +0 +0 +0 -1.000559e-12
30 +0 +0 +0 -5.057803e-13
31 +0 +0 +0 +2.357196e-13
32 +0 +0 +0 +4.828140e-13
33 +0 +0 +0 +9.769551e-14
34 +0 +0 +0 +1.749453e-13
35 +0 +0 +0 +5.262266e-13
36 +0 +0 +0 +5.561897e-13
37 +0 +0 +0 -7.978625e-14
38 +0 +0 +0 -9.017515e-14
39 +0 +0 +0 -2.372324e-13
40 +0 +0 +0 -6.995654e-14
41 +0 +0 +0 -2.058234e-13
42 +0 +0 +0 -2.947641e-13
43 +0 +0 +0 -2.041071e-13
44 +0 +0 +0 -1.141654e-13
45 +0 +0 +0 +9.915835e-14
46 +0 +0 +0 +2.026460e-13
47 +0 +0 +0 +1.750395e-13
48 +0 +0 +0 +2.033349e-13
49 +0 +0 +0 +2.519615e-13
50 +0 +0 +0 +2.203295e-13
51 +0 +0 +0 +1.238121e-13
52 +0 +0 +0 +3.135005e-13
53 +0 +0 +0 +3.508450e-13
54 +0 +0 +0 +2.350539e-13
55 +0 +0 +0 +2.027260e-13
56 +0 +0 +0 +2.161070e-13
57 +0 +0 +0 +1.522173e-13
58 +0 +0 +0 +1.344554e-13
59 +0 +0 +0 +9.677848e-14
60 +0 +0 +0 +1.391508e-13
61 +0 +0 +0 +9.176412e-14
62 +0 +0 +0 +1.074196e-13
63 +0 +0 +0 +1.984153e-13
