0 +0 +0 +0 +1.362142e-08
1 +0 +0 +0 +2.485994e-08
2 +0 +0 +0 +1.397886e-08
3 +0 +0 +0 +8.333110e-09
4 +0 +0 +0 +5.095725e-09
5 +0 +0 +0 +3.266203e-09
6 +0 +0 +0 +2.157970e-09
7 +0 +0 +0 +1.431593e-09
8 +0 +0 +0 +9.522001e-10
9 +0 +0 +0 +6.391881e-10
10 +0 +0 +0 +4.170113e-10
11 +0 +0 +0 +2.878018e-10
12 +0 +0 +0 +2.010840e-10
13 +0 +0 +0 +1.301717e-10
14 +0 +0 +0 +8.844422e-11
15 +0 +0 +0 +6.439299e-11
16 +0 +0 +0 +4.507445e-11
17 +0 +0 +0 +2.885855e-11
18 +0 +0 +0 +2.014922e-11
19 +0 +0 +0 +1.693993e-11
20 +0 +0 +0 +1.099239e-11
21 +0 +0 +0 +7.616152e-12
22 +0 +0 +0 +7.662406e-12
23 +0 +0 +0 +6.587561e-12
24 +0 +0 +0 +4.442475e-12
25 +0 +0 +0 +3.121172e-12
26 +0 +0 +0 +1.811064e-12
27 +0 +0 +0 +1.981688e-13
28 +0 +0 +0 -6.463852e-14
29 +0 +0 +0 -3.739133e-13
30 +0 +0 +0 -6.102159e-13
31 +0 +0 +0 -1.847869e-13
32 +0 +0 +0 -2.700983e-14
33 +0 +0 +0 +5.436435e-13
34 +0 +0 +0 +6.183944e-13
35 +0 +0 +0 +2.563631e-13
36 +0 +0 +0 +1.419987e-13
37 +0 +0 +0 +1.321191e-13
38 +0 +0 +0 +3.171541e-13
39 +0 +0 +0 +1.732594e-13
40 +0 +0 +0 +1.313837e-13
41 +0 +0 +0 -2.757856e-13
42 +0 +0 +0 -5.274639e-13
43 +0 +0 +0 -5.665624e-13
44 +0 +0 +0 -3.275648e-13
45 +0 +0 +0 -3.923296e-13
46 +0 +0 +0 -3.655400e-13
47 +0 +0 +0 -1.990452e-13
48 +0 +0 +0 -1.041949e-13
49 +0 +0 +0 -1.652248e-13
50 +0 +0 +0 -5.966977e-14
51 +0 +0 +0 -8.802503e-14
52 +0 +0 +0 +2.726875e-14
53 +0 +0 +0 +2.112708e-13
54 +0 +0 +0 +2.462203e-13
55 +0 +0 +0 +3.203688e-13
56 +0 +0 +0 +3.473687e-13
57 +0 +0 +0 +1.230104e-13
58 +0 +0 +0 +1.191155e-13
59 +0 +0 +0 +3.305465e-15
60 +0 +0 +0 -2.038237e-13
61 +0 +0 +0 -1.375865e-13
62 +0 +0 +0 -1.408125e-13
63 +0 +0 +0 -8.677295e-14
