0 +0 +0 +0 +1.335463e-08
1 +0 +0 +0 +2.492848e-08
2 +0 +0 +0 +1.369146e-08
3 +0 +0 +0 +8.157482e-09
4 +0 +0 +0 +4.893737e-09
5 +0 +0 +0 +3.218924e-09
6 +0 +0 +0 +2.090256e-09
7 +0 +0 +0 +1.410697e-09
8 +0 +0 +0 +9.479938e-10
9 +0 +0 +0 +6.395961e-10
10 +0 +0 +0 +4.297526e-10
11 +0 +0 +0 +2.842937e-10
12 +0 +0 +0 +1.929522e-10
13 +0 +0 +0 +1.260143e-10
14 +0 +0 +0 +8.817544e-11
15 +0 +0 +0 +6.188032e-11
16 +0 +0 +0 +4.362038e-11
17 +0 +0 +0 +3.342713e-11
18 +0 +0 +0 +2.581932e-11
19 +0 +0 +0 +1.987733e-11
20 +0 +0 +0 +1.450422e-11
21 +0 +0 +0 +1.148686e-11
22 +0 +0 +0 +7.654891e-12
23 +0 +0 +0 +5.780471e-12
24 +0 +0 +0 +4.373823e-12
25 +0 +0 +0 +2.272289e-12
26 +0 +0 +0 +1.502408e-12
27 +0 +0 +0 +6.946155e-13
28 +0 +0 +0 +1.797047e-13
29 +0 +0 +0 +5.949103e-13
30 +0 +0 +0 +7.398979e-13
31 +0 +0 +0 +5.596001e-13
32 +0 +0 +0 -2.420180e-13
33 +0 +0 +0 -1.277680e-13
34 +0 +0 +0 -1.383498e-13
35 +0 +0 +0 -7.657279e-13
36 +0 +0 +0 -7.522370e-13
37 +0 +0 +0 -3.433658e-13
38 +0 +0 +0 -1.742300e-13
39 +0 +0 +0 +1.479205e-13
40 +0 +0 +0 +8.265358e-14
41 +0 +0 +0 +1.458987e-13
42 +0 +0 +0 +1.357826e-13
43 +0 +0 +0 +2.381478e-13
44 +0 +0 +0 +2.015268e-13
45 +0 +0 +0 +1.433659e-13
46 +0 +0 +0 -2.051208e-14
47 +0 +0 +0 +8.573959e-14
48 +0 +0 +0 +1.874628e-13
49 +0 +0 +0 +2.295157e-13
50 +0 +0 +0 +2.147746e-13
51 +0 +0 +0 +2.397777e-13
52 +0 +0 +0 +2.108790e-13
53 +0 +0 +0 +3.065516e-13
54 +0 +0 +0 +2.251946e-13
55 +0 +0 +0 +2.604192e-13
56 +0 +0 +0 +3.303013e-13
57 +0 +0 +0 +2.386171e-13
58 +0 +0 +0 +2.373469e-13
59 +0 +0 +0 +1.605191e-13
60 +0 +0 +0 +1.221320e-13
61 +0 +0 +0 +2.631668e-13
62 +0 +0 +0 +1.535268e-13
63 +0 +0 +0 +1.241674e-13
