0 +0 +0 +0 +1.341663e-08
1 +0 +0 +0 +2.479378e-08
2 +0 +0 +0 +1.364962e-08
3 +0 +0 +0 +8.148457e-09
4 +0 +0 +0 +5.035021e-09
5 +0 +0 +0 +3.162058e-09
6 +0 +0 +0 +2.058978e-09
7 +0 +0 +0 +1.345276e-09
8 +0 +0 +0 +8.969532e-10
9 +0 +0 +0 +5.993932e-10
10 +0 +0 +0 +4.243246e-10
11 +0 +0 +0 +2.886673e-10
12 +0 +0 +0 +1.915894e-10
13 +0 +0 +0 +1.292640e-10
14 +0 +0 +0 +8.396502e-11
15 +0 +0 +0 +5.684055e-11
16 +0 +0 +0 +3.605114e-11
17 +0 +0 +0 +2.393332e-11
18 +0 +0 +0 +1.630605e-11
19 +0 +0 +0 +1.022625e-11
20 +0 +0 +0 +4.658983e-12
21 +0 +0 +0 +1.568772e-12
22 +0 +0 +0 +1.640191e-12
23 +0 +0 +0 -6.178517e-13
24 +0 +0 +0 +3.279154e-13
25 +0 +0 +0 -6.629640e-14
26 +0 +0 +0 -1.843893e-13
27 +0 +0 +0 +1.436268e-13
28 +0 +0 +0 -4.645809e-14
29 +0 +0 +0 +1.552008e-13
30 +0 +0 +0 +6.800791e-13
31 +0 +0 +0 +2.027778e-13
32 +0 +0 +0 +3.149628e-13
33 +0 +0 +0 +3.881698e-14
34 +0 +0 +0 +4.099832e-13
35 +0 +0 +0 +2.577327e-13
36 +0 +0 +0 -7.165815e-14
37 +0 +0 +0 -2.481619e-13
38 +0 +0 +0 -3.500077e-13
39 +0 +0 +0 -4.706595e-13
40 +0 +0 +0 -6.846282e-13
41 +0 +0 +0 -3.116632e-13
42 +0 +0 +0 -3.692472e-13
43 +0 +0 +0 -1.064602e-13
44 +0 +0 +0 -6.261813e-14
45 +0 +0 +0 -1.919132e-13
46 +0 +0 +0 -5.313747e-14
47 +0 +0 +0 -2.545337e-13
48 +0 +0 +0 -6.323591e-14
49 +0 +0 +0 -4.860752e-14
50 +0 +0 +0 -2.115849e-13
51 +0 +0 +0 -1.417504e-13
52 +0 +0 +0 -1.948670e-13
53 +0 +0 +0 -1.622961e-13
54 +0 +0 +0 -1.027082e-13
55 +0 +0 +0 +6.782322e-14
56 +0 +0 +0 +5.749940e-14
57 +0 +0 +0 -8.402174e-14
58 +0 +0 +0 -2.656389e-14
59 +0 +0 +0 -3.615240e-14
60 +0 +0 +0 -7.551701e-14
61 +0 +0 +0 -6.405706e-14
62 +0 +0 +0 -5.708637e-14
63 +0 +0 +0 +3.160426e-14
