0 +0 +0 +0 +1.329082e-08
1 +0 +0 +0 +2.463144e-08
2 +0 +0 +0 +1.354341e-08
3 +0 +0 +0 +8.092346e-09
4 +0 +0 +0 +5.031096e-09
5 +0 +0 +0 +3.170605e-09
6 +0 +0 +0 +2.017382e-09
7 +0 +0 +0 +1.296141e-09
8 +0 +0 +0 +8.628719e-10
9 +0 +0 +0 +5.664250e-10
10 +0 +0 +0 +3.767312e-10
11 +0 +0 +0 +2.558609e-10
12 +0 +0 +0 +1.734502e-10
13 +0 +0 +0 +1.150437e-10
14 +0 +0 +0 +7.103725e-11
15 +0 +0 +0 +5.078953e-11
16 +0 +0 +0 +3.226775e-11
17 +0 +0 +0 +2.187975e-11
18 +0 +0 +0 +1.670058e-11
19 +0 +0 +0 +1.336060e-11
20 +0 +0 +0 +6.485501e-12
21 +0 +0 +0 +3.741171e-12
22 +0 +0 +0 +5.481050e-12
23 +0 +0 +0 +3.595021e-12
24 +0 +0 +0 +2.155912e-12
25 +0 +0 +0 +6.681549e-13
26 +0 +0 +0 +5.812088e-13
27 +0 +0 +0 +5.287704e-13
28 +0 +0 +0 +6.497924e-13
29 +0 +0 +0 +7.279025e-13
30 +0 +0 +0 +3.000453e-13
31 +0 +0 +0 +6.900530e-13
32 +0 +0 +0 +4.019177e-13
33 +0 +0 +0 +2.454959e-13
34 +0 +0 +0 +1.365247e-13
35 +0 +0 +0 -2.587835e-13
36 +0 +0 +0 -4.614617e-13
37 +0 +0 +0 -2.163016e-13
38 +0 +0 +0 -2.724840e-13
39 +0 +0 +0 +7.779412e-14
40 +0 +0 +0 +3.218011e-13
41 +0 +0 +0 +3.007639e-13
42 +0 +0 +0 -6.837269e-14
43 +0 +0 +0 -1.866106e-13
44 +0 +0 +0 -1.765078e-13
45 +0 +0 +0 -8.775832e-14
46 +0 +0 +0 -1.149347e-13
47 +0 +0 +0 -3.733200e-14
48 +0 +0 +0 -1.776454e-13
49 +0 +0 +0 -2.054635e-13
50 +0 +0 +0 -1.354093e-13
51 +0 +0 +0 +9.064469e-14
52 +0 +0 +0 +1.532982e-13
53 +0 +0 +0 +1.825799e-13
54 +0 +0 +0 +1.141516e-13
55 +0 +0 +0 +1.810371e-14
56 +0 +0 +0 +3.916151e-14
57 +0 +0 +0 +2.376104e-14
58 +0 +0 +0 +2.869370e-14
59 +0 +0 +0 -1.237700e-14
60 +0 +0 +0 -2.519627e-14
61 +0 +0 +0 +2.235164e-14
62 +0 +0 +0 +1.226504e-14
63 +0 +0 +0 -1.362333e-15
