0 +0 +0 +0 +1.364116e-08
1 +0 +0 +0 +2.486555e-08
2 +0 +0 +0 +1.381554e-08
3 +0 +0 +0 +8.078540e-09
4 +0 +0 +0 +5.034243e-09
5 +0 +0 +0 +3.262356e-09
6 +0 +0 +0 +2.163995e-09
7 +0 +0 +0 +1.414324e-09
8 +0 +0 +0 +9.435239e-10
9 +0 +0 +0 +6.314008e-10
10 +0 +0 +0 +4.268737e-10
11 +0 +0 +0 +2.834660e-10
12 +0 +0 +0 +1.988468e-10
13 +0 +0 +0 +1.339387e-10
14 +0 +0 +0 +8.380872e-11
15 +0 +0 +0 +5.841474e-11
16 +0 +0 +0 +3.835192e-11
17 +0 +0 +0 +2.580841e-11
18 +0 +0 +0 +1.910235e-11
19 +0 +0 +0 +1.263287e-11
20 +0 +0 +0 +8.588907e-12
21 +0 +0 +0 +3.551616e-12
22 +0 +0 +0 +2.606161e-12
23 +0 +0 +0 +3.215190e-12
24 +0 +0 +0 +2.124149e-12
25 +0 +0 +0 +2.812499e-12
26 +0 +0 +0 +2.966767e-12
27 +0 +0 +0 +2.710046e-12
28 +0 +0 +0 +2.143787e-12
29 +0 +0 +0 +1.843989e-12
30 +0 +0 +0 +9.750432e-13
31 +0 +0 +0 +1.115655e-12
32 +0 +0 +0 +1.624762e-12
33 +0 +0 +0 +1.837918e-12
34 +0 +0 +0 +5.110115e-13
35 +0 +0 +0 +2.081750e-13
36 +0 +0 +0 -3.321405e-13
37 +0 +0 +0 +8.430411e-14
38 +0 +0 +0 +3.240954e-13
39 +0 +0 +0 +2.407738e-13
40 +0 +0 +0 -4.576499e-14
41 +0 +0 +0 -6.441726e-14
42 +0 +0 +0 -1.715706e-13
43 +0 +0 +0 +2.781190e-14
44 +0 +0 +0 -6.107969e-14
45 +0 +0 +0 +3.041790e-13
46 +0 +0 +0 +2.025960e-14
47 +0 +0 +0 -3.738871e-14
48 +0 +0 +0 +7.876261e-14
49 +0 +0 +0 +6.701022e-14
50 +0 +0 +0 +1.909913e-13
51 +0 +0 +0 +2.187155e-13
52 +0 +0 +0 +3.246609e-13
53 +0 +0 +0 +3.908359e-13
54 +0 +0 +0 +2.664089e-13
55 +0 +0 +0 +2.403261e-13
56 +0 +0 +0 +2.638193e-13
57 +0 +0 +0 +2.481387e-13
58 +0 +0 +0 +1.740941e-14
59 +0 +0 +0 -7.258880e-14
60 +0 +0 +0 -1.522328e-13
61 +0 +0 +0 -1.678470e-13
62 +0 +0 +0 -1.889171e-13
63 +0 +0 +0 -1.193477e-13
