0 +0 +0 +0 +1.350481e-08
1 +0 +0 +0 +2.466386e-08
2 +0 +0 +0 +1.387183e-08
3 +0 +0 +0 +8.015783e-09
4 +0 +0 +0 +4.986209e-09
5 +0 +0 +0 +3.250612e-09
6 +0 +0 +0 +2.146493e-09
7 +0 +0 +0 +1.367734e-09
8 +0 +0 +0 +9.069442e-10
9 +0 +0 +0 +6.047692e-10
10 +0 +0 +0 +3.894041e-10
11 +0 +0 +0 +2.565957e-10
12 +0 +0 +0 +1.656970e-10
13 +0 +0 +0 +1.093349e-10
14 +0 +0 +0 +7.610155e-11
15 +0 +0 +0 +4.885444e-11
16 +0 +0 +0 +3.305418e-11
17 +0 +0 +0 +2.200264e-11
18 +0 +0 +0 +1.519599e-11
19 +0 +0 +0 +9.082898e-12
20 +0 +0 +0 +6.308678e-12
21 +0 +0 +0 +6.022536e-12
22 +0 +0 +0 +3.065563e-12
23 +0 +0 +0 +1.374766e-12
24 +0 +0 +0 +5.972085e-13
25 +0 +0 +0 +2.816828e-14
26 +0 +0 +0 -1.101237e-14
27 +0 +0 +0 +3.959487e-13
28 +0 +0 +0 +6.374644e-13
29 +0 +0 +0 +4.580328e-13
30 +0 +0 +0 -1.122746e-13
31 +0 +0 +0 -9.691576e-15
32 +0 +0 +0 +6.612979e-13
33 +0 +0 +0 +8.544840e-13
34 +0 +0 +0 +1.024806e-12
35 +0 +0 +0 +8.630547e-13
36 +0 +0 +0 +9.354462e-15
37 +0 +0 +0 +1.387621e-13
38 +0 +0 +0 -2.665732e-13
39 +0 +0 +0 -2.050257e-13
40 +0 +0 +0 -1.692083e-13
41 +0 +0 +0 -2.591115e-13
42 +0 +0 +0 -3.506735e-13
43 +0 +0 +0 -1.429358e-13
44 +0 +0 +0 -9.546849e-14
45 +0 +0 +0 -1.971754e-13
46 +0 +0 +0 -1.752136e-13
47 +0 +0 +0 -5.638381e-14
48 +0 +0 +0 -1.901750e-14
49 +0 +0 +0 -4.959431e-14
50 +0 +0 +0 +1.819879e-14
51 +0 +0 +0 +5.094629e-14
52 +0 +0 +0 -7.046272e-15
53 +0 +0 +0 -1.168670e-13
54 +0 +0 +0 +1.807860e-14
55 +0 +0 +0 +1.300958e-14
56 +0 +0 +0 +7.731717e-15
57 +0 +0 +0 +6.156276e-14
58 +0 +0 +0 +2.746884e-14
59 +0 +0 +0 +6.138648e-14
60 +0 +0 +0 +7.209143e-14
61 +0 +0 +0 -2.396818e-14
62 +0 +0 +0 +5.286235e-14
63 +0 +0 +0 +1.571894e-15
