0 +0 +0 +0 +1.366547e-08
1 +0 +0 +0 +2.458401e-08
2 +0 +0 +0 +1.368234e-08
3 +0 +0 +0 +8.147303e-09
4 +0 +0 +0 +5.081675e-09
5 +0 +0 +0 +3.268129e-09
6 +0 +0 +0 +2.071242e-09
7 +0 +0 +0 +1.374817e-09
8 +0 +0 +0 +8.843347e-10
9 +0 +0 +0 +5.756381e-10
10 +0 +0 +0 +3.804539e-10
11 +0 +0 +0 +2.471846e-10
12 +0 +0 +0 +1.669714e-10
13 +0 +0 +0 +1.135616e-10
14 +0 +0 +0 +7.729246e-11
15 +0 +0 +0 +5.292340e-11
16 +0 +0 +0 +3.216756e-11
17 +0 +0 +0 +1.946305e-11
18 +0 +0 +0 +1.466347e-11
19 +0 +0 +0 +9.674665e-12
20 +0 +0 +0 +7.773010e-12
21 +0 +0 +0 +5.184361e-12
22 +0 +0 +0 +4.485288e-12
23 +0 +0 +0 +1.483282e-12
24 +0 +0 +0 +1.307392e-12
25 +0 +0 +0 +1.201922e-12
26 +0 +0 +0 +1.275742e-12
27 +0 +0 +0 +1.732101e-12
28 +0 +0 +0 +8.459464e-13
29 +0 +0 +0 +3.396523e-13
30 +0 +0 +0 +6.408748e-13
31 +0 +0 +0 +8.754795e-13
32 +0 +0 +0 +3.449915e-13
33 +0 +0 +0 +2.864824e-13
34 +0 +0 +0 -3.443721e-14
35 +0 +0 +0 -2.725643e-13
36 +0 +0 +0 -6.670552e-13
37 +0 +0 +0 -4.822703e-13
38 +0 +0 +0 -7.471134e-14
39 +0 +0 +0 +3.882080e-14
40 +0 +0 +0 +2.450163e-13
41 +0 +0 +0 +1.937153e-13
42 +0 +0 +0 +2.367312e-14
43 +0 +0 +0 -1.948687e-13
44 +0 +0 +0 -1.928392e-13
45 +0 +0 +0 -2.316136e-13
46 +0 +0 +0 -2.692450e-13
47 +0 +0 +0 -3.202841e-13
48 +0 +0 +0 -3.744234e-13
49 +0 +0 +0 -4.053439e-13
50 +0 +0 +0 -2.323698e-13
51 +0 +0 +0 -1.049342e-13
52 +0 +0 +0 -1.045951e-13
53 +0 +0 +0 -1.215125e-14
54 +0 +0 +0 -1.481806e-14
55 +0 +0 +0 -2.589038e-14
56 +0 +0 +0 -9.190520e-14
57 +0 +0 +0 -1.143997e-14
58 +0 +0 +0 -6.208422e-14
59 +0 +0 +0 -2.092053e-13
60 +0 +0 +0 -1.674104e-13
61 +0 +0 +0 -8.416435e-14
62 +0 +0 +0 -1.224918e-13
63 +0 +0 +0 -1.181307e-13
