0 +0 +0 +0 +1.201996e-08
1 +0 +0 +0 +2.399791e-08
2 +0 +0 +0 +1.340076e-08
3 +0 +0 +0 +8.082677e-09
4 +0 +0 +0 +4.903794e-09
5 +0 +0 +0 +3.145050e-09
6 +0 +0 +0 +2.035370e-09
7 +0 +0 +0 +1.353921e-09
8 +0 +0 +0 +9.001964e-10
9 +0 +0 +0 +6.080297e-10
10 +0 +0 +0 +4.038236e-10
11 +0 +0 +0 +2.769503e-10
12 +0 +0 +0 +1.823542e-10
13 +0 +0 +0 +1.210261e-10
14 +0 +0 +0 +7.917039e-11
15 +0 +0 +0 +5.636350e-11
16 +0 +0 +0 +4.087617e-11
17 +0 +0 +0 +2.693912e-11
18 +0 +0 +0 +1.922409e-11
19 +0 +0 +0 +1.241451e-11
20 +0 +0 +0 +6.646451e-12
21 +0 +0 +0 +3.865166e-12
22 +0 +0 +0 +2.756835e-12
23 +0 +0 +0 +1.671919e-12
24 +0 +0 +0 -6.755556e-13
25 +0 +0 +0 -1.911025e-12
26 +0 +0 +0 -2.453193e-12
27 +0 +0 +0 -2.015099e-12
28 +0 +0 +0 -1.472737e-12
29 +0 +0 +0 -1.825324e-12
30 +0 +0 +0 -1.508360e-12
31 +0 +0 +0 -1.484769e-12
32 +0 +0 +0 -1.432276e-12
33 +0 +0 +0 -9.876292e-13
34 +0 +0 +0 -1.146983e-12
35 +0 +0 +0 -7.736628e-13
36 +0 +0 +0 -6.459787e-13
37 +0 +0 +0 -5.144094e-13
38 +0 +0 +0 -2.865033e-13
39 +0 +0 +0 -3.585710e-13
40 +0 +0 +0 -3.882810e-13
41 +0 +0 +0 -4.706445e-13
42 +0 +0 +0 -3.250242e-13
43 +0 +0 +0 -4.113649e-14
44 +0 +0 +0 -7.934401e-14
45 +0 +0 +0 +3.560810e-14
46 +0 +0 +0 -1.305257e-14
47 +0 +0 +0 -7.181114e-14
48 +0 +0 +0 -5.283184e-14
49 +0 +0 +0 +4.026854e-14
50 +0 +0 +0 +5.693886e-14
51 +0 +0 +0 +3.507601e-14
52 +0 +0 +0 +6.527621e-14
53 +0 +0 +0 +1.135621e-13
54 +0 +0 +0 +3.351242e-14
55 +0 +0 +0 +7.020039e-14
56 +0 +0 +0 -6.539898e-14
57 +0 +0 +0 -1.599413e-13
58 +0 +0 +0 -1.619100e-13
59 +0 +0 +0 -1.185926e-13
60 +0 +0 +0 -6.974029e-14
61 +0 +0 +0 +4.876597e-14
62 +0 +0 +0 +2.174168e-14
63 +0 +0 +0 -3.339166e-14
