0 +0 +0 +0 +1.301682e-08
1 +0 +0 +0 +2.477542e-08
2 +0 +0 +0 +1.396164e-08
3 +0 +0 +0 +7.965903e-09
4 +0 +0 +0 +4.940690e-09
5 +0 +0 +0 +3.204004e-09
6 +0 +0 +0 +2.097274e-09
7 +0 +0 +0 +1.375413e-09
8 +0 +0 +0 +9.132034e-10
9 +0 +0 +0 +6.304138e-10
10 +0 +0 +0 +4.342047e-10
11 +0 +0 +0 +3.050879e-10
12 +0 +0 +0 +2.059719e-10
13 +0 +0 +0 +1.422190e-10
14 +0 +0 +0 +9.262591e-11
15 +0 +0 +0 +6.328674e-11
16 +0 +0 +0 +4.114569e-11
17 +0 +0 +0 +2.656917e-11
18 +0 +0 +0 +1.638097e-11
19 +0 +0 +0 +1.050566e-11
20 +0 +0 +0 +7.203945e-12
21 +0 +0 +0 +5.914206e-12
22 +0 +0 +0 +5.153566e-12
23 +0 +0 +0 +1.696670e-12
24 +0 +0 +0 +5.547919e-13
25 +0 +0 +0 -4.918214e-13
26 +0 +0 +0 +2.464920e-13
27 +0 +0 +0 +4.072468e-13
28 +0 +0 +0 +1.050667e-12
29 +0 +0 +0 +1.079304e-12
30 +0 +0 +0 +1.906801e-12
31 +0 +0 +0 +5.776376e-13
32 +0 +0 +0 -1.228493e-13
33 +0 +0 +0 -2.030547e-13
34 +0 +0 +0 -5.474951e-13
35 +0 +0 +0 -7.719482e-13
36 +0 +0 +0 -6.656952e-13
37 +0 +0 +0 -6.946457e-13
38 +0 +0 +0 -8.210607e-13
39 +0 +0 +0 -8.652627e-13
40 +0 +0 +0 -3.889394e-13
41 +0 +0 +0 -4.582116e-14
42 +0 +0 +0 +1.031043e-13
43 +0 +0 +0 -9.814593e-16
44 +0 +0 +0 +6.913150e-14
45 +0 +0 +0 -6.636693e-14
46 +0 +0 +0 -1.206996e-14
47 +0 +0 +0 -8.259377e-15
48 +0 +0 +0 +3.211240e-16
49 +0 +0 +0 +2.224459e-13
50 +0 +0 +0 +2.376642e-13
51 +0 +0 +0 +9.915971e-14
52 +0 +0 +0 -3.296711e-14
53 +0 +0 +0 +3.369809e-14
54 +0 +0 +0 +7.040345e-14
55 +0 +0 +0 +8.618184e-14
56 +0 +0 +0 +9.498705e-14
57 +0 +0 +0 +1.603309e-14
58 +0 +0 +0 +6.611995e-14
59 +0 +0 +0 +3.478952e-14
60 +0 +0 +0 +2.703778e-14
61 +0 +0 +0 +4.068729e-14
62 +0 +0 +0 +3.024532e-14
63 +0 +0 +0 +1.092336e-13
