0 +0 +0 +0 +1.324755e-08
1 +0 +0 +0 +2.475086e-08
2 +0 +0 +0 +1.347960e-08
3 +0 +0 +0 +7.926514e-09
4 +0 +0 +0 +4.868785e-09
5 +0 +0 +0 +3.079205e-09
6 +0 +0 +0 +2.013964e-09
7 +0 +0 +0 +1.352254e-09
8 +0 +0 +0 +8.869951e-10
9 +0 +0 +0 +5.842643e-10
10 +0 +0 +0 +3.891255e-10
11 +0 +0 +0 +2.582574e-10
12 +0 +0 +0 +1.710344e-10
13 +0 +0 +0 +1.120173e-10
14 +0 +0 +0 +7.277895e-11
15 +0 +0 +0 +4.994295e-11
16 +0 +0 +0 +3.296104e-11
17 +0 +0 +0 +2.118381e-11
18 +0 +0 +0 +1.279401e-11
19 +0 +0 +0 +6.566264e-12
20 +0 +0 +0 +4.201714e-12
21 +0 +0 +0 +1.330425e-12
22 +0 +0 +0 +1.109648e-12
23 +0 +0 +0 +2.001419e-12
24 +0 +0 +0 +1.710687e-16
25 +0 +0 +0 -1.337253e-12
26 +0 +0 +0 -1.169013e-12
27 +0 +0 +0 -7.990556e-13
28 +0 +0 +0 -5.147021e-13
29 +0 +0 +0 -7.089295e-13
30 +0 +0 +0 -5.721288e-13
31 +0 +0 +0 -5.889348e-13
32 +0 +0 +0 +1.925473e-14
33 +0 +0 +0 -4.169271e-13
34 +0 +0 +0 -8.835919e-13
35 +0 +0 +0 -6.895221e-13
36 +0 +0 +0 -3.901089e-13
37 +0 +0 +0 +2.134621e-13
38 +0 +0 +0 +1.867971e-13
39 +0 +0 +0 +5.262302e-13
40 +0 +0 +0 +2.137518e-13
41 +0 +0 +0 -1.072870e-13
42 +0 +0 +0 -1.499613e-13
43 +0 +0 +0 -1.514037e-13
44 +0 +0 +0 -4.068940e-14
45 +0 +0 +0 +7.547901e-14
46 +0 +0 +0 +3.254611e-14
47 +0 +0 +0 +1.729163e-14
48 +0 +0 +0 -1.493199e-13
49 +0 +0 +0 +1.943531e-14
50 +0 +0 +0 -2.079515e-14
51 +0 +0 +0 +1.882635e-14
52 +0 +0 +0 +1.095790e-13
53 +0 +0 +0 +2.237915e-13
54 +0 +0 +0 +1.647812e-13
55 +0 +0 +0 +2.973481e-14
56 +0 +0 +0 -2.607493e-14
57 +0 +0 +0 -2.937802e-14
58 +0 +0 +0 -1.766620e-13
59 +0 +0 +0 -1.688403e-13
60 +0 +0 +0 -1.611969e-13
61 +0 +0 +0 -1.464880e-13
62 +0 +0 +0 -8.261686e-14
63 +0 +0 +0 -1.188399e-13
