0 +0 +0 +0 +1.298386e-08
1 +0 +0 +0 +2.438575e-08
2 +0 +0 +0 +1.372356e-08
3 +0 +0 +0 +8.142722e-09
4 +0 +0 +0 +5.078382e-09
5 +0 +0 +0 +3.253093e-09
6 +0 +0 +0 +2.106305e-09
7 +0 +0 +0 +1.387112e-09
8 +0 +0 +0 +9.125477e-10
9 +0 +0 +0 +6.143987e-10
10 +0 +0 +0 +4.239942e-10
11 +0 +0 +0 +2.785693e-10
12 +0 +0 +0 +1.907230e-10
13 +0 +0 +0 +1.284916e-10
14 +0 +0 +0 +9.181091e-11
15 +0 +0 +0 +6.184269e-11
16 +0 +0 +0 +4.332795e-11
17 +0 +0 +0 +3.580841e-11
18 +0 +0 +0 +2.947423e-11
19 +0 +0 +0 +1.889812e-11
20 +0 +0 +0 +1.289171e-11
21 +0 +0 +0 +8.910066e-12
22 +0 +0 +0 +6.460505e-12
23 +0 +0 +0 +4.515804e-12
24 +0 +0 +0 +1.677538e-12
25 +0 +0 +0 +2.622732e-12
26 +0 +0 +0 +1.323414e-12
27 +0 +0 +0 +7.263591e-13
28 +0 +0 +0 +3.092284e-13
29 +0 +0 +0 -7.875627e-14
30 +0 +0 +0 +3.174048e-13
31 +0 +0 +0 +1.118051e-13
32 +0 +0 +0 +1.318222e-13
33 +0 +0 +0 +1.386898e-14
34 +0 +0 +0 -6.927731e-13
35 +0 +0 +0 -3.700992e-13
36 +0 +0 +0 -8.867489e-14
37 +0 +0 +0 +7.904339e-14
38 +0 +0 +0 +2.202435e-13
39 +0 +0 +0 +4.240928e-13
40 +0 +0 +0 +2.541918e-13
41 +0 +0 +0 +2.088778e-13
42 +0 +0 +0 +5.119859e-13
43 +0 +0 +0 +4.443575e-13
44 +0 +0 +0 +5.347945e-13
45 +0 +0 +0 +4.277961e-13
46 +0 +0 +0 +4.441864e-14
47 +0 +0 +0 +7.325868e-14
48 +0 +0 +0 +5.113731e-14
49 +0 +0 +0 +6.384336e-14
50 +0 +0 +0 -1.434214e-14
51 +0 +0 +0 -1.502564e-13
52 +0 +0 +0 -7.257401e-14
53 +0 +0 +0 -4.404777e-14
54 +0 +0 +0 -6.218236e-14
55 +0 +0 +0 -8.447990e-14
56 +0 +0 +0 -1.740423e-13
57 +0 +0 +0 -1.354580e-13
58 +0 +0 +0 -1.136866e-13
59 +0 +0 +0 +3.850144e-14
60 +0 +0 +0 +7.307342e-14
61 +0 +0 +0 +1.056851e-13
62 +0 +0 +0 +2.238848e-13
63 +0 +0 +0 +9.576157e-14
