0 +0 +0 +0 +1.258998e-08
1 +0 +0 +0 +2.358417e-08
2 +0 +0 +0 +1.287015e-08
3 +0 +0 +0 +7.608041e-09
4 +0 +0 +0 +4.703101e-09
5 +0 +0 +0 +2.996543e-09
6 +0 +0 +0 +1.948246e-09
7 +0 +0 +0 +1.282064e-09
8 +0 +0 +0 +8.439061e-10
9 +0 +0 +0 +5.611288e-10
10 +0 +0 +0 +3.753607e-10
11 +0 +0 +0 +2.547789e-10
12 +0 +0 +0 +1.603617e-10
13 +0 +0 +0 +1.053883e-10
14 +0 +0 +0 +6.591180e-11
15 +0 +0 +0 +4.788121e-11
16 +0 +0 +0 +3.276637e-11
17 +0 +0 +0 +2.399501e-11
18 +0 +0 +0 +1.366229e-11
19 +0 +0 +0 +1.101066e-11
20 +0 +0 +0 +8.019892e-12
21 +0 +0 +0 +7.433934e-12
22 +0 +0 +0 +5.073188e-12
23 +0 +0 +0 +3.187088e-12
24 +0 +0 +0 +2.310148e-12
25 +0 +0 +0 +6.450127e-13
26 +0 +0 +0 +1.654563e-12
27 +0 +0 +0 +1.171985e-12
28 +0 +0 +0 +1.583631e-12
29 +0 +0 +0 +1.108767e-12
30 +0 +0 +0 -3.089081e-13
31 +0 +0 +0 -6.526431e-13
32 +0 +0 +0 -9.604501e-13
33 +0 +0 +0 -3.286504e-13
34 +0 +0 +0 -7.081036e-13
35 +0 +0 +0 -9.220637e-13
36 +0 +0 +0 -4.044769e-13
37 +0 +0 +0 +1.856966e-13
38 +0 +0 +0 +4.185501e-13
39 +0 +0 +0 +2.838151e-13
40 +0 +0 +0 +3.456119e-13
41 +0 +0 +0 +2.248111e-13
42 +0 +0 +0 +1.208875e-13
43 +0 +0 +0 +3.074379e-13
44 +0 +0 +0 +2.979605e-13
45 +0 +0 +0 +9.360402e-14
46 +0 +0 +0 -1.208051e-13
47 +0 +0 +0 -1.036405e-13
48 +0 +0 +0 -5.122977e-14
49 +0 +0 +0 -8.909637e-14
50 +0 +0 +0 -1.714217e-13
51 +0 +0 +0 -2.362706e-13
52 +0 +0 +0 -2.337407e-13
53 +0 +0 +0 -2.277772e-13
54 +0 +0 +0 -1.521590e-13
55 +0 +0 +0 -6.541241e-14
56 +0 +0 +0 -1.508616e-13
57 +0 +0 +0 -1.597676e-13
58 +0 +0 +0 -7.781218e-14
59 +0 +0 +0 +4.044516e-14
60 +0 +0 +0 -6.462200e-14
61 +0 +0 +0 -7.363333e-14
62 +0 +0 +0 -8.565139e-14
63 +0 +0 +0 -7.156751e-14
