0 +0 +0 +0 +1.267459e-08
1 +0 +0 +0 +2.359304e-08
2 +0 +0 +0 +1.292930e-08
3 +0 +0 +0 +7.648544e-09
4 +0 +0 +0 +4.704278e-09
5 +0 +0 +0 +3.080100e-09
6 +0 +0 +0 +1.972796e-09
7 +0 +0 +0 +1.311710e-09
8 +0 +0 +0 +8.619958e-10
9 +0 +0 +0 +5.585298e-10
10 +0 +0 +0 +3.931016e-10
11 +0 +0 +0 +2.614154e-10
12 +0 +0 +0 +1.739241e-10
13 +0 +0 +0 +1.173602e-10
14 +0 +0 +0 +7.968644e-11
15 +0 +0 +0 +5.739633e-11
16 +0 +0 +0 +3.929731e-11
17 +0 +0 +0 +2.836113e-11
18 +0 +0 +0 +2.034337e-11
19 +0 +0 +0 +1.569895e-11
20 +0 +0 +0 +1.256439e-11
21 +0 +0 +0 +8.712621e-12
22 +0 +0 +0 +5.956434e-12
23 +0 +0 +0 +4.655247e-12
24 +0 +0 +0 +3.726341e-12
25 +0 +0 +0 +1.898184e-12
26 +0 +0 +0 +2.525021e-12
27 +0 +0 +0 +1.764739e-12
28 +0 +0 +0 +2.058313e-12
29 +0 +0 +0 +1.558400e-12
30 +0 +0 +0 +1.133223e-12
31 +0 +0 +0 +1.270716e-12
32 +0 +0 +0 +1.046866e-12
33 +0 +0 +0 +3.974283e-13
34 +0 +0 +0 +4.125133e-13
35 +0 +0 +0 +5.832498e-13
36 +0 +0 +0 +4.099934e-13
37 +0 +0 +0 +1.106630e-12
38 +0 +0 +0 +8.316617e-13
39 +0 +0 +0 +6.317390e-13
40 +0 +0 +0 +1.126555e-12
41 +0 +0 +0 +7.328790e-13
42 +0 +0 +0 +4.989669e-13
43 +0 +0 +0 +3.166746e-13
44 +0 +0 +0 -4.244205e-14
45 +0 +0 +0 +3.224589e-14
46 +0 +0 +0 -1.255139e-13
47 +0 +0 +0 -1.139295e-13
48 +0 +0 +0 +5.240467e-14
49 +0 +0 +0 +5.932544e-14
50 +0 +0 +0 +1.091813e-13
51 +0 +0 +0 -1.212797e-13
52 +0 +0 +0 -1.890667e-13
53 +0 +0 +0 -1.719332e-13
54 +0 +0 +0 -1.086090e-13
55 +0 +0 +0 -1.185034e-13
56 +0 +0 +0 -4.210644e-14
57 +0 +0 +0 +2.089096e-14
58 +0 +0 +0 +2.946485e-14
59 +0 +0 +0 +2.572474e-14
60 +0 +0 +0 +1.763154e-14
61 +0 +0 +0 -4.232510e-15
62 +0 +0 +0 -5.245004e-14
63 +0 +0 +0 -9.664645e-14
