0 +0 +0 +0 +1.224235e-08
1 +0 +0 +0 +2.390454e-08
2 +0 +0 +0 +1.340397e-08
3 +0 +0 +0 +7.930553e-09
4 +0 +0 +0 +4.942608e-09
5 +0 +0 +0 +3.116081e-09
6 +0 +0 +0 +1.981966e-09
7 +0 +0 +0 +1.322329e-09
8 +0 +0 +0 +8.634677e-10
9 +0 +0 +0 +5.607309e-10
10 +0 +0 +0 +3.715705e-10
11 +0 +0 +0 +2.556038e-10
12 +0 +0 +0 +1.706928e-10
13 +0 +0 +0 +1.171299e-10
14 +0 +0 +0 +8.200988e-11
15 +0 +0 +0 +5.566967e-11
16 +0 +0 +0 +3.762653e-11
17 +0 +0 +0 +2.532629e-11
18 +0 +0 +0 +1.850215e-11
19 +0 +0 +0 +1.162483e-11
20 +0 +0 +0 +6.237586e-12
21 +0 +0 +0 +2.805714e-12
22 +0 +0 +0 +1.140762e-12
23 +0 +0 +0 +7.540052e-13
24 +0 +0 +0 -9.213165e-13
25 +0 +0 +0 -2.664915e-13
26 +0 +0 +0 +7.391896e-13
27 +0 +0 +0 +6.620668e-13
28 +0 +0 +0 +4.430041e-13
29 +0 +0 +0 +1.871430e-13
30 +0 +0 +0 -4.148346e-13
31 +0 +0 +0 -5.438213e-13
32 +0 +0 +0 -2.094336e-13
33 +0 +0 +0 -5.763101e-13
34 +0 +0 +0 -1.523802e-13
35 +0 +0 +0 +1.222295e-13
36 +0 +0 +0 +3.609975e-13
37 +0 +0 +0 +7.753116e-13
38 +0 +0 +0 +6.082498e-13
39 +0 +0 +0 +5.809734e-13
40 +0 +0 +0 +4.706067e-13
41 +0 +0 +0 +1.288544e-13
42 +0 +0 +0 +3.030405e-14
43 +0 +0 +0 -1.459279e-13
44 +0 +0 +0 -2.058063e-13
45 +0 +0 +0 -1.137317e-13
46 +0 +0 +0 +4.918362e-14
47 +0 +0 +0 +3.342756e-14
48 +0 +0 +0 -1.017980e-13
49 +0 +0 +0 -4.857052e-14
50 +0 +0 +0 +3.936194e-14
51 +0 +0 +0 +4.939798e-14
52 +0 +0 +0 +4.737096e-14
53 +0 +0 +0 +5.457161e-14
54 +0 +0 +0 +3.792762e-14
55 +0 +0 +0 +3.884742e-14
56 +0 +0 +0 -3.320083e-14
57 +0 +0 +0 +3.419437e-14
58 +0 +0 +0 +2.022503e-13
59 +0 +0 +0 +2.029785e-13
60 +0 +0 +0 +2.296345e-13
61 +0 +0 +0 +2.605331e-13
62 +0 +0 +0 +2.458081e-13
63 +0 +0 +0 +1.539020e-13
