0 +0 +0 +0 +1.254548e-08
1 +0 +0 +0 +2.456319e-08
2 +0 +0 +0 +1.353092e-08
3 +0 +0 +0 +7.950260e-09
4 +0 +0 +0 +5.007693e-09
5 +0 +0 +0 +3.185669e-09
6 +0 +0 +0 +2.048666e-09
7 +0 +0 +0 +1.330163e-09
8 +0 +0 +0 +8.631578e-10
9 +0 +0 +0 +5.780382e-10
10 +0 +0 +0 +3.721586e-10
11 +0 +0 +0 +2.431393e-10
12 +0 +0 +0 +1.646539e-10
13 +0 +0 +0 +1.031830e-10
14 +0 +0 +0 +6.817593e-11
15 +0 +0 +0 +4.447701e-11
16 +0 +0 +0 +2.748139e-11
17 +0 +0 +0 +1.754296e-11
18 +0 +0 +0 +1.461201e-11
19 +0 +0 +0 +1.215728e-11
20 +0 +0 +0 +7.802526e-12
21 +0 +0 +0 +3.603160e-12
22 +0 +0 +0 +1.699745e-12
23 +0 +0 +0 +1.637509e-12
24 +0 +0 +0 +1.211025e-12
25 +0 +0 +0 +1.894133e-13
26 +0 +0 +0 +6.125980e-13
27 +0 +0 +0 +1.984015e-13
28 +0 +0 +0 -5.564256e-14
29 +0 +0 +0 +3.465515e-13
30 +0 +0 +0 +5.266083e-13
31 +0 +0 +0 +1.253264e-12
32 +0 +0 +0 +1.047752e-12
33 +0 +0 +0 +1.475846e-12
34 +0 +0 +0 +7.194474e-13
35 +0 +0 +0 +2.251655e-13
36 +0 +0 +0 -2.787732e-13
37 +0 +0 +0 -3.167158e-14
38 +0 +0 +0 -2.464714e-13
39 +0 +0 +0 -1.592317e-13
40 +0 +0 +0 +1.164845e-13
41 +0 +0 +0 +1.047792e-13
42 +0 +0 +0 +4.127469e-13
43 +0 +0 +0 +1.902958e-13
44 +0 +0 +0 +1.329553e-13
45 +0 +0 +0 +8.225158e-14
46 +0 +0 +0 -9.894409e-14
47 +0 +0 +0 -1.727871e-13
48 +0 +0 +0 -9.894444e-14
49 +0 +0 +0 -6.613860e-15
50 +0 +0 +0 -1.711521e-13
51 +0 +0 +0 -1.824180e-13
52 +0 +0 +0 -9.818974e-14
53 +0 +0 +0 -9.704139e-14
54 +0 +0 +0 -4.229729e-15
55 +0 +0 +0 -1.220844e-14
56 +0 +0 +0 +1.207631e-13
57 +0 +0 +0 +7.396732e-14
58 +0 +0 +0 +2.974069e-14
59 +0 +0 +0 -1.518592e-14
60 +0 +0 +0 +6.806336e-15
61 +0 +0 +0 -9.366290e-14
62 +0 +0 +0 -1.109871e-13
63 +0 +0 +0 -1.731949e-13
