0 +0 +0 +0 +1.405678e-08
1 +0 +0 +0 +2.545462e-08
2 +0 +0 +0 +1.389574e-08
3 +0 +0 +0 +8.272755e-09
4 +0 +0 +0 +5.138550e-09
5 +0 +0 +0 +3.272304e-09
6 +0 +0 +0 +2.162163e-09
7 +0 +0 +0 +1.421125e-09
8 +0 +0 +0 +9.436652e-10
9 +0 +0 +0 +6.268630e-10
10 +0 +0 +0 +4.142759e-10
11 +0 +0 +0 +2.718820e-10
12 +0 +0 +0 +1.769822e-10
13 +0 +0 +0 +1.177797e-10
14 +0 +0 +0 +7.929791e-11
15 +0 +0 +0 +5.112257e-11
16 +0 +0 +0 +3.296554e-11
17 +0 +0 +0 +2.222941e-11
18 +0 +0 +0 +1.362972e-11
19 +0 +0 +0 +8.136669e-12
20 +0 +0 +0 +3.167919e-12
21 +0 +0 +0 +1.427100e-12
22 +0 +0 +0 +6.118440e-13
23 +0 +0 +0 +2.164930e-13
24 +0 +0 +0 +1.224895e-12
25 +0 +0 +0 +1.797010e-12
26 +0 +0 +0 +2.456092e-12
27 +0 +0 +0 +1.247207e-12
28 +0 +0 +0 +1.622545e-12
29 +0 +0 +0 +2.288468e-12
30 +0 +0 +0 +2.113070e-12
31 +0 +0 +0 +1.529327e-12
32 +0 +0 +0 +8.649544e-13
33 +0 +0 +0 +5.718276e-13
34 +0 +0 +0 +5.307445e-13
35 +0 +0 +0 +6.262090e-13
36 +0 +0 +0 +2.169002e-13
37 +0 +0 +0 +2.218722e-13
38 +0 +0 +0 +4.258069e-13
39 +0 +0 +0 -1.522083e-14
40 +0 +0 +0 +6.439433e-14
41 +0 +0 +0 -2.380686e-13
42 +0 +0 +0 -3.581608e-13
43 +0 +0 +0 -6.458673e-13
44 +0 +0 +0 -4.389110e-13
45 +0 +0 +0 -3.155857e-13
46 +0 +0 +0 -2.835691e-13
47 +0 +0 +0 -3.103277e-14
48 +0 +0 +0 +3.961230e-14
49 +0 +0 +0 +1.541413e-13
50 +0 +0 +0 +2.598765e-14
51 +0 +0 +0 +7.262266e-14
52 +0 +0 +0 +1.021801e-13
53 +0 +0 +0 +8.993125e-14
54 +0 +0 +0 +7.132028e-14
55 +0 +0 +0 +6.632433e-14
56 +0 +0 +0 +3.451640e-14
57 +0 +0 +0 -9.585379e-15
58 +0 +0 +0 +7.344870e-15
59 +0 +0 +0 -1.992426e-14
60 +0 +0 +0 -8.475835e-14
61 +0 +0 +0 -3.879411e-14
62 +0 +0 +0 -7.725593e-14
63 +0 +0 +0 -5.478523e-14
