0 +0 +0 +0 +1.327972e-08
1 +0 +0 +0 +2.477773e-08
2 +0 +0 +0 +1.354919e-08
3 +0 +0 +0 +7.992833e-09
4 +0 +0 +0 +4.975513e-09
5 +0 +0 +0 +3.157278e-09
6 +0 +0 +0 +2.081234e-09
7 +0 +0 +0 +1.340509e-09
8 +0 +0 +0 +8.832138e-10
9 +0 +0 +0 +5.976058e-10
10 +0 +0 +0 +3.836937e-10
11 +0 +0 +0 +2.385563e-10
12 +0 +0 +0 +1.609676e-10
13 +0 +0 +0 +1.108933e-10
14 +0 +0 +0 +6.862010e-11
15 +0 +0 +0 +4.646321e-11
16 +0 +0 +0 +3.415030e-11
17 +0 +0 +0 +2.707618e-11
18 +0 +0 +0 +1.488074e-11
19 +0 +0 +0 +1.066305e-11
20 +0 +0 +0 +6.399587e-12
21 +0 +0 +0 +3.466324e-12
22 +0 +0 +0 +1.435695e-12
23 +0 +0 +0 +2.857097e-12
24 +0 +0 +0 +3.786376e-12
25 +0 +0 +0 +1.935045e-12
26 +0 +0 +0 +1.671280e-12
27 +0 +0 +0 +6.268404e-13
28 +0 +0 +0 +6.442851e-13
29 +0 +0 +0 +4.078675e-13
30 +0 +0 +0 +8.159090e-13
31 +0 +0 +0 +9.448946e-13
32 +0 +0 +0 +4.330368e-13
33 +0 +0 +0 -1.147691e-14
34 +0 +0 +0 +8.648722e-14
35 +0 +0 +0 -4.628623e-13
36 +0 +0 +0 -1.960280e-13
37 +0 +0 +0 -5.369340e-13
38 +0 +0 +0 -3.851848e-13
39 +0 +0 +0 -3.571967e-13
40 +0 +0 +0 -5.938999e-14
41 +0 +0 +0 +9.095519e-14
42 +0 +0 +0 +3.049567e-13
43 +0 +0 +0 +3.291483e-13
44 +0 +0 +0 +2.014264e-13
45 +0 +0 +0 +5.018645e-13
46 +0 +0 +0 +5.534591e-13
47 +0 +0 +0 +5.321983e-13
48 +0 +0 +0 +1.916525e-13
49 +0 +0 +0 +7.660950e-15
50 +0 +0 +0 +5.096714e-14
51 +0 +0 +0 +5.453989e-14
52 +0 +0 +0 +9.656673e-14
53 +0 +0 +0 +9.825659e-15
54 +0 +0 +0 -6.473255e-14
55 +0 +0 +0 -1.230830e-14
56 +0 +0 +0 -1.554334e-13
57 +0 +0 +0 -9.526912e-14
58 +0 +0 +0 -1.630662e-13
59 +0 +0 +0 -1.287358e-13
60 +0 +0 +0 -2.119103e-13
61 +0 +0 +0 -1.706984e-13
62 +0 +0 +0 -7.084935e-14
63 +0 +0 +0 -1.059411e-13
