0 +0 +0 +0 +1.287216e-08
1 +0 +0 +0 +2.455147e-08
2 +0 +0 +0 +1.360458e-08
3 +0 +0 +0 +8.131033e-09
4 +0 +0 +0 +4.928572e-09
5 +0 +0 +0 +3.087373e-09
6 +0 +0 +0 +1.971643e-09
7 +0 +0 +0 +1.312672e-09
8 +0 +0 +0 +8.647288e-10
9 +0 +0 +0 +5.608740e-10
10 +0 +0 +0 +3.817920e-10
11 +0 +0 +0 +2.478268e-10
12 +0 +0 +0 +1.661808e-10
13 +0 +0 +0 +1.074273e-10
14 +0 +0 +0 +7.280931e-11
15 +0 +0 +0 +4.628263e-11
16 +0 +0 +0 +3.126195e-11
17 +0 +0 +0 +1.630949e-11
18 +0 +0 +0 +1.519212e-11
19 +0 +0 +0 +1.101736e-11
20 +0 +0 +0 +6.733738e-12
21 +0 +0 +0 +3.565777e-12
22 +0 +0 +0 +2.744867e-12
23 +0 +0 +0 +2.537875e-12
24 +0 +0 +0 +1.056629e-12
25 +0 +0 +0 -1.659179e-13
26 +0 +0 +0 -5.710279e-13
27 +0 +0 +0 -3.469733e-13
28 +0 +0 +0 +3.987848e-13
29 +0 +0 +0 +1.018950e-12
30 +0 +0 +0 +1.176926e-12
31 +0 +0 +0 +1.127370e-12
32 +0 +0 +0 +9.401316e-13
33 +0 +0 +0 +9.412776e-13
34 +0 +0 +0 +8.371673e-13
35 +0 +0 +0 +8.233454e-13
36 +0 +0 +0 +5.398147e-13
37 +0 +0 +0 +6.182000e-13
38 +0 +0 +0 +5.752179e-13
39 +0 +0 +0 +5.582665e-13
40 +0 +0 +0 +5.440620e-13
41 +0 +0 +0 +2.637495e-13
42 +0 +0 +0 +4.533788e-13
43 +0 +0 +0 +4.187633e-13
44 +0 +0 +0 +2.758736e-13
45 +0 +0 +0 +2.878342e-13
46 +0 +0 +0 +2.243301e-13
47 +0 +0 +0 +1.835013e-13
48 +0 +0 +0 +8.971393e-14
49 +0 +0 +0 -4.082844e-14
50 +0 +0 +0 -7.987511e-14
51 +0 +0 +0 -2.924628e-13
52 +0 +0 +0 -2.221683e-13
53 +0 +0 +0 -2.627131e-13
54 +0 +0 +0 -7.848747e-14
55 +0 +0 +0 -8.372861e-14
56 +0 +0 +0 -2.103581e-14
57 +0 +0 +0 -5.478750e-14
58 +0 +0 +0 -1.196514e-13
59 +0 +0 +0 -1.360086e-14
60 +0 +0 +0 -1.531696e-14
61 +0 +0 +0 -5.864003e-14
62 +0 +0 +0 -4.263586e-14
63 +0 +0 +0 +5.080635e-15
