0 +0 +0 +0 +1.383170e-08
1 +0 +0 +0 +2.463137e-08
2 +0 +0 +0 +1.408436e-08
3 +0 +0 +0 +8.207966e-09
4 +0 +0 +0 +4.977659e-09
5 +0 +0 +0 +3.248667e-09
6 +0 +0 +0 +2.110200e-09
7 +0 +0 +0 +1.385477e-09
8 +0 +0 +0 +9.028636e-10
9 +0 +0 +0 +5.966054e-10
10 +0 +0 +0 +4.005228e-10
11 +0 +0 +0 +2.676943e-10
12 +0 +0 +0 +1.737515e-10
13 +0 +0 +0 +1.132392e-10
14 +0 +0 +0 +7.534620e-11
15 +0 +0 +0 +4.474756e-11
16 +0 +0 +0 +2.788199e-11
17 +0 +0 +0 +1.899557e-11
18 +0 +0 +0 +1.631163e-11
19 +0 +0 +0 +1.237834e-11
20 +0 +0 +0 +1.048398e-11
21 +0 +0 +0 +6.759523e-12
22 +0 +0 +0 +4.082814e-12
23 +0 +0 +0 +6.310015e-13
24 +0 +0 +0 -1.421982e-13
25 +0 +0 +0 +6.558579e-14
26 +0 +0 +0 -8.513601e-13
27 +0 +0 +0 +1.154670e-13
28 +0 +0 +0 -1.197902e-13
29 +0 +0 +0 +5.232566e-13
30 +0 +0 +0 +4.156518e-13
31 +0 +0 +0 +7.962019e-13
32 +0 +0 +0 +7.857500e-13
33 +0 +0 +0 +1.006564e-13
34 +0 +0 +0 +4.913053e-13
35 +0 +0 +0 +7.961680e-13
36 +0 +0 +0 +5.106072e-13
37 +0 +0 +0 +6.045814e-13
38 +0 +0 +0 +5.089330e-13
39 +0 +0 +0 +1.485721e-13
40 +0 +0 +0 +2.343428e-13
41 +0 +0 +0 +2.188763e-13
42 +0 +0 +0 -9.054363e-15
43 +0 +0 +0 +1.637564e-16
44 +0 +0 +0 +3.398017e-15
45 +0 +0 +0 +7.777127e-14
46 +0 +0 +0 -3.190008e-14
47 +0 +0 +0 -3.534742e-15
48 +0 +0 +0 -3.988699e-15
49 +0 +0 +0 +6.902716e-14
50 +0 +0 +0 +6.534633e-14
51 +0 +0 +0 +1.380523e-13
52 +0 +0 +0 +5.240605e-14
53 +0 +0 +0 +6.256282e-14
54 +0 +0 +0 +1.094795e-13
55 +0 +0 +0 +8.931089e-14
56 +0 +0 +0 +7.267498e-14
57 +0 +0 +0 +1.022963e-13
58 +0 +0 +0 +5.565373e-14
59 +0 +0 +0 +2.159779e-14
60 +0 +0 +0 +2.117060e-14
61 +0 +0 +0 -4.061851e-15
62 +0 +0 +0 -1.535569e-14
63 +0 +0 +0 +6.826908e-14
