0 +0 +0 +0 +1.343124e-08
1 +0 +0 +0 +2.417951e-08
2 +0 +0 +0 +1.349249e-08
3 +0 +0 +0 +7.920216e-09
4 +0 +0 +0 +4.924748e-09
5 +0 +0 +0 +3.170857e-09
6 +0 +0 +0 +2.047290e-09
7 +0 +0 +0 +1.354144e-09
8 +0 +0 +0 +8.938207e-10
9 +0 +0 +0 +6.228185e-10
10 +0 +0 +0 +4.177173e-10
11 +0 +0 +0 +2.865204e-10
12 +0 +0 +0 +1.958710e-10
13 +0 +0 +0 +1.299479e-10
14 +0 +0 +0 +9.327172e-11
15 +0 +0 +0 +6.049795e-11
16 +0 +0 +0 +4.411876e-11
17 +0 +0 +0 +2.716835e-11
18 +0 +0 +0 +1.630492e-11
19 +0 +0 +0 +1.295069e-11
20 +0 +0 +0 +7.982472e-12
21 +0 +0 +0 +6.751411e-12
22 +0 +0 +0 +5.613713e-12
23 +0 +0 +0 +4.961525e-12
24 +0 +0 +0 +3.912885e-12
25 +0 +0 +0 +1.933239e-12
26 +0 +0 +0 +1.606208e-12
27 +0 +0 +0 +1.621743e-12
28 +0 +0 +0 +7.113661e-13
29 +0 +0 +0 +3.915839e-13
30 +0 +0 +0 +7.613487e-13
31 +0 +0 +0 +5.866927e-13
32 +0 +0 +0 -1.011101e-13
33 +0 +0 +0 +9.043992e-14
34 +0 +0 +0 +2.983762e-13
35 +0 +0 +0 -1.060597e-13
36 +0 +0 +0 +4.246821e-14
37 +0 +0 +0 +2.784741e-13
38 +0 +0 +0 +2.960627e-14
39 +0 +0 +0 -2.771054e-14
40 +0 +0 +0 -1.308300e-13
41 +0 +0 +0 +1.165017e-13
42 +0 +0 +0 -3.913691e-13
43 +0 +0 +0 -2.842170e-13
44 +0 +0 +0 -3.061904e-13
45 +0 +0 +0 +2.044141e-15
46 +0 +0 +0 +1.592950e-13
47 +0 +0 +0 -1.281147e-13
48 +0 +0 +0 -5.682110e-14
49 +0 +0 +0 +4.662128e-14
50 +0 +0 +0 +3.779770e-13
51 +0 +0 +0 +3.660991e-13
52 +0 +0 +0 +2.906706e-13
53 +0 +0 +0 +2.673275e-13
54 +0 +0 +0 +1.638122e-13
55 +0 +0 +0 +1.006242e-13
56 +0 +0 +0 -2.883316e-14
57 +0 +0 +0 -7.076968e-15
58 +0 +0 +0 +1.947376e-14
59 +0 +0 +0 +5.286450e-15
60 +0 +0 +0 +4.026186e-14
61 +0 +0 +0 +7.269293e-14
62 +0 +0 +0 +8.368940e-14
63 +0 +0 +0 +7.302762e-14
