0 +0 +0 +0 +1.363490e-08
1 +0 +0 +0 +2.478041e-08
2 +0 +0 +0 +1.374381e-08
3 +0 +0 +0 +8.114704e-09
4 +0 +0 +0 +5.063319e-09
5 +0 +0 +0 +3.272626e-09
6 +0 +0 +0 +2.084614e-09
7 +0 +0 +0 +1.337972e-09
8 +0 +0 +0 +8.985993e-10
9 +0 +0 +0 +6.016604e-10
10 +0 +0 +0 +3.985272e-10
11 +0 +0 +0 +2.645541e-10
12 +0 +0 +0 +1.790609e-10
13 +0 +0 +0 +1.268246e-10
14 +0 +0 +0 +8.165010e-11
15 +0 +0 +0 +5.385963e-11
16 +0 +0 +0 +3.589917e-11
17 +0 +0 +0 +2.405985e-11
18 +0 +0 +0 +1.704307e-11
19 +0 +0 +0 +1.086173e-11
20 +0 +0 +0 +6.957321e-12
21 +0 +0 +0 +4.017152e-12
22 +0 +0 +0 +2.762439e-12
23 +0 +0 +0 +1.915923e-12
24 +0 +0 +0 +4.534302e-13
25 +0 +0 +0 +1.086325e-12
26 +0 +0 +0 +1.255492e-12
27 +0 +0 +0 +3.881192e-13
28 +0 +0 +0 +1.839436e-13
29 +0 +0 +0 +5.689523e-13
30 +0 +0 +0 +2.809163e-13
31 +0 +0 +0 +5.533569e-13
32 +0 +0 +0 +6.930428e-13
33 +0 +0 +0 -2.898808e-13
34 +0 +0 +0 -8.407481e-13
35 +0 +0 +0 -5.656022e-13
36 +0 +0 +0 -4.429473e-13
37 +0 +0 +0 -5.952564e-13
38 +0 +0 +0 -1.854365e-13
39 +0 +0 +0 +1.055335e-13
40 +0 +0 +0 +4.421975e-13
41 +0 +0 +0 +3.378555e-13
42 +0 +0 +0 +1.914478e-13
43 +0 +0 +0 +1.477779e-13
44 +0 +0 +0 +2.335698e-13
45 +0 +0 +0 +1.394183e-13
46 +0 +0 +0 +1.706703e-13
47 +0 +0 +0 +1.915471e-13
48 +0 +0 +0 +1.461381e-13
49 +0 +0 +0 +2.628874e-13
50 +0 +0 +0 +6.233549e-14
51 +0 +0 +0 +8.527691e-15
52 +0 +0 +0 -1.388624e-13
53 +0 +0 +0 -1.641098e-13
54 +0 +0 +0 +2.534627e-14
55 +0 +0 +0 -1.304319e-13
56 +0 +0 +0 -1.543162e-13
57 +0 +0 +0 -1.542275e-13
58 +0 +0 +0 -8.625880e-14
59 +0 +0 +0 +5.640903e-15
60 +0 +0 +0 +5.026513e-14
61 +0 +0 +0 +1.504513e-13
62 +0 +0 +0 +1.664678e-13
63 +0 +0 +0 +1.393430e-13
