0 +0 +0 +0 +1.363438e-08
1 +0 +0 +0 +2.523063e-08
2 +0 +0 +0 +1.404761e-08
3 +0 +0 +0 +8.097784e-09
4 +0 +0 +0 +5.003531e-09
5 +0 +0 +0 +3.266282e-09
6 +0 +0 +0 +2.126940e-09
7 +0 +0 +0 +1.370648e-09
8 +0 +0 +0 +9.204760e-10
9 +0 +0 +0 +5.954814e-10
10 +0 +0 +0 +3.974853e-10
11 +0 +0 +0 +2.658815e-10
12 +0 +0 +0 +1.807502e-10
13 +0 +0 +0 +1.261226e-10
14 +0 +0 +0 +8.497602e-11
15 +0 +0 +0 +5.729706e-11
16 +0 +0 +0 +3.731055e-11
17 +0 +0 +0 +2.140625e-11
18 +0 +0 +0 +1.357246e-11
19 +0 +0 +0 +1.013847e-11
20 +0 +0 +0 +5.147925e-12
21 +0 +0 +0 +4.146063e-12
22 +0 +0 +0 +1.888904e-12
23 +0 +0 +0 +8.073753e-13
24 +0 +0 +0 +1.919360e-12
25 +0 +0 +0 +1.653791e-12
26 +0 +0 +0 +2.008477e-12
27 +0 +0 +0 +2.195876e-12
28 +0 +0 +0 +1.354752e-12
29 +0 +0 +0 +1.307255e-12
30 +0 +0 +0 +1.476787e-12
31 +0 +0 +0 +8.738156e-13
32 +0 +0 +0 +8.349381e-13
33 +0 +0 +0 +5.234304e-13
34 +0 +0 +0 +6.203050e-13
35 +0 +0 +0 +7.371188e-13
36 +0 +0 +0 +2.586392e-13
37 +0 +0 +0 -1.449254e-13
38 +0 +0 +0 +4.031782e-14
39 +0 +0 +0 +3.879219e-14
40 +0 +0 +0 -7.562405e-14
41 +0 +0 +0 -7.569341e-14
42 +0 +0 +0 -9.122891e-14
43 +0 +0 +0 +3.112317e-14
44 +0 +0 +0 -1.536433e-13
45 +0 +0 +0 -2.477925e-14
46 +0 +0 +0 -1.822870e-13
47 +0 +0 +0 -2.006952e-13
48 +0 +0 +0 -1.990354e-13
49 +0 +0 +0 -1.133050e-13
50 +0 +0 +0 -9.935476e-14
51 +0 +0 +0 +1.366044e-13
52 +0 +0 +0 +3.438959e-14
53 +0 +0 +0 -3.850076e-14
54 +0 +0 +0 +3.450047e-14
55 +0 +0 +0 +1.054160e-14
56 +0 +0 +0 +5.182019e-14
57 +0 +0 +0 -4.787950e-14
58 +0 +0 +0 +3.713094e-14
59 +0 +0 +0 +2.372978e-14
60 +0 +0 +0 +4.242280e-14
61 +0 +0 +0 +2.582379e-14
62 +0 +0 +0 -3.151004e-14
63 +0 +0 +0 -1.555486e-14
