0 +0 +0 +0 +1.354878e-08
1 +0 +0 +0 +2.447083e-08
2 +0 +0 +0 +1.337899e-08
3 +0 +0 +0 +7.774053e-09
4 +0 +0 +0 +4.867024e-09
5 +0 +0 +0 +3.072076e-09
6 +0 +0 +0 +1.987625e-09
7 +0 +0 +0 +1.306199e-09
8 +0 +0 +0 +8.794870e-10
9 +0 +0 +0 +5.974375e-10
10 +0 +0 +0 +3.901450e-10
11 +0 +0 +0 +2.639413e-10
12 +0 +0 +0 +1.743442e-10
13 +0 +0 +0 +1.150166e-10
14 +0 +0 +0 +7.667283e-11
15 +0 +0 +0 +5.315763e-11
16 +0 +0 +0 +3.486613e-11
17 +0 +0 +0 +2.371151e-11
18 +0 +0 +0 +1.484432e-11
19 +0 +0 +0 +1.006124e-11
20 +0 +0 +0 +6.558457e-12
21 +0 +0 +0 +5.650211e-12
22 +0 +0 +0 +4.677443e-12
23 +0 +0 +0 +3.474899e-12
24 +0 +0 +0 +2.380426e-12
25 +0 +0 +0 +1.205835e-12
26 +0 +0 +0 +4.485069e-13
27 +0 +0 +0 +5.952537e-13
28 +0 +0 +0 +8.473281e-13
29 +0 +0 +0 -3.848187e-14
30 +0 +0 +0 +1.325796e-14
31 +0 +0 +0 -3.788724e-13
32 +0 +0 +0 +3.601939e-13
33 +0 +0 +0 +5.602316e-13
34 +0 +0 +0 +3.899027e-13
35 +0 +0 +0 +3.607525e-13
36 +0 +0 +0 -3.463641e-13
37 +0 +0 +0 -5.759453e-13
38 +0 +0 +0 -8.104999e-13
39 +0 +0 +0 -3.343974e-13
40 +0 +0 +0 -3.755970e-13
41 +0 +0 +0 -1.929424e-13
42 +0 +0 +0 -1.564603e-13
43 +0 +0 +0 -1.295460e-13
44 +0 +0 +0 +1.821576e-15
45 +0 +0 +0 -4.826122e-14
46 +0 +0 +0 -2.161698e-13
47 +0 +0 +0 -4.368872e-13
48 +0 +0 +0 -1.667783e-13
49 +0 +0 +0 -3.404508e-14
50 +0 +0 +0 +3.148513e-14
51 +0 +0 +0 +1.471119e-13
52 +0 +0 +0 +1.970808e-13
53 +0 +0 +0 +1.581531e-13
54 +0 +0 +0 +1.856946e-13
55 +0 +0 +0 +1.285672e-13
56 +0 +0 +0 +1.583649e-13
57 +0 +0 +0 +7.581757e-14
58 +0 +0 +0 +1.160070e-13
59 +0 +0 +0 +6.662478e-14
60 +0 +0 +0 -7.993763e-14
61 +0 +0 +0 -1.195845e-13
62 +0 +0 +0 +2.383063e-15
63 +0 +0 +0 -2.502692e-14
