0 +0 +0 +0 +1.290977e-08
1 +0 +0 +0 +2.296811e-08
2 +0 +0 +0 +1.288566e-08
3 +0 +0 +0 +7.651052e-09
4 +0 +0 +0 +4.749905e-09
5 +0 +0 +0 +3.118722e-09
6 +0 +0 +0 +1.980740e-09
7 +0 +0 +0 +1.288169e-09
8 +0 +0 +0 +8.712347e-10
9 +0 +0 +0 +5.838890e-10
10 +0 +0 +0 +3.858694e-10
11 +0 +0 +0 +2.676174e-10
12 +0 +0 +0 +1.868536e-10
13 +0 +0 +0 +1.342616e-10
14 +0 +0 +0 +9.002934e-11
15 +0 +0 +0 +6.186126e-11
16 +0 +0 +0 +4.247087e-11
17 +0 +0 +0 +2.957290e-11
18 +0 +0 +0 +2.068317e-11
19 +0 +0 +0 +1.527337e-11
20 +0 +0 +0 +8.511095e-12
21 +0 +0 +0 +7.084092e-12
22 +0 +0 +0 +3.995178e-12
23 +0 +0 +0 +2.621492e-12
24 +0 +0 +0 +2.562379e-12
25 +0 +0 +0 +1.143976e-12
26 +0 +0 +0 +1.491311e-13
27 +0 +0 +0 +3.787267e-13
28 +0 +0 +0 +1.931196e-13
29 +0 +0 +0 -4.711729e-13
30 +0 +0 +0 -7.115707e-13
31 +0 +0 +0 -1.566723e-13
32 +0 +0 +0 +3.796873e-13
33 +0 +0 +0 +6.510107e-13
34 +0 +0 +0 +6.427618e-13
35 +0 +0 +0 +6.482580e-13
36 +0 +0 +0 +6.676976e-13
37 +0 +0 +0 +6.114629e-13
38 +0 +0 +0 +4.270177e-13
39 +0 +0 +0 +6.171987e-13
40 +0 +0 +0 +6.101542e-13
41 +0 +0 +0 +6.608678e-13
42 +0 +0 +0 +2.039585e-13
43 +0 +0 +0 -4.250863e-14
44 +0 +0 +0 -9.413173e-14
45 +0 +0 +0 +6.269635e-14
46 +0 +0 +0 -1.304431e-20
47 +0 +0 +0 +4.385881e-14
48 +0 +0 +0 +1.421973e-13
49 +0 +0 +0 +5.831764e-14
50 +0 +0 +0 +1.715114e-13
51 +0 +0 +0 +1.895829e-13
52 +0 +0 +0 +1.599804e-13
53 +0 +0 +0 +1.905758e-13
54 +0 +0 +0 +1.800483e-13
55 +0 +0 +0 +8.047084e-14
56 +0 +0 +0 +1.405875e-13
57 +0 +0 +0 +4.357004e-14
58 +0 +0 +0 +1.074794e-13
59 +0 +0 +0 +6.053938e-14
60 +0 +0 +0 +7.538106e-15
61 +0 +0 +0 +4.710857e-14
62 +0 +0 +0 +9.180545e-15
63 +0 +0 +0 -2.169205e-14
