0 +0 +0 +0 +1.306306e-08
1 +0 +0 +0 +2.429855e-08
2 +0 +0 +0 +1.327160e-08
3 +0 +0 +0 +7.852581e-09
4 +0 +0 +0 +4.865957e-09
5 +0 +0 +0 +3.130977e-09
6 +0 +0 +0 +2.010473e-09
7 +0 +0 +0 +1.292501e-09
8 +0 +0 +0 +8.748454e-10
9 +0 +0 +0 +5.880276e-10
10 +0 +0 +0 +3.813812e-10
11 +0 +0 +0 +2.645954e-10
12 +0 +0 +0 +1.784634e-10
13 +0 +0 +0 +1.181936e-10
14 +0 +0 +0 +8.249367e-11
15 +0 +0 +0 +6.102112e-11
16 +0 +0 +0 +3.807986e-11
17 +0 +0 +0 +2.422322e-11
18 +0 +0 +0 +1.580338e-11
19 +0 +0 +0 +1.239968e-11
20 +0 +0 +0 +6.871744e-12
21 +0 +0 +0 +4.620475e-12
22 +0 +0 +0 +4.029068e-12
23 +0 +0 +0 +2.946689e-12
24 +0 +0 +0 +3.074983e-12
25 +0 +0 +0 +1.862862e-12
26 +0 +0 +0 +9.968667e-13
27 +0 +0 +0 -2.874340e-13
28 +0 +0 +0 -1.006209e-12
29 +0 +0 +0 -5.308350e-13
30 +0 +0 +0 -5.864898e-13
31 +0 +0 +0 -5.335091e-13
32 +0 +0 +0 +4.095489e-14
33 +0 +0 +0 +2.029443e-13
34 +0 +0 +0 -1.471111e-13
35 +0 +0 +0 -8.176563e-15
36 +0 +0 +0 -1.788188e-13
37 +0 +0 +0 +2.446229e-14
38 +0 +0 +0 -4.777667e-14
39 +0 +0 +0 +3.877342e-13
40 +0 +0 +0 +4.453537e-13
41 +0 +0 +0 +5.402513e-13
42 +0 +0 +0 +6.418277e-13
43 +0 +0 +0 +3.735101e-13
44 +0 +0 +0 +3.960927e-13
45 +0 +0 +0 +5.719505e-13
46 +0 +0 +0 +2.345368e-13
47 +0 +0 +0 +2.118881e-13
48 +0 +0 +0 +2.880547e-13
49 +0 +0 +0 +3.577958e-13
50 +0 +0 +0 +3.894198e-13
51 +0 +0 +0 +2.027712e-13
52 +0 +0 +0 +2.187592e-13
53 +0 +0 +0 +1.777081e-13
54 +0 +0 +0 +8.999515e-14
55 +0 +0 +0 +4.959782e-14
56 +0 +0 +0 +7.173643e-14
57 +0 +0 +0 +6.259961e-14
58 +0 +0 +0 +9.991154e-14
59 +0 +0 +0 +1.113892e-13
60 +0 +0 +0 +1.058945e-13
61 +0 +0 +0 +1.683950e-13
62 +0 +0 +0 +2.578755e-13
63 +0 +0 +0 +2.160026e-13
