0 +0 +0 +0 +1.341357e-08
1 +0 +0 +0 +2.460855e-08
2 +0 +0 +0 +1.323859e-08
3 +0 +0 +0 +7.748541e-09
4 +0 +0 +0 +4.887449e-09
5 +0 +0 +0 +3.131667e-09
6 +0 +0 +0 +1.973806e-09
7 +0 +0 +0 +1.308858e-09
8 +0 +0 +0 +8.730118e-10
9 +0 +0 +0 +5.751808e-10
10 +0 +0 +0 +3.980042e-10
11 +0 +0 +0 +2.778871e-10
12 +0 +0 +0 +1.908332e-10
13 +0 +0 +0 +1.245555e-10
14 +0 +0 +0 +8.346048e-11
15 +0 +0 +0 +5.113440e-11
16 +0 +0 +0 +3.508065e-11
17 +0 +0 +0 +2.242071e-11
18 +0 +0 +0 +1.464160e-11
19 +0 +0 +0 +8.735808e-12
20 +0 +0 +0 +1.970028e-12
21 +0 +0 +0 +1.245117e-12
22 +0 +0 +0 +1.078941e-12
23 +0 +0 +0 +7.355510e-13
24 +0 +0 +0 +5.258998e-14
25 +0 +0 +0 -4.514316e-13
26 +0 +0 +0 -2.166778e-13
27 +0 +0 +0 -5.848382e-13
28 +0 +0 +0 -8.835559e-14
29 +0 +0 +0 +5.973476e-14
30 +0 +0 +0 +9.150445e-13
31 +0 +0 +0 +1.018185e-12
32 +0 +0 +0 +1.307158e-12
33 +0 +0 +0 +9.007195e-13
34 +0 +0 +0 +7.441855e-13
35 +0 +0 +0 +3.190573e-13
36 +0 +0 +0 +1.369431e-13
37 +0 +0 +0 +2.240972e-13
38 +0 +0 +0 +3.644023e-13
39 +0 +0 +0 +1.118826e-13
40 +0 +0 +0 +2.422388e-13
41 +0 +0 +0 +5.642288e-14
42 +0 +0 +0 -1.345427e-13
43 +0 +0 +0 -2.686418e-13
44 +0 +0 +0 -6.607603e-14
45 +0 +0 +0 -2.015691e-13
46 +0 +0 +0 -3.016355e-15
47 +0 +0 +0 +1.342577e-13
48 +0 +0 +0 +1.973001e-14
49 +0 +0 +0 +5.484562e-14
50 +0 +0 +0 +2.083263e-14
51 +0 +0 +0 -1.172266e-13
52 +0 +0 +0 -1.011807e-13
53 +0 +0 +0 -1.100394e-13
54 +0 +0 +0 +9.851798e-16
55 +0 +0 +0 +3.161091e-14
56 +0 +0 +0 +5.361224e-14
57 +0 +0 +0 +6.642975e-14
58 +0 +0 +0 +1.426455e-13
59 +0 +0 +0 +2.979256e-14
60 +0 +0 +0 +4.046039e-14
61 +0 +0 +0 -2.949971e-14
62 +0 +0 +0 -9.128439e-14
63 +0 +0 +0 -1.106934e-14
