0 +0 +0 +0 +1.228529e-08
1 +0 +0 +0 +2.414903e-08
2 +0 +0 +0 +1.345396e-08
3 +0 +0 +0 +7.850834e-09
4 +0 +0 +0 +4.944562e-09
5 +0 +0 +0 +3.075683e-09
6 +0 +0 +0 +2.026960e-09
7 +0 +0 +0 +1.354639e-09
8 +0 +0 +0 +8.917604e-10
9 +0 +0 +0 +5.849806e-10
10 +0 +0 +0 +3.862975e-10
11 +0 +0 +0 +2.581741e-10
12 +0 +0 +0 +1.695064e-10
13 +0 +0 +0 +1.118374e-10
14 +0 +0 +0 +7.997275e-11
15 +0 +0 +0 +5.163386e-11
16 +0 +0 +0 +3.163933e-11
17 +0 +0 +0 +2.274964e-11
18 +0 +0 +0 +1.403441e-11
19 +0 +0 +0 +8.583400e-12
20 +0 +0 +0 +5.124302e-12
21 +0 +0 +0 +2.900595e-12
22 +0 +0 +0 +2.126414e-12
23 +0 +0 +0 +1.957317e-12
24 +0 +0 +0 +1.044013e-12
25 +0 +0 +0 -8.757806e-13
26 +0 +0 +0 +7.620983e-13
27 +0 +0 +0 +5.803012e-13
28 +0 +0 +0 -9.704435e-13
29 +0 +0 +0 -9.954255e-13
30 +0 +0 +0 -9.562253e-13
31 +0 +0 +0 -5.267224e-14
32 +0 +0 +0 -7.889531e-13
33 +0 +0 +0 -7.443040e-13
34 +0 +0 +0 -5.741749e-13
35 +0 +0 +0 -6.145283e-13
36 +0 +0 +0 -4.200030e-13
37 +0 +0 +0 -2.530730e-13
38 +0 +0 +0 -9.634812e-15
39 +0 +0 +0 -5.828906e-14
40 +0 +0 +0 +1.541055e-13
41 +0 +0 +0 +2.068139e-13
42 +0 +0 +0 +2.215456e-13
43 +0 +0 +0 +2.130653e-13
44 +0 +0 +0 +2.061231e-13
45 +0 +0 +0 +1.309444e-13
46 +0 +0 +0 +4.750814e-14
47 +0 +0 +0 +1.378851e-13
48 +0 +0 +0 +1.048467e-13
49 +0 +0 +0 +5.177498e-14
50 +0 +0 +0 +9.842515e-14
51 +0 +0 +0 +1.274307e-13
52 +0 +0 +0 +8.635586e-14
53 +0 +0 +0 -7.608587e-14
54 +0 +0 +0 +4.761510e-15
55 +0 +0 +0 +1.921334e-14
56 +0 +0 +0 -3.605601e-15
57 +0 +0 +0 -2.052623e-14
58 +0 +0 +0 -4.091030e-14
59 +0 +0 +0 -3.105575e-14
60 +0 +0 +0 -1.098937e-13
61 +0 +0 +0 -6.568823e-14
62 +0 +0 +0 -7.410569e-14
63 +0 +0 +0 -7.671506e-14
