0 +0 +0 +0 +1.401460e-08
1 +0 +0 +0 +2.514511e-08
2 +0 +0 +0 +1.389008e-08
3 +0 +0 +0 +8.146657e-09
4 +0 +0 +0 +5.088047e-09
5 +0 +0 +0 +3.136378e-09
6 +0 +0 +0 +2.070451e-09
7 +0 +0 +0 +1.341174e-09
8 +0 +0 +0 +9.324028e-10
9 +0 +0 +0 +6.243158e-10
10 +0 +0 +0 +4.164631e-10
11 +0 +0 +0 +2.784816e-10
12 +0 +0 +0 +1.862134e-10
13 +0 +0 +0 +1.264705e-10
14 +0 +0 +0 +8.951459e-11
15 +0 +0 +0 +5.800778e-11
16 +0 +0 +0 +3.944344e-11
17 +0 +0 +0 +2.486863e-11
18 +0 +0 +0 +1.836899e-11
19 +0 +0 +0 +1.035765e-11
20 +0 +0 +0 +4.959706e-12
21 +0 +0 +0 +4.008390e-13
22 +0 +0 +0 +2.152105e-13
23 +0 +0 +0 -1.010050e-12
24 +0 +0 +0 -1.125425e-12
25 +0 +0 +0 -1.634385e-12
26 +0 +0 +0 -6.033422e-13
27 +0 +0 +0 -6.275943e-13
28 +0 +0 +0 -2.610327e-13
29 +0 +0 +0 -6.124194e-13
30 +0 +0 +0 -8.266118e-14
31 +0 +0 +0 +4.754940e-13
32 +0 +0 +0 +8.372285e-13
33 +0 +0 +0 +1.039717e-12
34 +0 +0 +0 +7.075099e-13
35 +0 +0 +0 +1.324914e-13
36 +0 +0 +0 -4.059577e-13
37 +0 +0 +0 -3.424129e-13
38 +0 +0 +0 -5.661946e-13
39 +0 +0 +0 -7.301960e-13
40 +0 +0 +0 -4.500133e-13
41 +0 +0 +0 -3.650197e-13
42 +0 +0 +0 -2.937403e-13
43 +0 +0 +0 -3.607878e-13
44 +0 +0 +0 -2.702003e-13
45 +0 +0 +0 -1.293372e-13
46 +0 +0 +0 +3.168919e-14
47 +0 +0 +0 +6.193846e-16
48 +0 +0 +0 -2.954888e-13
49 +0 +0 +0 -8.356859e-14
50 +0 +0 +0 -2.638212e-13
51 +0 +0 +0 -3.123389e-13
52 +0 +0 +0 +1.187554e-14
53 +0 +0 +0 -4.636024e-14
54 +0 +0 +0 +3.101334e-14
55 +0 +0 +0 -1.821169e-14
56 +0 +0 +0 +4.373130e-15
57 +0 +0 +0 -9.398945e-14
58 +0 +0 +0 -1.196207e-13
59 +0 +0 +0 -6.944770e-14
60 +0 +0 +0 -7.036397e-14
61 +0 +0 +0 -1.455751e-13
62 +0 +0 +0 -2.454805e-13
63 +0 +0 +0 -2.221687e-13
