0 +0 +0 +0 +1.282193e-08
1 +0 +0 +0 +2.381389e-08
2 +0 +0 +0 +1.336039e-08
3 +0 +0 +0 +7.852479e-09
4 +0 +0 +0 +4.818814e-09
5 +0 +0 +0 +3.045157e-09
6 +0 +0 +0 +1.940871e-09
7 +0 +0 +0 +1.291085e-09
8 +0 +0 +0 +8.597371e-10
9 +0 +0 +0 +5.852831e-10
10 +0 +0 +0 +3.728055e-10
11 +0 +0 +0 +2.507330e-10
12 +0 +0 +0 +1.641610e-10
13 +0 +0 +0 +1.121829e-10
14 +0 +0 +0 +7.305140e-11
15 +0 +0 +0 +4.646999e-11
16 +0 +0 +0 +3.314129e-11
17 +0 +0 +0 +1.879933e-11
18 +0 +0 +0 +1.501504e-11
19 +0 +0 +0 +1.084933e-11
20 +0 +0 +0 +8.705660e-12
21 +0 +0 +0 +5.483005e-12
22 +0 +0 +0 +3.641887e-12
23 +0 +0 +0 +1.756485e-12
24 +0 +0 +0 +9.253030e-13
25 +0 +0 +0 -2.250512e-13
26 +0 +0 +0 -8.806006e-13
27 +0 +0 +0 -1.669017e-13
28 +0 +0 +0 +1.446375e-13
29 +0 +0 +0 -3.164576e-13
30 +0 +0 +0 -2.453057e-13
31 +0 +0 +0 -3.612724e-13
32 +0 +0 +0 +5.093417e-14
33 +0 +0 +0 +3.695272e-13
34 +0 +0 +0 +7.465630e-14
35 +0 +0 +0 -2.165622e-14
36 +0 +0 +0 -3.736937e-13
37 +0 +0 +0 -1.805824e-13
38 +0 +0 +0 -3.071027e-13
39 +0 +0 +0 -2.157373e-13
40 +0 +0 +0 -3.039151e-13
41 +0 +0 +0 -4.604603e-13
42 +0 +0 +0 -2.551222e-13
43 +0 +0 +0 -3.942413e-13
44 +0 +0 +0 -1.765906e-13
45 +0 +0 +0 +5.627909e-14
46 +0 +0 +0 +8.648489e-14
47 +0 +0 +0 +2.011441e-13
48 +0 +0 +0 +6.527050e-14
49 +0 +0 +0 -5.017295e-14
50 +0 +0 +0 -1.844713e-13
51 +0 +0 +0 -1.907455e-13
52 +0 +0 +0 -2.090725e-13
53 +0 +0 +0 -2.066793e-13
54 +0 +0 +0 -1.943900e-13
55 +0 +0 +0 -2.363844e-13
56 +0 +0 +0 -2.258667e-13
57 +0 +0 +0 -1.181854e-13
58 +0 +0 +0 -8.218509e-14
59 +0 +0 +0 -1.650857e-13
60 +0 +0 +0 -1.266295e-13
61 +0 +0 +0 -1.458951e-13
62 +0 +0 +0 -1.727674e-13
63 +0 +0 +0 -8.584641e-14
