0 +0 +0 +0 +1.326872e-08
1 +0 +0 +0 +2.472500e-08
2 +0 +0 +0 +1.374439e-08
3 +0 +0 +0 +8.134396e-09
4 +0 +0 +0 +5.007939e-09
5 +0 +0 +0 +3.132161e-09
6 +0 +0 +0 +2.012509e-09
7 +0 +0 +0 +1.349132e-09
8 +0 +0 +0 +8.942969e-10
9 +0 +0 +0 +6.050464e-10
10 +0 +0 +0 +4.174864e-10
11 +0 +0 +0 +2.721713e-10
12 +0 +0 +0 +1.844981e-10
13 +0 +0 +0 +1.199598e-10
14 +0 +0 +0 +7.864947e-11
15 +0 +0 +0 +5.232711e-11
16 +0 +0 +0 +3.642696e-11
17 +0 +0 +0 +2.600439e-11
18 +0 +0 +0 +1.751509e-11
19 +0 +0 +0 +1.112838e-11
20 +0 +0 +0 +6.432916e-12
21 +0 +0 +0 +1.581347e-12
22 +0 +0 +0 +3.627072e-13
23 +0 +0 +0 +7.508525e-13
24 +0 +0 +0 +2.148129e-12
25 +0 +0 +0 +2.578574e-12
26 +0 +0 +0 +2.802178e-12
27 +0 +0 +0 +8.572886e-13
28 +0 +0 +0 +1.847646e-13
29 +0 +0 +0 -3.831775e-13
30 +0 +0 +0 -4.829312e-13
31 +0 +0 +0 +4.182099e-13
32 +0 +0 +0 +3.104832e-13
33 +0 +0 +0 +3.229089e-13
34 +0 +0 +0 +1.208281e-13
35 +0 +0 +0 +5.260722e-13
36 +0 +0 +0 +8.725190e-13
37 +0 +0 +0 +5.900180e-13
38 +0 +0 +0 +3.734511e-13
39 +0 +0 +0 +2.477949e-13
40 +0 +0 +0 +1.230758e-13
41 +0 +0 +0 +1.274398e-13
42 +0 +0 +0 -1.042390e-13
43 +0 +0 +0 -2.409763e-13
44 +0 +0 +0 -3.378983e-13
45 +0 +0 +0 -2.503503e-13
46 +0 +0 +0 -1.794379e-13
47 +0 +0 +0 -4.154751e-13
48 +0 +0 +0 -3.316927e-13
49 +0 +0 +0 -2.316929e-13
50 +0 +0 +0 -1.549411e-13
51 +0 +0 +0 +5.766142e-15
52 +0 +0 +0 +4.982041e-14
53 +0 +0 +0 +2.503806e-14
54 +0 +0 +0 +6.928069e-14
55 +0 +0 +0 +6.125637e-14
56 +0 +0 +0 -4.150773e-14
57 +0 +0 +0 -1.607225e-13
58 +0 +0 +0 -1.098903e-13
59 +0 +0 +0 -1.543526e-13
60 +0 +0 +0 -1.895631e-13
61 +0 +0 +0 -1.418414e-13
62 +0 +0 +0 -3.596354e-14
63 +0 +0 +0 -1.005049e-13
