0 +0 +0 +0 +1.254475e-08
1 +0 +0 +0 +2.379878e-08
2 +0 +0 +0 +1.337990e-08
3 +0 +0 +0 +7.858508e-09
4 +0 +0 +0 +4.772641e-09
5 +0 +0 +0 +3.051347e-09
6 +0 +0 +0 +1.967418e-09
7 +0 +0 +0 +1.316973e-09
8 +0 +0 +0 +8.767644e-10
9 +0 +0 +0 +5.662096e-10
10 +0 +0 +0 +3.840447e-10
11 +0 +0 +0 +2.609953e-10
12 +0 +0 +0 +1.779593e-10
13 +0 +0 +0 +1.231941e-10
14 +0 +0 +0 +8.329531e-11
15 +0 +0 +0 +5.371031e-11
16 +0 +0 +0 +3.948351e-11
17 +0 +0 +0 +2.881667e-11
18 +0 +0 +0 +2.043291e-11
19 +0 +0 +0 +1.495639e-11
20 +0 +0 +0 +8.410507e-12
21 +0 +0 +0 +7.380989e-12
22 +0 +0 +0 +3.916973e-12
23 +0 +0 +0 +1.618744e-12
24 +0 +0 +0 +1.151542e-12
25 +0 +0 +0 +1.264879e-12
26 +0 +0 +0 +1.131399e-12
27 +0 +0 +0 -2.137165e-13
28 +0 +0 +0 -4.788285e-13
29 +0 +0 +0 -1.151799e-13
30 +0 +0 +0 -1.235343e-12
31 +0 +0 +0 -5.071542e-13
32 +0 +0 +0 -6.981332e-13
33 +0 +0 +0 -1.248810e-13
34 +0 +0 +0 -1.074997e-14
35 +0 +0 +0 +9.941987e-14
36 +0 +0 +0 +2.087040e-13
37 +0 +0 +0 +1.841316e-13
38 +0 +0 +0 +2.807561e-13
39 +0 +0 +0 +2.681434e-13
40 +0 +0 +0 +2.603141e-13
41 +0 +0 +0 +5.311028e-14
42 +0 +0 +0 +1.332715e-14
43 +0 +0 +0 +1.211082e-13
44 +0 +0 +0 +2.269520e-13
45 +0 +0 +0 +2.251031e-13
46 +0 +0 +0 +2.717869e-13
47 +0 +0 +0 +1.623911e-13
48 +0 +0 +0 +5.106913e-14
49 +0 +0 +0 -1.429870e-14
50 +0 +0 +0 -1.041342e-13
51 +0 +0 +0 +9.752812e-14
52 +0 +0 +0 +3.447232e-14
53 +0 +0 +0 -1.323772e-15
54 +0 +0 +0 +3.528883e-14
55 +0 +0 +0 +6.335893e-14
56 +0 +0 +0 +8.697893e-17
57 +0 +0 +0 +1.371742e-13
58 +0 +0 +0 +1.277049e-14
59 +0 +0 +0 +6.562965e-14
60 +0 +0 +0 +1.114057e-13
61 +0 +0 +0 +1.237928e-13
62 +0 +0 +0 +4.584653e-14
63 +0 +0 +0 +7.156401e-14
