0 +0 +0 +0 +1.276343e-08
1 +0 +0 +0 +2.453785e-08
2 +0 +0 +0 +1.343096e-08
3 +0 +0 +0 +7.863975e-09
4 +0 +0 +0 +4.613120e-09
5 +0 +0 +0 +2.967917e-09
6 +0 +0 +0 +1.900961e-09
7 +0 +0 +0 +1.276364e-09
8 +0 +0 +0 +8.324287e-10
9 +0 +0 +0 +5.478505e-10
10 +0 +0 +0 +3.758205e-10
11 +0 +0 +0 +2.537356e-10
12 +0 +0 +0 +1.655062e-10
13 +0 +0 +0 +1.092951e-10
14 +0 +0 +0 +7.856176e-11
15 +0 +0 +0 +5.513877e-11
16 +0 +0 +0 +3.461504e-11
17 +0 +0 +0 +2.216817e-11
18 +0 +0 +0 +1.499596e-11
19 +0 +0 +0 +9.146690e-12
20 +0 +0 +0 +6.281872e-12
21 +0 +0 +0 +3.047302e-12
22 +0 +0 +0 +1.747053e-12
23 +0 +0 +0 +5.129344e-13
24 +0 +0 +0 -1.260494e-13
25 +0 +0 +0 -4.211625e-13
26 +0 +0 +0 +1.126695e-13
27 +0 +0 +0 -1.191727e-12
28 +0 +0 +0 -1.820051e-13
29 +0 +0 +0 -6.847067e-13
30 +0 +0 +0 -7.380255e-13
31 +0 +0 +0 -1.968480e-14
32 +0 +0 +0 -4.338660e-13
33 +0 +0 +0 -5.340592e-13
34 +0 +0 +0 -6.352312e-13
35 +0 +0 +0 -6.437800e-13
36 +0 +0 +0 -9.005938e-13
37 +0 +0 +0 -5.659893e-13
38 +0 +0 +0 -6.544419e-13
39 +0 +0 +0 -4.825033e-13
40 +0 +0 +0 -5.138708e-13
41 +0 +0 +0 -4.710087e-13
42 +0 +0 +0 -3.237302e-13
43 +0 +0 +0 -1.954672e-13
44 +0 +0 +0 -1.417686e-13
45 +0 +0 +0 +1.951500e-13
46 +0 +0 +0 +1.870460e-13
47 +0 +0 +0 +3.118004e-13
48 +0 +0 +0 +2.973760e-13
49 +0 +0 +0 +2.509262e-13
50 +0 +0 +0 +2.791272e-13
51 +0 +0 +0 +1.995712e-13
52 +0 +0 +0 +1.216018e-13
53 +0 +0 +0 +1.021747e-13
54 +0 +0 +0 +1.110857e-13
55 +0 +0 +0 +1.507723e-13
56 +0 +0 +0 +5.499480e-14
57 +0 +0 +0 +1.649075e-13
58 +0 +0 +0 +1.288293e-13
59 +0 +0 +0 +1.392533e-13
60 +0 +0 +0 +8.675199e-14
61 +0 +0 +0 +3.982754e-14
62 +0 +0 +0 +8.027883e-14
63 +0 +0 +0 +7.563395e-14
