0 +0 +0 +0 +1.272814e-08
1 +0 +0 +0 +2.441210e-08
2 +0 +0 +0 +1.360567e-08
3 +0 +0 +0 +8.004667e-09
4 +0 +0 +0 +5.004128e-09
5 +0 +0 +0 +3.200524e-09
6 +0 +0 +0 +2.063540e-09
7 +0 +0 +0 +1.358131e-09
8 +0 +0 +0 +8.768028e-10
9 +0 +0 +0 +5.729478e-10
10 +0 +0 +0 +3.911192e-10
11 +0 +0 +0 +2.585712e-10
12 +0 +0 +0 +1.819185e-10
13 +0 +0 +0 +1.254718e-10
14 +0 +0 +0 +8.888888e-11
15 +0 +0 +0 +6.262633e-11
16 +0 +0 +0 +4.317862e-11
17 +0 +0 +0 +2.862723e-11
18 +0 +0 +0 +1.821408e-11
19 +0 +0 +0 +1.136703e-11
20 +0 +0 +0 +6.960445e-12
21 +0 +0 +0 +5.308078e-12
22 +0 +0 +0 +4.674514e-12
23 +0 +0 +0 +4.298613e-12
24 +0 +0 +0 +2.983411e-12
25 +0 +0 +0 +2.763107e-12
26 +0 +0 +0 +1.245552e-12
27 +0 +0 +0 +1.381947e-12
28 +0 +0 +0 +8.208889e-13
29 +0 +0 +0 +2.811980e-13
30 +0 +0 +0 +6.264270e-13
31 +0 +0 +0 +1.048596e-12
32 +0 +0 +0 -3.425970e-13
33 +0 +0 +0 -2.428145e-13
34 +0 +0 +0 +3.464725e-14
35 +0 +0 +0 +1.649544e-13
36 +0 +0 +0 +9.003429e-14
37 +0 +0 +0 +8.741297e-14
38 +0 +0 +0 -1.126364e-13
39 +0 +0 +0 -1.234602e-13
40 +0 +0 +0 -1.141251e-13
41 +0 +0 +0 -3.296972e-13
42 +0 +0 +0 -3.109901e-13
43 +0 +0 +0 -1.124976e-13
44 +0 +0 +0 -1.283091e-14
45 +0 +0 +0 +4.400859e-14
46 +0 +0 +0 +8.714237e-14
47 +0 +0 +0 -5.940240e-14
48 +0 +0 +0 +7.086647e-14
49 +0 +0 +0 +1.189411e-13
50 +0 +0 +0 +3.889170e-14
51 +0 +0 +0 -1.735661e-14
52 +0 +0 +0 +9.420694e-14
53 +0 +0 +0 +6.223138e-14
54 +0 +0 +0 +2.256114e-14
55 +0 +0 +0 -9.071786e-14
56 +0 +0 +0 -5.945101e-14
57 +0 +0 +0 -1.125651e-13
58 +0 +0 +0 -1.069214e-13
59 +0 +0 +0 -8.366433e-14
60 +0 +0 +0 -7.268326e-14
61 +0 +0 +0 -3.520256e-14
62 +0 +0 +0 -2.310152e-15
63 +0 +0 +0 -1.172053e-14
