0 +0 +0 +0 +1.366589e-08
1 +0 +0 +0 +2.448910e-08
2 +0 +0 +0 +1.389880e-08
3 +0 +0 +0 +8.195594e-09
4 +0 +0 +0 +5.238806e-09
5 +0 +0 +0 +3.315559e-09
6 +0 +0 +0 +2.138755e-09
7 +0 +0 +0 +1.377176e-09
8 +0 +0 +0 +9.221473e-10
9 +0 +0 +0 +6.120662e-10
10 +0 +0 +0 +4.006823e-10
11 +0 +0 +0 +2.677300e-10
12 +0 +0 +0 +1.736151e-10
13 +0 +0 +0 +1.202198e-10
14 +0 +0 +0 +8.255246e-11
15 +0 +0 +0 +5.811107e-11
16 +0 +0 +0 +4.023573e-11
17 +0 +0 +0 +2.925636e-11
18 +0 +0 +0 +2.154875e-11
19 +0 +0 +0 +1.386602e-11
20 +0 +0 +0 +8.414048e-12
21 +0 +0 +0 +4.205094e-12
22 +0 +0 +0 +4.376559e-12
23 +0 +0 +0 +2.542195e-12
24 +0 +0 +0 +3.364914e-13
25 +0 +0 +0 +1.149589e-12
26 +0 +0 +0 +1.267102e-12
27 +0 +0 +0 +1.889282e-12
28 +0 +0 +0 +1.391393e-12
29 +0 +0 +0 +1.763954e-12
30 +0 +0 +0 +1.013692e-12
31 +0 +0 +0 +7.188788e-13
32 +0 +0 +0 +8.165184e-13
33 +0 +0 +0 +8.388948e-13
34 +0 +0 +0 +1.020283e-12
35 +0 +0 +0 +7.288887e-13
36 +0 +0 +0 +6.358634e-13
37 +0 +0 +0 +8.846784e-13
38 +0 +0 +0 +5.770761e-13
39 +0 +0 +0 +3.033584e-13
40 +0 +0 +0 +2.535948e-13
41 +0 +0 +0 +2.711820e-13
42 +0 +0 +0 +2.120331e-13
43 +0 +0 +0 +1.419105e-14
44 +0 +0 +0 -5.653717e-14
45 +0 +0 +0 -3.809813e-14
46 +0 +0 +0 -1.652983e-13
47 +0 +0 +0 -7.191991e-15
48 +0 +0 +0 +3.951016e-14
49 +0 +0 +0 -1.430657e-13
50 +0 +0 +0 -2.365073e-13
51 +0 +0 +0 -1.714006e-13
52 +0 +0 +0 -1.489285e-13
53 +0 +0 +0 -1.212635e-13
54 +0 +0 +0 -1.404244e-13
55 +0 +0 +0 -1.114739e-13
56 +0 +0 +0 +2.104738e-14
57 +0 +0 +0 -1.437607e-13
58 +0 +0 +0 -1.446749e-13
59 +0 +0 +0 -1.493994e-13
60 +0 +0 +0 -1.511149e-13
61 +0 +0 +0 -1.512432e-13
62 +0 +0 +0 -1.100597e-13
63 +0 +0 +0 -9.705254e-14
