0 +0 +0 +0 +1.304279e-08
1 +0 +0 +0 +2.448715e-08
2 +0 +0 +0 +1.359251e-08
3 +0 +0 +0 +7.849913e-09
4 +0 +0 +0 +4.861249e-09
5 +0 +0 +0 +3.167743e-09
6 +0 +0 +0 +2.051499e-09
7 +0 +0 +0 +1.311636e-09
8 +0 +0 +0 +8.742780e-10
9 +0 +0 +0 +5.715772e-10
10 +0 +0 +0 +3.856409e-10
11 +0 +0 +0 +2.642295e-10
12 +0 +0 +0 +1.750813e-10
13 +0 +0 +0 +1.217483e-10
14 +0 +0 +0 +8.255559e-11
15 +0 +0 +0 +5.441607e-11
16 +0 +0 +0 +3.884775e-11
17 +0 +0 +0 +2.243796e-11
18 +0 +0 +0 +1.761437e-11
19 +0 +0 +0 +1.054866e-11
20 +0 +0 +0 +6.340079e-12
21 +0 +0 +0 +5.650339e-12
22 +0 +0 +0 +3.767760e-12
23 +0 +0 +0 +2.743571e-12
24 +0 +0 +0 +1.701552e-12
25 +0 +0 +0 +1.577015e-12
26 +0 +0 +0 +1.722787e-12
27 +0 +0 +0 +9.169715e-13
28 +0 +0 +0 +6.751346e-13
29 +0 +0 +0 -5.468619e-13
30 +0 +0 +0 -5.811496e-13
31 +0 +0 +0 -4.247993e-13
32 +0 +0 +0 -2.125179e-13
33 +0 +0 +0 +3.149949e-13
34 +0 +0 +0 +2.978707e-13
35 +0 +0 +0 +5.778930e-13
36 +0 +0 +0 +7.558878e-13
37 +0 +0 +0 -7.470207e-14
38 +0 +0 +0 +2.255928e-13
39 +0 +0 +0 -7.270416e-15
40 +0 +0 +0 +6.784356e-15
41 +0 +0 +0 -8.916520e-14
42 +0 +0 +0 -2.766959e-13
43 +0 +0 +0 -3.905888e-13
44 +0 +0 +0 -5.865234e-13
45 +0 +0 +0 -4.424600e-13
46 +0 +0 +0 -3.772697e-13
47 +0 +0 +0 -2.661503e-13
48 +0 +0 +0 -3.363193e-13
49 +0 +0 +0 -2.387794e-13
50 +0 +0 +0 -2.525140e-13
51 +0 +0 +0 -2.416081e-13
52 +0 +0 +0 -3.542605e-13
53 +0 +0 +0 -2.681190e-13
54 +0 +0 +0 -2.288414e-13
55 +0 +0 +0 -1.547730e-13
56 +0 +0 +0 -1.858458e-13
57 +0 +0 +0 -1.026471e-13
58 +0 +0 +0 -1.146440e-13
59 +0 +0 +0 +7.347298e-14
60 +0 +0 +0 +2.248660e-14
61 +0 +0 +0 -1.584285e-14
62 +0 +0 +0 -1.433800e-14
63 +0 +0 +0 -6.068570e-14
