0 +0 +0 +0 +1.333679e-08
1 +0 +0 +0 +2.411181e-08
2 +0 +0 +0 +1.301286e-08
3 +0 +0 +0 +7.774013e-09
4 +0 +0 +0 +4.668108e-09
5 +0 +0 +0 +3.018685e-09
6 +0 +0 +0 +1.988048e-09
7 +0 +0 +0 +1.312978e-09
8 +0 +0 +0 +8.609779e-10
9 +0 +0 +0 +5.634582e-10
10 +0 +0 +0 +3.739655e-10
11 +0 +0 +0 +2.447869e-10
12 +0 +0 +0 +1.577377e-10
13 +0 +0 +0 +1.065617e-10
14 +0 +0 +0 +6.731121e-11
15 +0 +0 +0 +4.640829e-11
16 +0 +0 +0 +3.165456e-11
17 +0 +0 +0 +2.038071e-11
18 +0 +0 +0 +1.206111e-11
19 +0 +0 +0 +7.575709e-12
20 +0 +0 +0 +4.640005e-12
21 +0 +0 +0 +3.791503e-12
22 +0 +0 +0 +2.847336e-12
23 +0 +0 +0 +2.028826e-12
24 +0 +0 +0 +2.783339e-12
25 +0 +0 +0 +2.046103e-12
26 +0 +0 +0 +2.140912e-12
27 +0 +0 +0 +1.704312e-12
28 +0 +0 +0 +9.903063e-13
29 +0 +0 +0 +1.311804e-12
30 +0 +0 +0 +8.021087e-13
31 +0 +0 +0 +9.152699e-13
32 +0 +0 +0 +1.037377e-12
33 +0 +0 +0 +6.051406e-13
34 +0 +0 +0 -7.232684e-14
35 +0 +0 +0 -3.387004e-13
36 +0 +0 +0 -2.351395e-13
37 +0 +0 +0 +9.644189e-14
38 +0 +0 +0 +9.337102e-14
39 +0 +0 +0 -3.031137e-15
40 +0 +0 +0 +4.082314e-14
41 +0 +0 +0 -1.213287e-13
42 +0 +0 +0 -9.759384e-14
43 +0 +0 +0 -3.673050e-13
44 +0 +0 +0 -3.642519e-13
45 +0 +0 +0 -3.352099e-13
46 +0 +0 +0 -2.578977e-13
47 +0 +0 +0 -2.210276e-13
48 +0 +0 +0 -2.965078e-13
49 +0 +0 +0 -1.447372e-13
50 +0 +0 +0 -1.929964e-13
51 +0 +0 +0 -1.465853e-13
52 +0 +0 +0 -1.143054e-13
53 +0 +0 +0 -1.479039e-13
54 +0 +0 +0 -1.070717e-13
55 +0 +0 +0 -4.970210e-14
56 +0 +0 +0 -2.727629e-14
57 +0 +0 +0 -9.334987e-14
58 +0 +0 +0 +9.015004e-15
59 +0 +0 +0 +1.086755e-13
60 +0 +0 +0 +7.793887e-14
61 +0 +0 +0 +5.446296e-14
62 +0 +0 +0 +1.334126e-14
63 +0 +0 +0 +5.065247e-14
