0 +0 +0 +0 +1.232931e-08
1 +0 +0 +0 +2.423781e-08
2 +0 +0 +0 +1.351491e-08
3 +0 +0 +0 +7.875205e-09
4 +0 +0 +0 +4.827484e-09
5 +0 +0 +0 +3.097756e-09
6 +0 +0 +0 +2.048999e-09
7 +0 +0 +0 +1.294844e-09
8 +0 +0 +0 +8.606776e-10
9 +0 +0 +0 +5.647324e-10
10 +0 +0 +0 +3.844659e-10
11 +0 +0 +0 +2.585788e-10
12 +0 +0 +0 +1.676468e-10
13 +0 +0 +0 +1.164828e-10
14 +0 +0 +0 +7.917157e-11
15 +0 +0 +0 +5.355547e-11
16 +0 +0 +0 +3.694366e-11
17 +0 +0 +0 +2.516041e-11
18 +0 +0 +0 +1.628714e-11
19 +0 +0 +0 +7.607533e-12
20 +0 +0 +0 +4.698582e-12
21 +0 +0 +0 +3.290649e-12
22 +0 +0 +0 +2.191781e-12
23 +0 +0 +0 +1.689537e-12
24 +0 +0 +0 -1.169406e-12
25 +0 +0 +0 -4.601790e-13
26 +0 +0 +0 +8.060723e-14
27 +0 +0 +0 -3.112741e-13
28 +0 +0 +0 -1.778114e-13
29 +0 +0 +0 +1.454537e-13
30 +0 +0 +0 +2.191087e-13
31 +0 +0 +0 +3.327542e-13
32 +0 +0 +0 -3.059704e-14
33 +0 +0 +0 +3.708843e-13
34 +0 +0 +0 +1.054410e-13
35 +0 +0 +0 +2.604346e-13
36 +0 +0 +0 +1.469684e-13
37 +0 +0 +0 +5.784298e-13
38 +0 +0 +0 +6.628704e-13
39 +0 +0 +0 +7.964019e-13
40 +0 +0 +0 +2.437561e-13
41 +0 +0 +0 +2.043629e-13
42 +0 +0 +0 +1.717457e-13
43 +0 +0 +0 -1.055454e-13
44 +0 +0 +0 -4.707081e-13
45 +0 +0 +0 -2.678908e-13
46 +0 +0 +0 +7.857038e-14
47 +0 +0 +0 -8.655110e-14
48 +0 +0 +0 -6.964146e-14
49 +0 +0 +0 -2.699804e-13
50 +0 +0 +0 -2.360713e-13
51 +0 +0 +0 -2.323116e-13
52 +0 +0 +0 -1.156921e-13
53 +0 +0 +0 -3.795649e-14
54 +0 +0 +0 +6.831972e-14
55 +0 +0 +0 +6.616868e-14
56 +0 +0 +0 +1.329371e-14
57 +0 +0 +0 -6.699643e-14
58 +0 +0 +0 -9.566093e-14
59 +0 +0 +0 -5.391613e-14
60 +0 +0 +0 -8.358080e-15
61 +0 +0 +0 -8.459794e-14
62 +0 +0 +0 -1.136348e-13
63 +0 +0 +0 -9.599593e-14
