0 +0 +0 +0 +1.315214e-08
1 +0 +0 +0 +2.387394e-08
2 +0 +0 +0 +1.348143e-08
3 +0 +0 +0 +7.979304e-09
4 +0 +0 +0 +4.894765e-09
5 +0 +0 +0 +3.098714e-09
6 +0 +0 +0 +2.027586e-09
7 +0 +0 +0 +1.329753e-09
8 +0 +0 +0 +8.743148e-10
9 +0 +0 +0 +5.707082e-10
10 +0 +0 +0 +3.764265e-10
11 +0 +0 +0 +2.526679e-10
12 +0 +0 +0 +1.723232e-10
13 +0 +0 +0 +1.073665e-10
14 +0 +0 +0 +7.143864e-11
15 +0 +0 +0 +5.006082e-11
16 +0 +0 +0 +3.392007e-11
17 +0 +0 +0 +2.508475e-11
18 +0 +0 +0 +1.540326e-11
19 +0 +0 +0 +1.322678e-11
20 +0 +0 +0 +8.241477e-12
21 +0 +0 +0 +6.639808e-12
22 +0 +0 +0 +3.951808e-12
23 +0 +0 +0 +2.437214e-12
24 +0 +0 +0 +1.607812e-12
25 +0 +0 +0 +9.614751e-14
26 +0 +0 +0 +6.651209e-13
27 +0 +0 +0 +5.229952e-13
28 +0 +0 +0 +1.892437e-13
29 +0 +0 +0 -1.352159e-13
30 +0 +0 +0 -1.990356e-13
31 +0 +0 +0 -6.734154e-13
32 +0 +0 +0 -1.567288e-13
33 +0 +0 +0 -6.163371e-13
34 +0 +0 +0 -2.835781e-13
35 +0 +0 +0 -7.871033e-14
36 +0 +0 +0 -6.686831e-14
37 +0 +0 +0 +3.079841e-13
38 +0 +0 +0 +3.376474e-14
39 +0 +0 +0 +3.198202e-13
40 +0 +0 +0 +3.602997e-14
41 +0 +0 +0 -8.914185e-14
42 +0 +0 +0 +1.687818e-13
43 +0 +0 +0 +2.552807e-13
44 +0 +0 +0 +1.266039e-13
45 +0 +0 +0 +7.098425e-14
46 +0 +0 +0 +1.580504e-14
47 +0 +0 +0 +1.383017e-13
48 +0 +0 +0 +6.588436e-14
49 +0 +0 +0 +9.849010e-14
50 +0 +0 +0 -7.409899e-14
51 +0 +0 +0 -3.167051e-13
52 +0 +0 +0 -2.164967e-13
53 +0 +0 +0 -1.850478e-13
54 +0 +0 +0 -3.988360e-14
55 +0 +0 +0 -8.458915e-14
56 +0 +0 +0 +3.296105e-15
57 +0 +0 +0 +4.544292e-14
58 +0 +0 +0 -3.624684e-15
59 +0 +0 +0 +2.206855e-14
60 +0 +0 +0 -2.859862e-14
61 +0 +0 +0 -5.574002e-14
62 +0 +0 +0 -9.472831e-14
63 +0 +0 +0 -7.949489e-14
