0 +0 +0 +0 +1.337771e-08
1 +0 +0 +0 +2.405798e-08
2 +0 +0 +0 +1.346301e-08
3 +0 +0 +0 +8.040377e-09
4 +0 +0 +0 +5.039057e-09
5 +0 +0 +0 +3.152256e-09
6 +0 +0 +0 +2.068598e-09
7 +0 +0 +0 +1.353394e-09
8 +0 +0 +0 +8.895600e-10
9 +0 +0 +0 +5.909311e-10
10 +0 +0 +0 +3.827704e-10
11 +0 +0 +0 +2.619749e-10
12 +0 +0 +0 +1.844712e-10
13 +0 +0 +0 +1.298994e-10
14 +0 +0 +0 +9.737254e-11
15 +0 +0 +0 +7.034187e-11
16 +0 +0 +0 +5.091576e-11
17 +0 +0 +0 +3.575841e-11
18 +0 +0 +0 +2.511938e-11
19 +0 +0 +0 +1.621806e-11
20 +0 +0 +0 +1.018803e-11
21 +0 +0 +0 +5.724438e-12
22 +0 +0 +0 +3.818151e-12
23 +0 +0 +0 +2.259233e-12
24 +0 +0 +0 +1.417094e-12
25 +0 +0 +0 +5.155488e-13
26 +0 +0 +0 +7.549557e-13
27 +0 +0 +0 -4.075004e-13
28 +0 +0 +0 +8.660360e-13
29 +0 +0 +0 +9.442473e-13
30 +0 +0 +0 +5.648925e-13
31 +0 +0 +0 -2.938147e-13
32 +0 +0 +0 +4.613023e-13
33 +0 +0 +0 +8.473684e-13
34 +0 +0 +0 +6.289597e-13
35 +0 +0 +0 +2.612230e-14
36 +0 +0 +0 +1.965731e-13
37 +0 +0 +0 +5.447508e-13
38 +0 +0 +0 +4.266750e-13
39 +0 +0 +0 +2.492376e-13
40 +0 +0 +0 -2.513766e-13
41 +0 +0 +0 -2.008458e-13
42 +0 +0 +0 -3.336073e-13
43 +0 +0 +0 -3.884056e-13
44 +0 +0 +0 -5.216952e-13
45 +0 +0 +0 -4.215029e-13
46 +0 +0 +0 -4.553466e-13
47 +0 +0 +0 -5.083941e-13
48 +0 +0 +0 -5.707737e-13
49 +0 +0 +0 -4.131462e-13
50 +0 +0 +0 -3.396825e-13
51 +0 +0 +0 -2.421995e-13
52 +0 +0 +0 -2.551764e-13
53 +0 +0 +0 -2.361775e-13
54 +0 +0 +0 -1.881931e-13
55 +0 +0 +0 -2.888538e-13
56 +0 +0 +0 -1.221450e-13
57 +0 +0 +0 -9.250577e-15
58 +0 +0 +0 -3.396884e-14
59 +0 +0 +0 -1.082384e-13
60 +0 +0 +0 -9.730638e-14
61 +0 +0 +0 -4.884563e-14
62 +0 +0 +0 +2.455899e-14
63 +0 +0 +0 +1.547379e-14
