0 +0 +0 +0 +1.274010e-08
1 +0 +0 +0 +2.430019e-08
2 +0 +0 +0 +1.370040e-08
3 +0 +0 +0 +8.046958e-09
4 +0 +0 +0 +4.968263e-09
5 +0 +0 +0 +3.137390e-09
6 +0 +0 +0 +2.054944e-09
7 +0 +0 +0 +1.343343e-09
8 +0 +0 +0 +8.882533e-10
9 +0 +0 +0 +5.830060e-10
10 +0 +0 +0 +3.869740e-10
11 +0 +0 +0 +2.561119e-10
12 +0 +0 +0 +1.719845e-10
13 +0 +0 +0 +1.186740e-10
14 +0 +0 +0 +7.772694e-11
15 +0 +0 +0 +5.756762e-11
16 +0 +0 +0 +3.756041e-11
17 +0 +0 +0 +2.809238e-11
18 +0 +0 +0 +1.962320e-11
19 +0 +0 +0 +1.070717e-11
20 +0 +0 +0 +6.649239e-12
21 +0 +0 +0 +4.963710e-12
22 +0 +0 +0 +4.252777e-12
23 +0 +0 +0 +2.126794e-12
24 +0 +0 +0 +1.132463e-12
25 +0 +0 +0 +1.203167e-12
26 +0 +0 +0 +7.637811e-13
27 +0 +0 +0 +1.096071e-12
28 +0 +0 +0 +9.792296e-13
29 +0 +0 +0 +2.441478e-13
30 +0 +0 +0 +1.875037e-13
31 +0 +0 +0 +2.099483e-13
32 +0 +0 +0 +7.161506e-13
33 +0 +0 +0 +3.395392e-13
34 +0 +0 +0 -2.416949e-13
35 +0 +0 +0 -2.662013e-13
36 +0 +0 +0 -1.543505e-13
37 +0 +0 +0 -1.235953e-13
38 +0 +0 +0 +2.304245e-13
39 +0 +0 +0 -9.183080e-14
40 +0 +0 +0 -4.651287e-14
41 +0 +0 +0 -7.779550e-14
42 +0 +0 +0 +3.148749e-13
43 +0 +0 +0 +6.131624e-14
44 +0 +0 +0 -6.319403e-14
45 +0 +0 +0 -7.871564e-14
46 +0 +0 +0 -3.325448e-13
47 +0 +0 +0 -3.403619e-13
48 +0 +0 +0 -9.576893e-15
49 +0 +0 +0 +2.326543e-13
50 +0 +0 +0 +1.934982e-13
51 +0 +0 +0 -4.214799e-14
52 +0 +0 +0 -9.447747e-14
53 +0 +0 +0 -2.992762e-13
54 +0 +0 +0 -2.074642e-13
55 +0 +0 +0 -1.365432e-13
56 +0 +0 +0 -1.597626e-13
57 +0 +0 +0 -1.445652e-13
58 +0 +0 +0 -6.800366e-14
59 +0 +0 +0 -1.006598e-13
60 +0 +0 +0 -6.332075e-14
61 +0 +0 +0 -2.389133e-14
62 +0 +0 +0 +1.382563e-13
63 +0 +0 +0 +6.610120e-14
