0 +0 +0 +0 +1.296542e-08
1 +0 +0 +0 +2.439810e-08
2 +0 +0 +0 +1.330515e-08
3 +0 +0 +0 +7.937969e-09
4 +0 +0 +0 +4.838791e-09
5 +0 +0 +0 +3.091555e-09
6 +0 +0 +0 +2.055460e-09
7 +0 +0 +0 +1.363812e-09
8 +0 +0 +0 +9.043261e-10
9 +0 +0 +0 +5.977031e-10
10 +0 +0 +0 +3.982303e-10
11 +0 +0 +0 +2.635031e-10
12 +0 +0 +0 +1.765822e-10
13 +0 +0 +0 +1.184850e-10
14 +0 +0 +0 +7.489073e-11
15 +0 +0 +0 +5.169174e-11
16 +0 +0 +0 +3.252402e-11
17 +0 +0 +0 +2.189828e-11
18 +0 +0 +0 +1.602853e-11
19 +0 +0 +0 +1.289791e-11
20 +0 +0 +0 +5.705268e-12
21 +0 +0 +0 +2.339687e-12
22 +0 +0 +0 +2.101337e-13
23 +0 +0 +0 -5.790248e-13
24 +0 +0 +0 -9.566877e-13
25 +0 +0 +0 +3.211599e-13
26 +0 +0 +0 -1.402264e-13
27 +0 +0 +0 -1.523899e-12
28 +0 +0 +0 -1.133826e-12
29 +0 +0 +0 -1.491570e-12
30 +0 +0 +0 -6.299631e-13
31 +0 +0 +0 -4.236739e-13
32 +0 +0 +0 -1.030481e-12
33 +0 +0 +0 -2.158624e-13
34 +0 +0 +0 +2.315160e-13
35 +0 +0 +0 +1.380668e-13
36 +0 +0 +0 -2.260938e-13
37 +0 +0 +0 -3.542848e-13
38 +0 +0 +0 -6.982488e-14
39 +0 +0 +0 -1.272642e-13
40 +0 +0 +0 -2.677069e-13
41 +0 +0 +0 +3.346000e-14
42 +0 +0 +0 -1.183351e-14
43 +0 +0 +0 +3.060450e-13
44 +0 +0 +0 +4.649062e-13
45 +0 +0 +0 +3.655970e-13
46 +0 +0 +0 +3.117813e-13
47 +0 +0 +0 +3.085223e-13
48 +0 +0 +0 +2.008345e-13
49 +0 +0 +0 +1.863264e-13
50 +0 +0 +0 +2.979592e-13
51 +0 +0 +0 +2.399876e-13
52 +0 +0 +0 +1.836423e-13
53 +0 +0 +0 +7.664968e-14
54 +0 +0 +0 +1.074539e-13
55 +0 +0 +0 -7.998076e-15
56 +0 +0 +0 -1.241083e-13
57 +0 +0 +0 -5.180043e-14
58 +0 +0 +0 +4.019163e-14
59 +0 +0 +0 -3.261876e-14
60 +0 +0 +0 +1.897820e-14
61 +0 +0 +0 -1.342781e-13
62 +0 +0 +0 -2.081460e-13
63 +0 +0 +0 -1.672309e-13
