0 +0 +0 +0 +1.305245e-08
1 +0 +0 +0 +2.392677e-08
2 +0 +0 +0 +1.316373e-08
3 +0 +0 +0 +7.849377e-09
4 +0 +0 +0 +4.853403e-09
5 +0 +0 +0 +3.116375e-09
6 +0 +0 +0 +1.995833e-09
7 +0 +0 +0 +1.307989e-09
8 +0 +0 +0 +8.463982e-10
9 +0 +0 +0 +5.587023e-10
10 +0 +0 +0 +3.841719e-10
11 +0 +0 +0 +2.651380e-10
12 +0 +0 +0 +1.766140e-10
13 +0 +0 +0 +1.229119e-10
14 +0 +0 +0 +8.097447e-11
15 +0 +0 +0 +5.418120e-11
16 +0 +0 +0 +3.919115e-11
17 +0 +0 +0 +2.805302e-11
18 +0 +0 +0 +1.903139e-11
19 +0 +0 +0 +1.364272e-11
20 +0 +0 +0 +9.539269e-12
21 +0 +0 +0 +6.583544e-12
22 +0 +0 +0 +4.524009e-12
23 +0 +0 +0 +3.820648e-12
24 +0 +0 +0 +3.150687e-12
25 +0 +0 +0 +1.705990e-12
26 +0 +0 +0 +1.332469e-12
27 +0 +0 +0 +3.213132e-13
28 +0 +0 +0 +1.041845e-12
29 +0 +0 +0 -1.740606e-13
30 +0 +0 +0 +2.306539e-13
31 +0 +0 +0 -8.517516e-14
32 +0 +0 +0 +4.092773e-13
33 +0 +0 +0 +2.254050e-13
34 +0 +0 +0 +2.340871e-13
35 +0 +0 +0 +8.242547e-14
36 +0 +0 +0 +3.472001e-13
37 +0 +0 +0 +4.402141e-13
38 +0 +0 +0 +2.843109e-13
39 +0 +0 +0 +1.819705e-13
40 +0 +0 +0 +2.968760e-13
41 +0 +0 +0 +3.404623e-13
42 +0 +0 +0 +2.552449e-13
43 +0 +0 +0 +3.311459e-13
44 +0 +0 +0 +4.911340e-13
45 +0 +0 +0 +3.074469e-13
46 +0 +0 +0 +2.678998e-13
47 +0 +0 +0 +3.343835e-13
48 +0 +0 +0 +3.978549e-13
49 +0 +0 +0 +2.144550e-13
50 +0 +0 +0 -5.974727e-14
51 +0 +0 +0 -5.073831e-14
52 +0 +0 +0 -3.927737e-14
53 +0 +0 +0 -5.365942e-14
54 +0 +0 +0 +1.452642e-15
55 +0 +0 +0 -3.274216e-14
56 +0 +0 +0 -3.330684e-15
57 +0 +0 +0 +4.287376e-14
58 +0 +0 +0 -1.624906e-14
59 +0 +0 +0 +8.508150e-14
60 +0 +0 +0 +2.932901e-14
61 +0 +0 +0 -2.571607e-14
62 +0 +0 +0 +1.093837e-14
63 +0 +0 +0 +5.686665e-14
