0 +0 +0 +0 +1.206274e-08
1 +0 +0 +0 +2.426450e-08
2 +0 +0 +0 +1.390795e-08
3 +0 +0 +0 +8.069429e-09
4 +0 +0 +0 +4.894111e-09
5 +0 +0 +0 +3.141328e-09
6 +0 +0 +0 +2.013477e-09
7 +0 +0 +0 +1.311256e-09
8 +0 +0 +0 +8.699546e-10
9 +0 +0 +0 +5.915544e-10
10 +0 +0 +0 +3.969520e-10
11 +0 +0 +0 +2.635203e-10
12 +0 +0 +0 +1.685584e-10
13 +0 +0 +0 +1.225080e-10
14 +0 +0 +0 +8.300290e-11
15 +0 +0 +0 +5.498102e-11
16 +0 +0 +0 +3.595993e-11
17 +0 +0 +0 +2.271900e-11
18 +0 +0 +0 +1.241859e-11
19 +0 +0 +0 +7.869600e-12
20 +0 +0 +0 +6.872666e-12
21 +0 +0 +0 +7.933230e-12
22 +0 +0 +0 +4.836429e-12
23 +0 +0 +0 +3.497663e-12
24 +0 +0 +0 +2.337304e-12
25 +0 +0 +0 +2.023017e-12
26 +0 +0 +0 +2.166084e-12
27 +0 +0 +0 +9.109748e-13
28 +0 +0 +0 +6.836431e-13
29 +0 +0 +0 +1.937747e-13
30 +0 +0 +0 +1.198978e-13
31 +0 +0 +0 -8.454393e-13
32 +0 +0 +0 -6.575030e-13
33 +0 +0 +0 -1.029385e-13
34 +0 +0 +0 -3.093007e-13
35 +0 +0 +0 -2.714423e-14
36 +0 +0 +0 -6.624605e-14
37 +0 +0 +0 -2.142407e-13
38 +0 +0 +0 -4.270134e-13
39 +0 +0 +0 -8.377051e-15
40 +0 +0 +0 +8.843203e-14
41 +0 +0 +0 -2.203117e-14
42 +0 +0 +0 +1.822109e-13
43 +0 +0 +0 +4.181926e-13
44 +0 +0 +0 +3.842058e-13
45 +0 +0 +0 -3.320603e-14
46 +0 +0 +0 +2.203631e-14
47 +0 +0 +0 -4.580882e-14
48 +0 +0 +0 -5.823987e-14
49 +0 +0 +0 +6.127856e-14
50 +0 +0 +0 +5.234984e-14
51 +0 +0 +0 +3.296968e-14
52 +0 +0 +0 -1.531923e-14
53 +0 +0 +0 +1.244647e-13
54 +0 +0 +0 +6.444454e-15
55 +0 +0 +0 -2.398847e-14
56 +0 +0 +0 -2.600099e-14
57 +0 +0 +0 -1.538203e-13
58 +0 +0 +0 -4.967429e-14
59 +0 +0 +0 +2.487439e-15
60 +0 +0 +0 +3.355600e-14
61 +0 +0 +0 +3.679698e-14
62 +0 +0 +0 -1.019972e-14
63 +0 +0 +0 +4.818713e-15
