0 +0 +0 +0 +1.217734e-08
1 +0 +0 +0 +2.316235e-08
2 +0 +0 +0 +1.276743e-08
3 +0 +0 +0 +7.377906e-09
4 +0 +0 +0 +4.683827e-09
5 +0 +0 +0 +2.937217e-09
6 +0 +0 +0 +1.900449e-09
7 +0 +0 +0 +1.225862e-09
8 +0 +0 +0 +8.175641e-10
9 +0 +0 +0 +5.270764e-10
10 +0 +0 +0 +3.489991e-10
11 +0 +0 +0 +2.293294e-10
12 +0 +0 +0 +1.614504e-10
13 +0 +0 +0 +1.083832e-10
14 +0 +0 +0 +7.122997e-11
15 +0 +0 +0 +4.929833e-11
16 +0 +0 +0 +3.708196e-11
17 +0 +0 +0 +2.383709e-11
18 +0 +0 +0 +1.889439e-11
19 +0 +0 +0 +1.364934e-11
20 +0 +0 +0 +1.057060e-11
21 +0 +0 +0 +6.900257e-12
22 +0 +0 +0 +5.974442e-12
23 +0 +0 +0 +4.368552e-12
24 +0 +0 +0 +4.160383e-12
25 +0 +0 +0 +2.169459e-12
26 +0 +0 +0 +9.354867e-13
27 +0 +0 +0 +1.215010e-12
28 +0 +0 +0 +1.052886e-12
29 +0 +0 +0 +1.352226e-12
30 +0 +0 +0 +1.335182e-12
31 +0 +0 +0 +6.928313e-13
32 +0 +0 +0 +8.719155e-13
33 +0 +0 +0 +8.619921e-13
34 +0 +0 +0 +6.678716e-13
35 +0 +0 +0 +3.599395e-13
36 +0 +0 +0 +4.068168e-13
37 +0 +0 +0 +3.086576e-14
38 +0 +0 +0 +1.697906e-13
39 +0 +0 +0 +5.234905e-13
40 +0 +0 +0 +4.549177e-13
41 +0 +0 +0 +2.473141e-13
42 +0 +0 +0 +5.873031e-13
43 +0 +0 +0 +3.402161e-13
44 +0 +0 +0 +3.465844e-13
45 +0 +0 +0 +3.494930e-13
46 +0 +0 +0 +3.103825e-13
47 +0 +0 +0 +1.905812e-13
48 +0 +0 +0 +1.616772e-13
49 +0 +0 +0 +5.953351e-14
50 +0 +0 +0 -1.110449e-13
51 +0 +0 +0 -1.443695e-13
52 +0 +0 +0 -1.355956e-13
53 +0 +0 +0 +6.762975e-15
54 +0 +0 +0 -7.933476e-14
55 +0 +0 +0 -2.759530e-14
56 +0 +0 +0 -1.265686e-13
57 +0 +0 +0 -6.726454e-14
58 +0 +0 +0 -1.568037e-13
59 +0 +0 +0 -1.988075e-13
60 +0 +0 +0 -2.531268e-13
61 +0 +0 +0 -2.106257e-13
62 +0 +0 +0 -1.709402e-13
63 +0 +0 +0 -1.140700e-13
