0 +0 +0 +0 +1.352857e-08
1 +0 +0 +0 +2.497188e-08
2 +0 +0 +0 +1.382120e-08
3 +0 +0 +0 +7.970931e-09
4 +0 +0 +0 +4.913673e-09
5 +0 +0 +0 +3.141301e-09
6 +0 +0 +0 +2.016535e-09
7 +0 +0 +0 +1.295807e-09
8 +0 +0 +0 +8.508054e-10
9 +0 +0 +0 +5.749949e-10
10 +0 +0 +0 +3.932850e-10
11 +0 +0 +0 +2.659175e-10
12 +0 +0 +0 +1.829398e-10
13 +0 +0 +0 +1.244979e-10
14 +0 +0 +0 +8.373098e-11
15 +0 +0 +0 +5.722470e-11
16 +0 +0 +0 +4.127090e-11
17 +0 +0 +0 +2.480929e-11
18 +0 +0 +0 +1.386783e-11
19 +0 +0 +0 +1.046042e-11
20 +0 +0 +0 +7.400471e-12
21 +0 +0 +0 +4.327943e-12
22 +0 +0 +0 +1.004623e-12
23 +0 +0 +0 +1.126411e-12
24 +0 +0 +0 +1.239473e-13
25 +0 +0 +0 -6.724451e-13
26 +0 +0 +0 -3.691712e-13
27 +0 +0 +0 +8.234495e-14
28 +0 +0 +0 -5.879478e-13
29 +0 +0 +0 +5.124904e-13
30 +0 +0 +0 -7.885993e-15
31 +0 +0 +0 +6.002036e-13
32 +0 +0 +0 +6.515589e-14
33 +0 +0 +0 -2.354996e-13
34 +0 +0 +0 -3.486592e-13
35 +0 +0 +0 -4.709980e-13
36 +0 +0 +0 -4.613109e-13
37 +0 +0 +0 -4.189272e-13
38 +0 +0 +0 -4.461762e-13
39 +0 +0 +0 -2.361861e-13
40 +0 +0 +0 -3.681071e-13
41 +0 +0 +0 -7.201352e-14
42 +0 +0 +0 -4.755036e-14
43 +0 +0 +0 +1.393116e-13
44 +0 +0 +0 +1.004202e-13
45 +0 +0 +0 +1.737183e-13
46 +0 +0 +0 +2.560541e-13
47 +0 +0 +0 +1.458676e-13
48 +0 +0 +0 +1.339531e-13
49 +0 +0 +0 +7.173502e-14
50 +0 +0 +0 +1.137001e-13
51 +0 +0 +0 +1.536570e-13
52 +0 +0 +0 +3.287733e-13
53 +0 +0 +0 +2.214440e-13
54 +0 +0 +0 +8.877887e-14
55 +0 +0 +0 +6.994554e-14
56 +0 +0 +0 +1.387826e-13
57 +0 +0 +0 +1.214742e-13
58 +0 +0 +0 +1.519699e-13
59 +0 +0 +0 +2.556559e-14
60 +0 +0 +0 +1.976791e-14
61 +0 +0 +0 +1.034986e-13
62 +0 +0 +0 +3.243614e-14
63 +0 +0 +0 +3.243003e-14
