0 +0 +0 +0 +1.281461e-08
1 +0 +0 +0 +2.479356e-08
2 +0 +0 +0 +1.380057e-08
3 +0 +0 +0 +8.033897e-09
4 +0 +0 +0 +5.039881e-09
5 +0 +0 +0 +3.202170e-09
6 +0 +0 +0 +2.077047e-09
7 +0 +0 +0 +1.363988e-09
8 +0 +0 +0 +9.122885e-10
9 +0 +0 +0 +6.070958e-10
10 +0 +0 +0 +3.936922e-10
11 +0 +0 +0 +2.616158e-10
12 +0 +0 +0 +1.747014e-10
13 +0 +0 +0 +1.187615e-10
14 +0 +0 +0 +8.294221e-11
15 +0 +0 +0 +5.648060e-11
16 +0 +0 +0 +3.657146e-11
17 +0 +0 +0 +2.210823e-11
18 +0 +0 +0 +1.187928e-11
19 +0 +0 +0 +8.312564e-12
20 +0 +0 +0 +4.135216e-12
21 +0 +0 +0 +2.027911e-12
22 +0 +0 +0 +1.189957e-12
23 +0 +0 +0 -1.238844e-12
24 +0 +0 +0 -1.317801e-12
25 +0 +0 +0 -1.594382e-12
26 +0 +0 +0 -2.238248e-12
27 +0 +0 +0 -2.011032e-12
28 +0 +0 +0 -6.885123e-13
29 +0 +0 +0 -6.160501e-13
30 +0 +0 +0 -2.101748e-13
31 +0 +0 +0 +1.654361e-13
32 +0 +0 +0 +8.073048e-13
33 +0 +0 +0 +3.922116e-13
34 +0 +0 +0 +4.396526e-13
35 +0 +0 +0 +4.185662e-13
36 +0 +0 +0 +6.650123e-13
37 +0 +0 +0 +3.890142e-13
38 +0 +0 +0 +3.008719e-13
39 +0 +0 +0 +3.364641e-13
40 +0 +0 +0 +4.951909e-13
41 +0 +0 +0 +2.134254e-13
42 +0 +0 +0 -1.599490e-14
43 +0 +0 +0 -2.735765e-13
44 +0 +0 +0 -1.859228e-13
45 +0 +0 +0 -2.383567e-14
46 +0 +0 +0 +3.445410e-14
47 +0 +0 +0 +1.745787e-14
48 +0 +0 +0 +5.663154e-14
49 +0 +0 +0 +2.061823e-14
50 +0 +0 +0 -3.518098e-14
51 +0 +0 +0 -5.983157e-14
52 +0 +0 +0 -8.144925e-14
53 +0 +0 +0 -7.036315e-14
54 +0 +0 +0 -1.158687e-13
55 +0 +0 +0 -1.673261e-13
56 +0 +0 +0 -1.943952e-13
57 +0 +0 +0 -2.036644e-13
58 +0 +0 +0 -1.421223e-13
59 +0 +0 +0 -6.471464e-14
60 +0 +0 +0 -8.502690e-14
61 +0 +0 +0 -1.130275e-13
62 +0 +0 +0 -8.079404e-14
63 +0 +0 +0 +4.743850e-14
