0 +0 +0 +0 +1.380637e-08
1 +0 +0 +0 +2.503104e-08
2 +0 +0 +0 +1.432279e-08
3 +0 +0 +0 +8.503122e-09
4 +0 +0 +0 +5.332259e-09
5 +0 +0 +0 +3.415449e-09
6 +0 +0 +0 +2.233637e-09
7 +0 +0 +0 +1.412223e-09
8 +0 +0 +0 +9.160224e-10
9 +0 +0 +0 +6.013304e-10
10 +0 +0 +0 +4.045011e-10
11 +0 +0 +0 +2.706167e-10
12 +0 +0 +0 +1.772149e-10
13 +0 +0 +0 +1.124473e-10
14 +0 +0 +0 +7.560390e-11
15 +0 +0 +0 +5.128276e-11
16 +0 +0 +0 +3.394336e-11
17 +0 +0 +0 +2.197914e-11
18 +0 +0 +0 +1.455377e-11
19 +0 +0 +0 +1.054953e-11
20 +0 +0 +0 +8.856342e-12
21 +0 +0 +0 +6.864967e-12
22 +0 +0 +0 +3.040142e-12
23 +0 +0 +0 +2.809048e-12
24 +0 +0 +0 +2.751186e-12
25 +0 +0 +0 +7.713734e-13
26 +0 +0 +0 +1.172920e-12
27 +0 +0 +0 -3.199207e-13
28 +0 +0 +0 -9.820526e-13
29 +0 +0 +0 -6.967154e-13
30 +0 +0 +0 -5.796828e-13
31 +0 +0 +0 -1.508001e-13
32 +0 +0 +0 +2.426022e-13
33 +0 +0 +0 +2.446327e-13
34 +0 +0 +0 +1.147046e-13
35 +0 +0 +0 -3.038040e-14
36 +0 +0 +0 +8.135298e-13
37 +0 +0 +0 +4.740311e-13
38 +0 +0 +0 +7.533918e-15
39 +0 +0 +0 +2.359553e-14
40 +0 +0 +0 +2.291648e-13
41 +0 +0 +0 +2.304765e-15
42 +0 +0 +0 -9.145940e-14
43 +0 +0 +0 +9.416084e-14
44 +0 +0 +0 -4.246634e-14
45 +0 +0 +0 -9.178430e-14
46 +0 +0 +0 -6.904570e-14
47 +0 +0 +0 -7.839291e-14
48 +0 +0 +0 +4.323712e-14
49 +0 +0 +0 -5.211198e-14
50 +0 +0 +0 -1.050338e-13
51 +0 +0 +0 -7.622892e-14
52 +0 +0 +0 +4.070666e-14
53 +0 +0 +0 +1.776487e-13
54 +0 +0 +0 +7.179712e-14
55 +0 +0 +0 +1.478034e-13
56 +0 +0 +0 +3.024323e-13
57 +0 +0 +0 +1.806179e-13
58 +0 +0 +0 +2.705176e-13
59 +0 +0 +0 +4.215154e-13
60 +0 +0 +0 +3.770541e-13
61 +0 +0 +0 +3.171241e-13
62 +0 +0 +0 +2.085376e-13
63 +0 +0 +0 +2.404921e-13
