0 +0 +0 +0 +1.275600e-08
1 +0 +0 +0 +2.371038e-08
2 +0 +0 +0 +1.344293e-08
3 +0 +0 +0 +7.781882e-09
4 +0 +0 +0 +4.888750e-09
5 +0 +0 +0 +3.185868e-09
6 +0 +0 +0 +2.036697e-09
7 +0 +0 +0 +1.319338e-09
8 +0 +0 +0 +8.632199e-10
9 +0 +0 +0 +5.749810e-10
10 +0 +0 +0 +3.891078e-10
11 +0 +0 +0 +2.528245e-10
12 +0 +0 +0 +1.674058e-10
13 +0 +0 +0 +1.111030e-10
14 +0 +0 +0 +7.426423e-11
15 +0 +0 +0 +4.906465e-11
16 +0 +0 +0 +3.221420e-11
17 +0 +0 +0 +2.189670e-11
18 +0 +0 +0 +1.340320e-11
19 +0 +0 +0 +8.690038e-12
20 +0 +0 +0 +5.835088e-12
21 +0 +0 +0 +5.999333e-12
22 +0 +0 +0 +2.506490e-12
23 +0 +0 +0 +3.165671e-12
24 +0 +0 +0 +2.592267e-12
25 +0 +0 +0 +2.064098e-12
26 +0 +0 +0 +5.280681e-13
27 +0 +0 +0 -1.583566e-13
28 +0 +0 +0 -5.759825e-13
29 +0 +0 +0 -7.187561e-15
30 +0 +0 +0 +2.029583e-13
31 +0 +0 +0 +4.509156e-14
32 +0 +0 +0 +3.576691e-13
33 +0 +0 +0 +2.223467e-13
34 +0 +0 +0 +7.755925e-14
35 +0 +0 +0 +4.769987e-14
36 +0 +0 +0 +1.300199e-13
37 +0 +0 +0 +8.117158e-14
38 +0 +0 +0 -1.927952e-14
39 +0 +0 +0 -4.186541e-13
40 +0 +0 +0 -1.445309e-13
41 +0 +0 +0 +2.349785e-13
42 +0 +0 +0 +4.970061e-13
43 +0 +0 +0 +1.901101e-13
44 +0 +0 +0 +4.012034e-13
45 +0 +0 +0 +3.690665e-13
46 +0 +0 +0 +4.235571e-13
47 +0 +0 +0 +4.389598e-13
48 +0 +0 +0 +2.016226e-13
49 +0 +0 +0 +1.792816e-13
50 +0 +0 +0 +1.761012e-13
51 +0 +0 +0 +3.258311e-13
52 +0 +0 +0 +9.435318e-14
53 +0 +0 +0 +1.444525e-13
54 +0 +0 +0 +2.446040e-14
55 +0 +0 +0 +1.209282e-13
56 +0 +0 +0 +1.340684e-13
57 +0 +0 +0 +2.211611e-13
58 +0 +0 +0 +4.947882e-14
59 +0 +0 +0 +1.125860e-14
60 +0 +0 +0 +8.529579e-14
61 +0 +0 +0 +1.098426e-13
62 +0 +0 +0 +4.613920e-14
63 +0 +0 +0 +9.216439e-14
