0 +0 +0 +0 +1.307915e-08
1 +0 +0 +0 +2.408483e-08
2 +0 +0 +0 +1.316093e-08
3 +0 +0 +0 +7.691419e-09
4 +0 +0 +0 +4.826688e-09
5 +0 +0 +0 +3.029138e-09
6 +0 +0 +0 +1.964231e-09
7 +0 +0 +0 +1.297487e-09
8 +0 +0 +0 +8.694780e-10
9 +0 +0 +0 +5.807347e-10
10 +0 +0 +0 +3.897064e-10
11 +0 +0 +0 +2.652729e-10
12 +0 +0 +0 +1.804916e-10
13 +0 +0 +0 +1.102320e-10
14 +0 +0 +0 +7.664672e-11
15 +0 +0 +0 +5.071940e-11
16 +0 +0 +0 +3.848385e-11
17 +0 +0 +0 +2.732175e-11
18 +0 +0 +0 +1.801934e-11
19 +0 +0 +0 +1.094716e-11
20 +0 +0 +0 +8.622242e-12
21 +0 +0 +0 +6.566469e-12
22 +0 +0 +0 +4.806403e-12
23 +0 +0 +0 +4.613553e-12
24 +0 +0 +0 +4.810177e-12
25 +0 +0 +0 +3.958931e-12
26 +0 +0 +0 +3.115701e-12
27 +0 +0 +0 +1.843066e-12
28 +0 +0 +0 +8.971003e-13
29 +0 +0 +0 +4.312985e-13
30 +0 +0 +0 +1.085661e-13
31 +0 +0 +0 +1.302013e-13
32 +0 +0 +0 -9.752558e-14
33 +0 +0 +0 -1.859629e-13
34 +0 +0 +0 -1.206527e-13
35 +0 +0 +0 +3.171761e-13
36 +0 +0 +0 +2.311934e-13
37 +0 +0 +0 +3.257037e-14
38 +0 +0 +0 +2.484396e-13
39 +0 +0 +0 -5.368234e-14
40 +0 +0 +0 +4.309533e-13
41 +0 +0 +0 +7.201558e-13
42 +0 +0 +0 +5.389888e-13
43 +0 +0 +0 +4.112288e-13
44 +0 +0 +0 +3.108760e-13
45 +0 +0 +0 +3.948013e-13
46 +0 +0 +0 +3.513837e-13
47 +0 +0 +0 +2.860376e-13
48 +0 +0 +0 +1.696856e-13
49 +0 +0 +0 +4.884479e-14
50 +0 +0 +0 -2.631302e-14
51 +0 +0 +0 -9.712361e-14
52 +0 +0 +0 +6.726564e-14
53 +0 +0 +0 +1.774429e-14
54 +0 +0 +0 +3.544185e-14
55 +0 +0 +0 +5.502788e-14
56 +0 +0 +0 +6.207139e-14
57 +0 +0 +0 +1.698019e-14
58 +0 +0 +0 +2.282934e-14
59 +0 +0 +0 +3.463887e-14
60 +0 +0 +0 -1.942194e-14
61 +0 +0 +0 +5.016570e-15
62 +0 +0 +0 +1.121191e-13
63 +0 +0 +0 +2.543782e-14
