0 +0 +0 +0 +1.349409e-08
1 +0 +0 +0 +2.445567e-08
2 +0 +0 +0 +1.366385e-08
3 +0 +0 +0 +7.920880e-09
4 +0 +0 +0 +4.955781e-09
5 +0 +0 +0 +3.159047e-09
6 +0 +0 +0 +2.053921e-09
7 +0 +0 +0 +1.361139e-09
8 +0 +0 +0 +8.909408e-10
9 +0 +0 +0 +5.757700e-10
10 +0 +0 +0 +3.931529e-10
11 +0 +0 +0 +2.578052e-10
12 +0 +0 +0 +1.760792e-10
13 +0 +0 +0 +1.146564e-10
14 +0 +0 +0 +7.831630e-11
15 +0 +0 +0 +4.732081e-11
16 +0 +0 +0 +3.231240e-11
17 +0 +0 +0 +2.387648e-11
18 +0 +0 +0 +1.532129e-11
19 +0 +0 +0 +1.018275e-11
20 +0 +0 +0 +4.527969e-12
21 +0 +0 +0 +3.183030e-12
22 +0 +0 +0 +1.469691e-12
23 +0 +0 +0 -3.383993e-13
24 +0 +0 +0 +1.633878e-12
25 +0 +0 +0 +1.434515e-12
26 +0 +0 +0 +1.442596e-13
27 +0 +0 +0 +3.082287e-13
28 +0 +0 +0 +1.677890e-13
29 +0 +0 +0 +1.135647e-12
30 +0 +0 +0 +1.490354e-12
31 +0 +0 +0 +9.392548e-13
32 +0 +0 +0 +3.764197e-13
33 +0 +0 +0 +2.964281e-14
34 +0 +0 +0 -1.812603e-13
35 +0 +0 +0 -3.418880e-13
36 +0 +0 +0 -7.398347e-13
37 +0 +0 +0 -4.585056e-13
38 +0 +0 +0 -4.600835e-13
39 +0 +0 +0 -1.414130e-13
40 +0 +0 +0 -3.167615e-13
41 +0 +0 +0 -1.729655e-13
42 +0 +0 +0 -2.297952e-14
43 +0 +0 +0 -3.458663e-14
44 +0 +0 +0 +7.560179e-15
45 +0 +0 +0 -5.365962e-14
46 +0 +0 +0 -2.166951e-13
47 +0 +0 +0 -5.367105e-14
48 +0 +0 +0 -1.265853e-13
49 +0 +0 +0 -3.150543e-14
50 +0 +0 +0 -6.218483e-14
51 +0 +0 +0 +3.987457e-14
52 +0 +0 +0 +4.091630e-14
53 +0 +0 +0 -3.815850e-14
54 +0 +0 +0 -1.288227e-13
55 +0 +0 +0 -1.971302e-13
56 +0 +0 +0 -1.076607e-13
57 +0 +0 +0 -6.385841e-14
58 +0 +0 +0 -5.018141e-14
59 +0 +0 +0 -3.913718e-14
60 +0 +0 +0 -1.083525e-13
61 +0 +0 +0 -6.756949e-14
62 +0 +0 +0 -9.492139e-14
63 +0 +0 +0 -3.568705e-14
