0 +0 +0 +0 +1.284806e-08
1 +0 +0 +0 +2.433195e-08
2 +0 +0 +0 +1.363161e-08
3 +0 +0 +0 +7.917366e-09
4 +0 +0 +0 +4.980458e-09
5 +0 +0 +0 +3.162201e-09
6 +0 +0 +0 +2.021469e-09
7 +0 +0 +0 +1.327089e-09
8 +0 +0 +0 +8.866268e-10
9 +0 +0 +0 +5.948973e-10
10 +0 +0 +0 +3.882938e-10
11 +0 +0 +0 +2.631475e-10
12 +0 +0 +0 +1.822850e-10
13 +0 +0 +0 +1.264636e-10
14 +0 +0 +0 +8.856286e-11
15 +0 +0 +0 +6.283328e-11
16 +0 +0 +0 +3.879304e-11
17 +0 +0 +0 +2.786898e-11
18 +0 +0 +0 +2.083176e-11
19 +0 +0 +0 +1.370427e-11
20 +0 +0 +0 +8.033210e-12
21 +0 +0 +0 +6.501787e-12
22 +0 +0 +0 +6.769971e-12
23 +0 +0 +0 +4.367339e-12
24 +0 +0 +0 +2.492744e-12
25 +0 +0 +0 +1.841556e-12
26 +0 +0 +0 +9.431082e-13
27 +0 +0 +0 +1.839517e-12
28 +0 +0 +0 +2.187677e-12
29 +0 +0 +0 +2.355572e-12
30 +0 +0 +0 +1.650751e-12
31 +0 +0 +0 +1.883665e-12
32 +0 +0 +0 +4.878455e-13
33 +0 +0 +0 +6.419733e-13
34 +0 +0 +0 -1.570287e-13
35 +0 +0 +0 -3.216504e-13
36 +0 +0 +0 -1.532122e-13
37 +0 +0 +0 -1.700866e-13
38 +0 +0 +0 -2.968652e-13
39 +0 +0 +0 -2.494640e-13
40 +0 +0 +0 -1.867311e-14
41 +0 +0 +0 +6.600026e-14
42 +0 +0 +0 +6.672435e-14
43 +0 +0 +0 -3.641204e-15
44 +0 +0 +0 +1.900232e-13
45 +0 +0 +0 +1.909103e-13
46 +0 +0 +0 +1.392536e-14
47 +0 +0 +0 +5.365927e-14
48 +0 +0 +0 -1.687524e-14
49 +0 +0 +0 -4.952004e-14
50 +0 +0 +0 -5.383236e-14
51 +0 +0 +0 -1.039004e-13
52 +0 +0 +0 +6.914946e-15
53 +0 +0 +0 +1.970610e-14
54 +0 +0 +0 +1.390003e-13
55 +0 +0 +0 +6.002410e-14
56 +0 +0 +0 +1.918277e-13
57 +0 +0 +0 +2.555663e-13
58 +0 +0 +0 +1.806883e-13
59 +0 +0 +0 +2.008689e-13
60 +0 +0 +0 +5.656053e-14
61 +0 +0 +0 +9.186524e-14
62 +0 +0 +0 +1.539565e-13
63 +0 +0 +0 +1.459539e-13
