0 +0 +0 +0 +1.313546e-08
1 +0 +0 +0 +2.429669e-08
2 +0 +0 +0 +1.352032e-08
3 +0 +0 +0 +8.115615e-09
4 +0 +0 +0 +5.098115e-09
5 +0 +0 +0 +3.107590e-09
6 +0 +0 +0 +2.032929e-09
7 +0 +0 +0 +1.332326e-09
8 +0 +0 +0 +8.779859e-10
9 +0 +0 +0 +5.817448e-10
10 +0 +0 +0 +3.858436e-10
11 +0 +0 +0 +2.599930e-10
12 +0 +0 +0 +1.740999e-10
13 +0 +0 +0 +1.057363e-10
14 +0 +0 +0 +7.268143e-11
15 +0 +0 +0 +4.815169e-11
16 +0 +0 +0 +3.002854e-11
17 +0 +0 +0 +2.314075e-11
18 +0 +0 +0 +1.394802e-11
19 +0 +0 +0 +1.038297e-11
20 +0 +0 +0 +4.826878e-12
21 +0 +0 +0 +1.286368e-12
22 +0 +0 +0 +9.735408e-13
23 +0 +0 +0 +1.761845e-13
24 +0 +0 +0 -6.332080e-13
25 +0 +0 +0 -1.474260e-12
26 +0 +0 +0 -8.591369e-14
27 +0 +0 +0 -1.357896e-13
28 +0 +0 +0 -2.381410e-13
29 +0 +0 +0 +8.198167e-14
30 +0 +0 +0 -9.496172e-14
31 +0 +0 +0 +2.767961e-13
32 +0 +0 +0 -2.969868e-13
33 +0 +0 +0 -7.652265e-13
34 +0 +0 +0 -9.387988e-13
35 +0 +0 +0 -1.260753e-12
36 +0 +0 +0 -1.322474e-12
37 +0 +0 +0 -5.302753e-13
38 +0 +0 +0 -6.182356e-13
39 +0 +0 +0 -7.093826e-13
40 +0 +0 +0 -6.711656e-13
41 +0 +0 +0 -4.484799e-13
42 +0 +0 +0 -3.675865e-13
43 +0 +0 +0 -2.603114e-13
44 +0 +0 +0 +1.109444e-13
45 +0 +0 +0 +3.420923e-14
46 +0 +0 +0 -2.687713e-17
47 +0 +0 +0 -3.634944e-14
48 +0 +0 +0 +1.131914e-13
49 +0 +0 +0 +1.520433e-13
50 +0 +0 +0 +1.562492e-13
51 +0 +0 +0 +9.693353e-14
52 +0 +0 +0 +1.185986e-13
53 +0 +0 +0 +7.478720e-14
54 +0 +0 +0 -7.507904e-14
55 +0 +0 +0 -1.194330e-13
56 +0 +0 +0 -1.442689e-13
57 +0 +0 +0 +2.208276e-15
58 +0 +0 +0 -5.720962e-14
59 +0 +0 +0 +3.154212e-16
60 +0 +0 +0 -5.825198e-15
61 +0 +0 +0 +1.313553e-15
62 +0 +0 +0 +5.395807e-14
63 +0 +0 +0 +3.140675e-14
