0 +0 +0 +0 +1.320878e-08
1 +0 +0 +0 +2.455235e-08
2 +0 +0 +0 +1.338524e-08
3 +0 +0 +0 +8.067393e-09
4 +0 +0 +0 +5.009295e-09
5 +0 +0 +0 +3.181165e-09
6 +0 +0 +0 +2.125588e-09
7 +0 +0 +0 +1.398721e-09
8 +0 +0 +0 +9.372669e-10
9 +0 +0 +0 +6.191194e-10
10 +0 +0 +0 +4.149890e-10
11 +0 +0 +0 +2.857358e-10
12 +0 +0 +0 +1.931189e-10
13 +0 +0 +0 +1.346709e-10
14 +0 +0 +0 +1.001203e-10
15 +0 +0 +0 +6.703098e-11
16 +0 +0 +0 +5.105124e-11
17 +0 +0 +0 +3.293228e-11
18 +0 +0 +0 +2.156499e-11
19 +0 +0 +0 +1.475834e-11
20 +0 +0 +0 +1.175776e-11
21 +0 +0 +0 +5.590033e-12
22 +0 +0 +0 +3.236018e-12
23 +0 +0 +0 +3.363505e-12
24 +0 +0 +0 +2.255629e-12
25 +0 +0 +0 +3.178047e-12
26 +0 +0 +0 +2.022435e-12
27 +0 +0 +0 +1.101432e-12
28 +0 +0 +0 +1.157675e-12
29 +0 +0 +0 +1.656373e-13
30 +0 +0 +0 -2.667893e-13
31 +0 +0 +0 -9.743978e-13
32 +0 +0 +0 -9.610347e-13
33 +0 +0 +0 -7.627013e-13
34 +0 +0 +0 -6.525391e-13
35 +0 +0 +0 -4.696995e-13
36 +0 +0 +0 -3.927782e-13
37 +0 +0 +0 -3.824941e-13
38 +0 +0 +0 -6.293935e-13
39 +0 +0 +0 -2.979503e-13
40 +0 +0 +0 -2.381363e-13
41 +0 +0 +0 -8.295982e-14
42 +0 +0 +0 +5.774122e-14
43 +0 +0 +0 +2.779840e-13
44 +0 +0 +0 +1.641422e-13
45 +0 +0 +0 +8.831447e-14
46 +0 +0 +0 +1.405552e-13
47 +0 +0 +0 +6.086127e-14
48 +0 +0 +0 +3.905867e-14
49 +0 +0 +0 -1.474976e-14
50 +0 +0 +0 +3.585927e-14
51 +0 +0 +0 +6.910112e-14
52 +0 +0 +0 +1.376803e-13
53 +0 +0 +0 +9.046011e-14
54 +0 +0 +0 +3.659277e-14
55 +0 +0 +0 +1.508616e-14
56 +0 +0 +0 -2.745130e-15
57 +0 +0 +0 -5.599940e-14
58 +0 +0 +0 -1.128579e-13
59 +0 +0 +0 -9.177600e-14
60 +0 +0 +0 -1.848905e-13
61 +0 +0 +0 -1.756795e-13
62 +0 +0 +0 -2.155907e-13
63 +0 +0 +0 -1.616822e-13
