0 +0 +0 +0 +1.309442e-08
1 +0 +0 +0 +2.448367e-08
2 +0 +0 +0 +1.384230e-08
3 +0 +0 +0 +8.218783e-09
4 +0 +0 +0 +5.045376e-09
5 +0 +0 +0 +3.140065e-09
6 +0 +0 +0 +2.054228e-09
7 +0 +0 +0 +1.345996e-09
8 +0 +0 +0 +8.699765e-10
9 +0 +0 +0 +5.692611e-10
10 +0 +0 +0 +3.731886e-10
11 +0 +0 +0 +2.483672e-10
12 +0 +0 +0 +1.590746e-10
13 +0 +0 +0 +1.083518e-10
14 +0 +0 +0 +7.125511e-11
15 +0 +0 +0 +4.963036e-11
16 +0 +0 +0 +3.277293e-11
17 +0 +0 +0 +2.374896e-11
18 +0 +0 +0 +1.722635e-11
19 +0 +0 +0 +9.738362e-12
20 +0 +0 +0 +8.141976e-12
21 +0 +0 +0 +5.762444e-12
22 +0 +0 +0 +2.584365e-12
23 +0 +0 +0 +1.842034e-12
24 +0 +0 +0 +1.495436e-12
25 +0 +0 +0 +2.866641e-13
26 +0 +0 +0 -5.084916e-13
27 +0 +0 +0 -9.542138e-13
28 +0 +0 +0 -1.156379e-12
29 +0 +0 +0 -1.065232e-12
30 +0 +0 +0 -1.476967e-12
31 +0 +0 +0 -1.457034e-12
32 +0 +0 +0 -1.685775e-12
33 +0 +0 +0 -1.511790e-12
34 +0 +0 +0 -1.463492e-12
35 +0 +0 +0 -1.265747e-12
36 +0 +0 +0 -7.898742e-13
37 +0 +0 +0 -4.412447e-13
38 +0 +0 +0 -1.905229e-13
39 +0 +0 +0 -1.637577e-13
40 +0 +0 +0 -5.461929e-14
41 +0 +0 +0 +2.886163e-13
42 +0 +0 +0 +4.944997e-13
43 +0 +0 +0 +3.568348e-13
44 +0 +0 +0 +5.139835e-13
45 +0 +0 +0 +2.529774e-13
46 +0 +0 +0 +1.874898e-13
47 +0 +0 +0 +2.475048e-14
48 +0 +0 +0 +2.949580e-14
49 +0 +0 +0 -7.037765e-14
50 +0 +0 +0 -5.053751e-14
51 +0 +0 +0 -7.458143e-14
52 +0 +0 +0 -5.331359e-14
53 +0 +0 +0 +8.934607e-14
54 +0 +0 +0 +5.319663e-14
55 +0 +0 +0 +1.002685e-13
56 +0 +0 +0 +1.567190e-13
57 +0 +0 +0 +1.049460e-14
58 +0 +0 +0 -7.007730e-14
59 +0 +0 +0 -9.879747e-14
60 +0 +0 +0 -1.376521e-13
61 +0 +0 +0 -3.575310e-14
62 +0 +0 +0 +1.478841e-14
63 +0 +0 +0 -3.736556e-14
