0 +0 +0 +0 +1.292230e-08
1 +0 +0 +0 +2.395436e-08
2 +0 +0 +0 +1.359215e-08
3 +0 +0 +0 +7.831452e-09
4 +0 +0 +0 +4.833637e-09
5 +0 +0 +0 +3.141248e-09
6 +0 +0 +0 +2.002210e-09
7 +0 +0 +0 +1.316933e-09
8 +0 +0 +0 +8.982798e-10
9 +0 +0 +0 +6.099082e-10
10 +0 +0 +0 +4.128633e-10
11 +0 +0 +0 +2.837881e-10
12 +0 +0 +0 +1.941523e-10
13 +0 +0 +0 +1.332265e-10
14 +0 +0 +0 +9.437252e-11
15 +0 +0 +0 +6.520022e-11
16 +0 +0 +0 +4.564417e-11
17 +0 +0 +0 +3.237397e-11
18 +0 +0 +0 +2.483086e-11
19 +0 +0 +0 +1.870768e-11
20 +0 +0 +0 +1.224430e-11
21 +0 +0 +0 +7.489211e-12
22 +0 +0 +0 +6.113393e-12
23 +0 +0 +0 +3.369546e-12
24 +0 +0 +0 +1.244816e-12
25 +0 +0 +0 +1.668293e-12
26 +0 +0 +0 +7.790248e-14
27 +0 +0 +0 +6.801260e-13
28 +0 +0 +0 -1.105438e-13
29 +0 +0 +0 -6.636990e-13
30 +0 +0 +0 -7.307019e-13
31 +0 +0 +0 -3.373447e-13
32 +0 +0 +0 -4.206315e-13
33 +0 +0 +0 -2.845491e-13
34 +0 +0 +0 +1.739348e-13
35 +0 +0 +0 +3.146012e-13
36 +0 +0 +0 +1.649470e-13
37 +0 +0 +0 -1.390210e-13
38 +0 +0 +0 -1.771912e-13
39 +0 +0 +0 -2.444008e-13
40 +0 +0 +0 -5.974422e-13
41 +0 +0 +0 -5.670453e-13
42 +0 +0 +0 -5.602685e-13
43 +0 +0 +0 -4.032527e-13
44 +0 +0 +0 -2.039197e-13
45 +0 +0 +0 -1.383685e-13
46 +0 +0 +0 -1.020640e-13
47 +0 +0 +0 -1.185964e-13
48 +0 +0 +0 -2.230017e-13
49 +0 +0 +0 -7.689625e-14
50 +0 +0 +0 -8.068143e-14
51 +0 +0 +0 -1.055854e-13
52 +0 +0 +0 -3.625347e-14
53 +0 +0 +0 +3.619309e-14
54 +0 +0 +0 +6.628506e-14
55 +0 +0 +0 +1.057811e-13
56 +0 +0 +0 +1.476365e-13
57 +0 +0 +0 +8.781060e-14
58 +0 +0 +0 +1.144442e-13
59 +0 +0 +0 +1.537468e-13
60 +0 +0 +0 +1.065626e-13
61 +0 +0 +0 +1.581369e-13
62 +0 +0 +0 +7.438420e-14
63 +0 +0 +0 +8.354993e-14
