0 +0 +0 +0 +1.263607e-08
1 +0 +0 +0 +2.415018e-08
2 +0 +0 +0 +1.323428e-08
3 +0 +0 +0 +8.017311e-09
4 +0 +0 +0 +4.789652e-09
5 +0 +0 +0 +3.117912e-09
6 +0 +0 +0 +2.052431e-09
7 +0 +0 +0 +1.368085e-09
8 +0 +0 +0 +8.694842e-10
9 +0 +0 +0 +5.795047e-10
10 +0 +0 +0 +3.820518e-10
11 +0 +0 +0 +2.543916e-10
12 +0 +0 +0 +1.664826e-10
13 +0 +0 +0 +1.131246e-10
14 +0 +0 +0 +7.496317e-11
15 +0 +0 +0 +5.003272e-11
16 +0 +0 +0 +3.380691e-11
17 +0 +0 +0 +2.058593e-11
18 +0 +0 +0 +1.266602e-11
19 +0 +0 +0 +1.226435e-11
20 +0 +0 +0 +1.003178e-11
21 +0 +0 +0 +4.447366e-12
22 +0 +0 +0 +6.025739e-12
23 +0 +0 +0 +5.090503e-12
24 +0 +0 +0 +3.842213e-12
25 +0 +0 +0 +3.545905e-12
26 +0 +0 +0 +2.903820e-12
27 +0 +0 +0 +2.457181e-12
28 +0 +0 +0 +9.162487e-13
29 +0 +0 +0 +1.264312e-12
30 +0 +0 +0 -9.866049e-14
31 +0 +0 +0 -1.341280e-13
32 +0 +0 +0 -1.613215e-13
33 +0 +0 +0 -1.908492e-13
34 +0 +0 +0 +8.425426e-14
35 +0 +0 +0 +2.886911e-13
36 +0 +0 +0 -6.959610e-14
37 +0 +0 +0 +2.049199e-13
38 +0 +0 +0 +1.702733e-13
39 +0 +0 +0 +1.926340e-15
40 +0 +0 +0 +2.693641e-14
41 +0 +0 +0 +1.527223e-13
42 +0 +0 +0 +1.035383e-13
43 +0 +0 +0 +9.039598e-14
44 +0 +0 +0 +8.224723e-14
45 +0 +0 +0 +3.028400e-13
46 +0 +0 +0 +4.045817e-13
47 +0 +0 +0 +3.995434e-13
48 +0 +0 +0 +4.497012e-13
49 +0 +0 +0 +2.873935e-13
50 +0 +0 +0 +1.525494e-13
51 +0 +0 +0 +9.911399e-14
52 +0 +0 +0 +6.105488e-14
53 +0 +0 +0 -8.491750e-14
54 +0 +0 +0 +5.139605e-14
55 +0 +0 +0 -2.301504e-14
56 +0 +0 +0 -1.618532e-13
57 +0 +0 +0 -1.423880e-13
58 +0 +0 +0 -1.448714e-13
59 +0 +0 +0 -6.889864e-14
60 +0 +0 +0 -1.704177e-14
61 +0 +0 +0 +1.252057e-14
62 +0 +0 +0 +4.863047e-14
63 +0 +0 +0 +9.352234e-14
