0 +0 +0 +0 +1.278402e-08
1 +0 +0 +0 +2.404397e-08
2 +0 +0 +0 +1.332696e-08
3 +0 +0 +0 +7.898332e-09
4 +0 +0 +0 +4.714961e-09
5 +0 +0 +0 +2.994405e-09
6 +0 +0 +0 +1.923013e-09
7 +0 +0 +0 +1.247464e-09
8 +0 +0 +0 +8.327233e-10
9 +0 +0 +0 +5.496426e-10
10 +0 +0 +0 +3.651200e-10
11 +0 +0 +0 +2.471342e-10
12 +0 +0 +0 +1.665434e-10
13 +0 +0 +0 +1.094420e-10
14 +0 +0 +0 +7.272986e-11
15 +0 +0 +0 +4.698469e-11
16 +0 +0 +0 +3.111308e-11
17 +0 +0 +0 +2.455063e-11
18 +0 +0 +0 +1.251806e-11
19 +0 +0 +0 +8.349957e-12
20 +0 +0 +0 +6.262948e-12
21 +0 +0 +0 +2.716514e-12
22 +0 +0 +0 +2.906604e-12
23 +0 +0 +0 +7.813456e-13
24 +0 +0 +0 +5.411551e-14
25 +0 +0 +0 -1.195030e-13
26 +0 +0 +0 +2.852742e-14
27 +0 +0 +0 -1.444730e-13
28 +0 +0 +0 -3.273775e-13
29 +0 +0 +0 -5.110848e-13
30 +0 +0 +0 -3.783577e-13
31 +0 +0 +0 +1.554750e-13
32 +0 +0 +0 +3.349719e-13
33 +0 +0 +0 +8.474752e-13
34 +0 +0 +0 +5.849538e-13
35 +0 +0 +0 +6.416986e-13
36 +0 +0 +0 +2.547083e-13
37 +0 +0 +0 +2.105522e-14
38 +0 +0 +0 -7.416429e-14
39 +0 +0 +0 -3.505058e-14
40 +0 +0 +0 -2.274223e-13
41 +0 +0 +0 -1.631335e-13
42 +0 +0 +0 -3.418295e-13
43 +0 +0 +0 -3.250085e-13
44 +0 +0 +0 -1.542135e-13
45 +0 +0 +0 +3.621488e-14
46 +0 +0 +0 -8.514156e-14
47 +0 +0 +0 -3.584936e-13
48 +0 +0 +0 -2.326751e-13
49 +0 +0 +0 -2.585741e-13
50 +0 +0 +0 -5.632308e-14
51 +0 +0 +0 -1.251632e-13
52 +0 +0 +0 -1.519241e-13
53 +0 +0 +0 -3.569933e-14
54 +0 +0 +0 -1.175494e-13
55 +0 +0 +0 -2.782947e-14
56 +0 +0 +0 -4.202746e-14
57 +0 +0 +0 -1.226171e-14
58 +0 +0 +0 +9.589424e-14
59 +0 +0 +0 +4.935336e-14
60 +0 +0 +0 +6.307309e-14
61 +0 +0 +0 +1.548491e-14
62 +0 +0 +0 +3.464472e-14
63 +0 +0 +0 +5.891796e-14
