0 +0 +0 +0 +1.287460e-08
1 +0 +0 +0 +2.381649e-08
2 +0 +0 +0 +1.317464e-08
3 +0 +0 +0 +7.878242e-09
4 +0 +0 +0 +4.826865e-09
5 +0 +0 +0 +3.086807e-09
6 +0 +0 +0 +2.010672e-09
7 +0 +0 +0 +1.302840e-09
8 +0 +0 +0 +8.759154e-10
9 +0 +0 +0 +5.752071e-10
10 +0 +0 +0 +3.857084e-10
11 +0 +0 +0 +2.532538e-10
12 +0 +0 +0 +1.675603e-10
13 +0 +0 +0 +1.121667e-10
14 +0 +0 +0 +7.417127e-11
15 +0 +0 +0 +5.639563e-11
16 +0 +0 +0 +3.578921e-11
17 +0 +0 +0 +2.087171e-11
18 +0 +0 +0 +1.249251e-11
19 +0 +0 +0 +5.978923e-12
20 +0 +0 +0 +4.764019e-12
21 +0 +0 +0 +2.167472e-12
22 +0 +0 +0 +5.516217e-13
23 +0 +0 +0 -2.761853e-13
24 +0 +0 +0 -3.371766e-13
25 +0 +0 +0 +5.977757e-13
26 +0 +0 +0 -6.044516e-13
27 +0 +0 +0 -2.210531e-13
28 +0 +0 +0 -3.388708e-13
29 +0 +0 +0 -6.739435e-13
30 +0 +0 +0 +4.975651e-13
31 +0 +0 +0 +7.266662e-13
32 +0 +0 +0 +1.254149e-12
33 +0 +0 +0 +1.332144e-12
34 +0 +0 +0 +9.895630e-13
35 +0 +0 +0 +6.431455e-13
36 +0 +0 +0 +7.453614e-13
37 +0 +0 +0 +4.301719e-13
38 +0 +0 +0 +3.301883e-13
39 +0 +0 +0 +4.347286e-13
40 +0 +0 +0 +3.103361e-13
41 +0 +0 +0 +1.511361e-13
42 +0 +0 +0 +8.093396e-14
43 +0 +0 +0 -1.242597e-13
44 +0 +0 +0 -2.459172e-13
45 +0 +0 +0 -2.577015e-13
46 +0 +0 +0 -4.453798e-14
47 +0 +0 +0 -1.439219e-13
48 +0 +0 +0 -6.819144e-14
49 +0 +0 +0 -1.136205e-13
50 +0 +0 +0 -3.625160e-15
51 +0 +0 +0 -1.812318e-15
52 +0 +0 +0 -3.994146e-14
53 +0 +0 +0 +7.764336e-14
54 +0 +0 +0 +2.180989e-14
55 +0 +0 +0 -3.142404e-15
56 +0 +0 +0 +6.461378e-14
57 +0 +0 +0 +2.231211e-14
58 +0 +0 +0 -2.958333e-14
59 +0 +0 +0 -5.826398e-14
60 +0 +0 +0 -2.368634e-14
61 +0 +0 +0 -1.297682e-14
62 +0 +0 +0 -4.722237e-14
63 +0 +0 +0 -7.471758e-14
