0 +0 +0 +0 +1.367251e-08
1 +0 +0 +0 +2.466918e-08
2 +0 +0 +0 +1.374965e-08
3 +0 +0 +0 +8.116053e-09
4 +0 +0 +0 +4.996299e-09
5 +0 +0 +0 +3.289577e-09
6 +0 +0 +0 +2.128975e-09
7 +0 +0 +0 +1.385883e-09
8 +0 +0 +0 +9.220862e-10
9 +0 +0 +0 +6.016082e-10
10 +0 +0 +0 +4.066570e-10
11 +0 +0 +0 +2.616422e-10
12 +0 +0 +0 +1.746442e-10
13 +0 +0 +0 +1.153569e-10
14 +0 +0 +0 +7.344727e-11
15 +0 +0 +0 +5.144259e-11
16 +0 +0 +0 +3.754910e-11
17 +0 +0 +0 +2.377123e-11
18 +0 +0 +0 +1.577128e-11
19 +0 +0 +0 +1.213579e-11
20 +0 +0 +0 +8.963484e-12
21 +0 +0 +0 +9.648240e-12
22 +0 +0 +0 +7.037232e-12
23 +0 +0 +0 +4.634685e-12
24 +0 +0 +0 +2.648564e-12
25 +0 +0 +0 +2.022061e-12
26 +0 +0 +0 +8.738710e-13
27 +0 +0 +0 +1.242814e-13
28 +0 +0 +0 +1.745758e-13
29 +0 +0 +0 +8.211202e-13
30 +0 +0 +0 +8.673306e-13
31 +0 +0 +0 +5.687412e-13
32 +0 +0 +0 +5.124576e-13
33 +0 +0 +0 +2.784903e-13
34 +0 +0 +0 +5.475739e-13
35 +0 +0 +0 +3.555490e-13
36 +0 +0 +0 +2.116679e-13
37 +0 +0 +0 +5.364885e-13
38 +0 +0 +0 +6.262745e-13
39 +0 +0 +0 +2.369954e-13
40 +0 +0 +0 -1.727484e-14
41 +0 +0 +0 -2.887587e-14
42 +0 +0 +0 -1.109764e-13
43 +0 +0 +0 -1.267292e-13
44 +0 +0 +0 +3.599735e-14
45 +0 +0 +0 -9.975631e-14
46 +0 +0 +0 +2.552693e-13
47 +0 +0 +0 +2.648605e-13
48 +0 +0 +0 +1.599523e-13
49 +0 +0 +0 -1.291963e-13
50 +0 +0 +0 -8.895449e-14
51 +0 +0 +0 -9.643133e-15
52 +0 +0 +0 -1.304949e-13
53 +0 +0 +0 +1.265264e-15
54 +0 +0 +0 -1.215195e-13
55 +0 +0 +0 -1.374320e-13
56 +0 +0 +0 -1.923446e-13
57 +0 +0 +0 -2.166496e-13
58 +0 +0 +0 -1.903422e-13
59 +0 +0 +0 -1.669750e-13
60 +0 +0 +0 -1.376710e-13
61 +0 +0 +0 -1.338783e-13
62 +0 +0 +0 -1.353795e-14
63 +0 +0 +0 -4.916585e-14
