0 +0 +0 +0 +1.239883e-08
1 +0 +0 +0 +2.414003e-08
2 +0 +0 +0 +1.337876e-08
3 +0 +0 +0 +8.056250e-09
4 +0 +0 +0 +5.082322e-09
5 +0 +0 +0 +3.172542e-09
6 +0 +0 +0 +2.059278e-09
7 +0 +0 +0 +1.339626e-09
8 +0 +0 +0 +8.438114e-10
9 +0 +0 +0 +5.504630e-10
10 +0 +0 +0 +3.771340e-10
11 +0 +0 +0 +2.642420e-10
12 +0 +0 +0 +1.787932e-10
13 +0 +0 +0 +1.310868e-10
14 +0 +0 +0 +8.895783e-11
15 +0 +0 +0 +6.444487e-11
16 +0 +0 +0 +4.302614e-11
17 +0 +0 +0 +3.188562e-11
18 +0 +0 +0 +2.295455e-11
19 +0 +0 +0 +1.696702e-11
20 +0 +0 +0 +1.284024e-11
21 +0 +0 +0 +9.527882e-12
22 +0 +0 +0 +5.322805e-12
23 +0 +0 +0 +3.468640e-12
24 +0 +0 +0 +4.094760e-12
25 +0 +0 +0 +3.077807e-12
26 +0 +0 +0 +2.498088e-12
27 +0 +0 +0 +2.068954e-12
28 +0 +0 +0 +6.292294e-13
29 +0 +0 +0 +8.633462e-14
30 +0 +0 +0 +6.919109e-14
31 +0 +0 +0 -4.742141e-13
32 +0 +0 +0 -7.331180e-13
33 +0 +0 +0 -5.744959e-13
34 +0 +0 +0 -5.357390e-13
35 +0 +0 +0 -8.150554e-13
36 +0 +0 +0 -7.416839e-13
37 +0 +0 +0 -4.679579e-13
38 +0 +0 +0 -2.643561e-13
39 +0 +0 +0 -2.883203e-13
40 +0 +0 +0 -4.459913e-13
41 +0 +0 +0 -2.186254e-13
42 +0 +0 +0 -2.729415e-13
43 +0 +0 +0 -8.027647e-14
44 +0 +0 +0 +8.170927e-14
45 +0 +0 +0 +7.845830e-14
46 +0 +0 +0 +2.767496e-13
47 +0 +0 +0 +2.799128e-13
48 +0 +0 +0 +3.237969e-13
49 +0 +0 +0 +1.832495e-13
50 +0 +0 +0 +1.654145e-13
51 +0 +0 +0 +7.803118e-14
52 +0 +0 +0 -5.204657e-14
53 +0 +0 +0 +5.194123e-14
54 +0 +0 +0 +2.178088e-14
55 +0 +0 +0 -2.988279e-14
56 +0 +0 +0 -3.663522e-14
57 +0 +0 +0 +1.127973e-14
58 +0 +0 +0 +6.388903e-15
59 +0 +0 +0 -1.927850e-14
60 +0 +0 +0 +1.504421e-14
61 +0 +0 +0 +1.288125e-13
62 +0 +0 +0 +6.883569e-14
63 +0 +0 +0 +8.550339e-15
