0 +0 +0 +0 +1.272393e-08
1 +0 +0 +0 +2.331185e-08
2 +0 +0 +0 +1.282740e-08
3 +0 +0 +0 +7.588992e-09
4 +0 +0 +0 +4.714229e-09
5 +0 +0 +0 +3.013331e-09
6 +0 +0 +0 +1.934689e-09
7 +0 +0 +0 +1.247840e-09
8 +0 +0 +0 +8.571575e-10
9 +0 +0 +0 +5.621792e-10
10 +0 +0 +0 +3.950665e-10
11 +0 +0 +0 +2.646637e-10
12 +0 +0 +0 +1.687480e-10
13 +0 +0 +0 +1.160859e-10
14 +0 +0 +0 +7.851444e-11
15 +0 +0 +0 +5.365702e-11
16 +0 +0 +0 +3.712087e-11
17 +0 +0 +0 +2.516107e-11
18 +0 +0 +0 +1.704897e-11
19 +0 +0 +0 +1.240142e-11
20 +0 +0 +0 +5.189367e-12
21 +0 +0 +0 +4.597273e-12
22 +0 +0 +0 +1.498575e-12
23 +0 +0 +0 +8.260321e-13
24 +0 +0 +0 +3.059200e-13
25 +0 +0 +0 -1.112435e-12
26 +0 +0 +0 -7.664632e-13
27 +0 +0 +0 -1.167876e-12
28 +0 +0 +0 -1.508313e-12
29 +0 +0 +0 -6.391873e-13
30 +0 +0 +0 -4.927231e-13
31 +0 +0 +0 -5.431462e-13
32 +0 +0 +0 -6.921806e-13
33 +0 +0 +0 -5.050359e-13
34 +0 +0 +0 -5.659463e-13
35 +0 +0 +0 -3.899677e-13
36 +0 +0 +0 -5.561471e-13
37 +0 +0 +0 -3.610896e-13
38 +0 +0 +0 -3.604358e-13
39 +0 +0 +0 +2.394373e-14
40 +0 +0 +0 +1.035534e-13
41 +0 +0 +0 +1.684144e-13
42 +0 +0 +0 +8.510568e-14
43 +0 +0 +0 -6.614110e-14
44 +0 +0 +0 -1.648412e-13
45 +0 +0 +0 -2.453759e-13
46 +0 +0 +0 -1.491065e-13
47 +0 +0 +0 -2.447029e-13
48 +0 +0 +0 -9.577542e-14
49 +0 +0 +0 +9.441000e-14
50 +0 +0 +0 +7.283020e-14
51 +0 +0 +0 +6.907735e-15
52 +0 +0 +0 -5.916654e-14
53 +0 +0 +0 +3.274410e-14
54 +0 +0 +0 -1.885620e-14
55 +0 +0 +0 -7.380903e-16
56 +0 +0 +0 +7.901564e-14
57 +0 +0 +0 +1.415745e-13
58 +0 +0 +0 +7.264911e-14
59 +0 +0 +0 +7.466527e-14
60 +0 +0 +0 +1.080295e-13
61 +0 +0 +0 +9.799734e-14
62 +0 +0 +0 +8.117542e-14
63 +0 +0 +0 +1.850033e-13
