0 +0 +0 +0 +1.145208e-08
1 +0 +0 +0 +2.383476e-08
2 +0 +0 +0 +1.324103e-08
3 +0 +0 +0 +7.626638e-09
4 +0 +0 +0 +4.715435e-09
5 +0 +0 +0 +3.046700e-09
6 +0 +0 +0 +1.926272e-09
7 +0 +0 +0 +1.314225e-09
8 +0 +0 +0 +8.761885e-10
9 +0 +0 +0 +5.691738e-10
10 +0 +0 +0 +3.744397e-10
11 +0 +0 +0 +2.473519e-10
12 +0 +0 +0 +1.610241e-10
13 +0 +0 +0 +1.128090e-10
14 +0 +0 +0 +8.132331e-11
15 +0 +0 +0 +5.831847e-11
16 +0 +0 +0 +4.169512e-11
17 +0 +0 +0 +2.545532e-11
18 +0 +0 +0 +1.863163e-11
19 +0 +0 +0 +1.151289e-11
20 +0 +0 +0 +7.417222e-12
21 +0 +0 +0 +6.342138e-12
22 +0 +0 +0 +4.137998e-12
23 +0 +0 +0 +4.254974e-12
24 +0 +0 +0 +3.492886e-12
25 +0 +0 +0 +2.762489e-12
26 +0 +0 +0 +2.289512e-12
27 +0 +0 +0 +2.044913e-12
28 +0 +0 +0 +1.342540e-12
29 +0 +0 +0 +4.235542e-13
30 +0 +0 +0 +5.002233e-14
31 +0 +0 +0 -2.212835e-14
32 +0 +0 +0 -8.496864e-14
33 +0 +0 +0 +3.059834e-13
34 +0 +0 +0 +3.060155e-13
35 +0 +0 +0 +8.500139e-13
36 +0 +0 +0 +9.092910e-13
37 +0 +0 +0 +4.099025e-13
38 +0 +0 +0 +4.910518e-13
39 +0 +0 +0 +5.073780e-14
40 +0 +0 +0 -6.436645e-14
41 +0 +0 +0 -1.733828e-13
42 +0 +0 +0 -3.057398e-13
43 +0 +0 +0 +9.394977e-15
44 +0 +0 +0 -1.579689e-13
45 +0 +0 +0 -6.761690e-14
46 +0 +0 +0 -2.392391e-13
47 +0 +0 +0 -4.488103e-14
48 +0 +0 +0 -4.478572e-14
49 +0 +0 +0 -4.560736e-14
50 +0 +0 +0 -5.759799e-15
51 +0 +0 +0 -2.859066e-14
52 +0 +0 +0 -1.637861e-13
53 +0 +0 +0 -2.636029e-13
54 +0 +0 +0 -2.628151e-13
55 +0 +0 +0 -8.650994e-14
56 +0 +0 +0 -2.787055e-14
57 +0 +0 +0 +3.743061e-15
58 +0 +0 +0 +2.862088e-14
59 +0 +0 +0 +2.994267e-14
60 +0 +0 +0 -2.475179e-15
61 +0 +0 +0 +7.251118e-14
62 +0 +0 +0 -3.864148e-16
63 +0 +0 +0 -4.921787e-14
