0 +0 +0 +0 +1.167829e-08
1 +0 +0 +0 +2.369878e-08
2 +0 +0 +0 +1.308153e-08
3 +0 +0 +0 +7.651367e-09
4 +0 +0 +0 +4.748472e-09
5 +0 +0 +0 +3.033621e-09
6 +0 +0 +0 +1.952860e-09
7 +0 +0 +0 +1.274237e-09
8 +0 +0 +0 +8.582471e-10
9 +0 +0 +0 +5.762445e-10
10 +0 +0 +0 +3.742830e-10
11 +0 +0 +0 +2.520484e-10
12 +0 +0 +0 +1.750172e-10
13 +0 +0 +0 +1.183800e-10
14 +0 +0 +0 +7.733954e-11
15 +0 +0 +0 +5.176380e-11
16 +0 +0 +0 +3.266195e-11
17 +0 +0 +0 +2.097520e-11
18 +0 +0 +0 +1.336590e-11
19 +0 +0 +0 +8.461169e-12
20 +0 +0 +0 +5.895939e-12
21 +0 +0 +0 +3.217271e-12
22 +0 +0 +0 +1.735017e-12
23 +0 +0 +0 +1.802069e-13
24 +0 +0 +0 -8.766524e-13
25 +0 +0 +0 -2.125804e-12
26 +0 +0 +0 -2.442101e-12
27 +0 +0 +0 -1.797797e-12
28 +0 +0 +0 -1.615832e-12
29 +0 +0 +0 -1.343728e-12
30 +0 +0 +0 -8.221759e-13
31 +0 +0 +0 -1.202950e-12
32 +0 +0 +0 -7.999620e-13
33 +0 +0 +0 -7.563006e-13
34 +0 +0 +0 -7.971322e-13
35 +0 +0 +0 -4.307324e-13
36 +0 +0 +0 -4.785518e-13
37 +0 +0 +0 -2.319101e-13
38 +0 +0 +0 -1.645304e-13
39 +0 +0 +0 -6.722614e-14
40 +0 +0 +0 -1.724603e-13
41 +0 +0 +0 -2.327792e-13
42 +0 +0 +0 -2.337497e-13
43 +0 +0 +0 -1.080614e-13
44 +0 +0 +0 +2.709954e-15
45 +0 +0 +0 -1.101830e-13
46 +0 +0 +0 -3.339774e-13
47 +0 +0 +0 -3.546596e-13
48 +0 +0 +0 -2.223095e-13
49 +0 +0 +0 -1.388035e-13
50 +0 +0 +0 -1.293109e-13
51 +0 +0 +0 -1.611816e-13
52 +0 +0 +0 -1.204572e-13
53 +0 +0 +0 -2.268231e-13
54 +0 +0 +0 -1.474800e-13
55 +0 +0 +0 -3.097055e-14
56 +0 +0 +0 -1.224041e-13
57 +0 +0 +0 -5.410077e-14
58 +0 +0 +0 -6.350975e-14
59 +0 +0 +0 -4.379555e-14
60 +0 +0 +0 -9.079436e-14
61 +0 +0 +0 -1.204724e-13
62 +0 +0 +0 -1.364770e-13
63 +0 +0 +0 -1.247267e-13
