0 +0 +0 +0 +1.336436e-08
1 +0 +0 +0 +2.546892e-08
2 +0 +0 +0 +1.428245e-08
3 +0 +0 +0 +8.381026e-09
4 +0 +0 +0 +5.197030e-09
5 +0 +0 +0 +3.387342e-09
6 +0 +0 +0 +2.178160e-09
7 +0 +0 +0 +1.446956e-09
8 +0 +0 +0 +9.551097e-10
9 +0 +0 +0 +6.416436e-10
10 +0 +0 +0 +4.249828e-10
11 +0 +0 +0 +2.903278e-10
12 +0 +0 +0 +1.934161e-10
13 +0 +0 +0 +1.349910e-10
14 +0 +0 +0 +9.026450e-11
15 +0 +0 +0 +5.456734e-11
16 +0 +0 +0 +3.510123e-11
17 +0 +0 +0 +2.376704e-11
18 +0 +0 +0 +1.574491e-11
19 +0 +0 +0 +8.883039e-12
20 +0 +0 +0 +3.136336e-12
21 +0 +0 +0 +1.983585e-12
22 +0 +0 +0 +8.101497e-13
23 +0 +0 +0 +1.737679e-12
24 +0 +0 +0 +1.418378e-12
25 +0 +0 +0 +2.609562e-12
26 +0 +0 +0 +1.460631e-12
27 +0 +0 +0 +1.033124e-12
28 +0 +0 +0 +1.248392e-12
29 +0 +0 +0 +2.899566e-14
30 +0 +0 +0 +9.350362e-13
31 +0 +0 +0 +7.899845e-13
32 +0 +0 +0 +5.349910e-13
33 +0 +0 +0 +5.330757e-13
34 +0 +0 +0 +9.449509e-13
35 +0 +0 +0 +6.580167e-13
36 +0 +0 +0 +7.143537e-13
37 +0 +0 +0 +2.638500e-13
38 +0 +0 +0 +4.355353e-13
39 +0 +0 +0 +3.832305e-13
40 +0 +0 +0 +3.510777e-13
41 +0 +0 +0 +2.742598e-13
42 +0 +0 +0 +1.440083e-13
43 +0 +0 +0 +6.999263e-14
44 +0 +0 +0 +1.078030e-13
45 +0 +0 +0 -1.845479e-13
46 +0 +0 +0 -1.106473e-13
47 +0 +0 +0 +2.455592e-13
48 +0 +0 +0 +2.512777e-13
49 +0 +0 +0 +2.447183e-13
50 +0 +0 +0 +2.193939e-13
51 +0 +0 +0 +7.956372e-14
52 +0 +0 +0 +1.027543e-13
53 +0 +0 +0 +2.122830e-13
54 +0 +0 +0 +1.298414e-13
55 +0 +0 +0 -8.214529e-15
56 +0 +0 +0 -1.703063e-13
57 +0 +0 +0 -1.586195e-13
58 +0 +0 +0 -2.003353e-13
59 +0 +0 +0 -9.105692e-14
60 +0 +0 +0 -1.066875e-13
61 +0 +0 +0 -3.369501e-14
62 +0 +0 +0 -8.612972e-14
63 +0 +0 +0 -1.630403e-14
