0 +0 +0 +0 +1.356036e-08
1 +0 +0 +0 +2.386969e-08
2 +0 +0 +0 +1.328917e-08
3 +0 +0 +0 +7.907253e-09
4 +0 +0 +0 +4.958938e-09
5 +0 +0 +0 +3.156978e-09
6 +0 +0 +0 +2.040804e-09
7 +0 +0 +0 +1.368746e-09
8 +0 +0 +0 +8.877771e-10
9 +0 +0 +0 +6.091783e-10
10 +0 +0 +0 +4.057315e-10
11 +0 +0 +0 +2.750565e-10
12 +0 +0 +0 +1.821622e-10
13 +0 +0 +0 +1.172113e-10
14 +0 +0 +0 +7.831672e-11
15 +0 +0 +0 +5.405601e-11
16 +0 +0 +0 +3.497690e-11
17 +0 +0 +0 +2.368576e-11
18 +0 +0 +0 +1.684061e-11
19 +0 +0 +0 +1.320360e-11
20 +0 +0 +0 +8.836659e-12
21 +0 +0 +0 +6.708449e-12
22 +0 +0 +0 +2.667077e-12
23 +0 +0 +0 +1.769731e-12
24 +0 +0 +0 +4.807521e-13
25 +0 +0 +0 +4.940218e-13
26 +0 +0 +0 -4.074045e-13
27 +0 +0 +0 -1.950458e-13
28 +0 +0 +0 -4.684128e-13
29 +0 +0 +0 -4.851382e-14
30 +0 +0 +0 -7.624366e-13
31 +0 +0 +0 -2.522490e-13
32 +0 +0 +0 +1.699744e-13
33 +0 +0 +0 +4.398450e-13
34 +0 +0 +0 +4.273691e-13
35 +0 +0 +0 +4.254611e-13
36 +0 +0 +0 +3.392687e-13
37 +0 +0 +0 +4.564027e-13
38 +0 +0 +0 +5.529513e-13
39 +0 +0 +0 +4.028229e-13
40 +0 +0 +0 +4.533547e-13
41 +0 +0 +0 +4.471639e-13
42 +0 +0 +0 +3.903483e-13
43 +0 +0 +0 +6.193419e-13
44 +0 +0 +0 +3.032835e-13
45 +0 +0 +0 +3.309581e-13
46 +0 +0 +0 -6.936113e-14
47 +0 +0 +0 -1.064021e-13
48 +0 +0 +0 -2.643797e-13
49 +0 +0 +0 -2.510368e-13
50 +0 +0 +0 -1.166347e-13
51 +0 +0 +0 -8.159803e-14
52 +0 +0 +0 -7.564323e-14
53 +0 +0 +0 -8.241189e-14
54 +0 +0 +0 -1.497756e-13
55 +0 +0 +0 -1.434502e-13
56 +0 +0 +0 -8.179288e-14
57 +0 +0 +0 -1.485011e-13
58 +0 +0 +0 -1.150274e-13
59 +0 +0 +0 -5.085496e-14
60 +0 +0 +0 +7.309596e-15
61 +0 +0 +0 -5.301972e-15
62 +0 +0 +0 -9.005812e-15
63 +0 +0 +0 -7.667471e-14
