0 +0 +0 +0 +1.251722e-08
1 +0 +0 +0 +2.331502e-08
2 +0 +0 +0 +1.292657e-08
3 +0 +0 +0 +7.739070e-09
4 +0 +0 +0 +4.683379e-09
5 +0 +0 +0 +2.949635e-09
6 +0 +0 +0 +1.925525e-09
7 +0 +0 +0 +1.260152e-09
8 +0 +0 +0 +8.329806e-10
9 +0 +0 +0 +5.583098e-10
10 +0 +0 +0 +3.744235e-10
11 +0 +0 +0 +2.501439e-10
12 +0 +0 +0 +1.764328e-10
13 +0 +0 +0 +1.185642e-10
14 +0 +0 +0 +8.559462e-11
15 +0 +0 +0 +6.037912e-11
16 +0 +0 +0 +4.570538e-11
17 +0 +0 +0 +3.315918e-11
18 +0 +0 +0 +2.560776e-11
19 +0 +0 +0 +1.801102e-11
20 +0 +0 +0 +1.128086e-11
21 +0 +0 +0 +7.038366e-12
22 +0 +0 +0 +3.564854e-12
23 +0 +0 +0 +1.265685e-12
24 +0 +0 +0 -3.201698e-13
25 +0 +0 +0 -1.370419e-12
26 +0 +0 +0 -7.857132e-13
27 +0 +0 +0 -5.955048e-13
28 +0 +0 +0 -1.073669e-12
29 +0 +0 +0 -5.640953e-13
30 +0 +0 +0 +2.103625e-13
31 +0 +0 +0 +4.068095e-13
32 +0 +0 +0 +8.215419e-13
33 +0 +0 +0 +2.424980e-13
34 +0 +0 +0 +2.683721e-13
35 +0 +0 +0 +1.267648e-13
36 +0 +0 +0 -1.480258e-13
37 +0 +0 +0 -6.509693e-13
38 +0 +0 +0 -4.765704e-13
39 +0 +0 +0 -4.913621e-13
40 +0 +0 +0 -4.893318e-13
41 +0 +0 +0 -5.708013e-13
42 +0 +0 +0 -4.772695e-13
43 +0 +0 +0 -3.732004e-13
44 +0 +0 +0 -4.248459e-13
45 +0 +0 +0 -3.829533e-13
46 +0 +0 +0 -2.498465e-13
47 +0 +0 +0 -1.454592e-13
48 +0 +0 +0 -2.883874e-14
49 +0 +0 +0 +1.670944e-13
50 +0 +0 +0 +2.131929e-13
51 +0 +0 +0 +1.211217e-13
52 +0 +0 +0 -1.208901e-13
53 +0 +0 +0 -7.353690e-14
54 +0 +0 +0 +1.294696e-13
55 +0 +0 +0 +5.844908e-14
56 +0 +0 +0 +2.318219e-14
57 +0 +0 +0 +1.492511e-13
58 +0 +0 +0 +6.779933e-14
59 +0 +0 +0 -3.545506e-14
60 +0 +0 +0 +4.975934e-14
61 +0 +0 +0 +6.231696e-14
62 +0 +0 +0 +2.766597e-14
63 +0 +0 +0 +2.966123e-15
