0 +0 +0 +0 +1.372914e-08
1 +0 +0 +0 +2.404035e-08
2 +0 +0 +0 +1.363556e-08
3 +0 +0 +0 +8.242940e-09
4 +0 +0 +0 +5.189809e-09
5 +0 +0 +0 +3.364430e-09
6 +0 +0 +0 +2.193952e-09
7 +0 +0 +0 +1.495278e-09
8 +0 +0 +0 +9.953257e-10
9 +0 +0 +0 +6.716340e-10
10 +0 +0 +0 +4.415237e-10
11 +0 +0 +0 +2.944525e-10
12 +0 +0 +0 +1.966988e-10
13 +0 +0 +0 +1.315461e-10
14 +0 +0 +0 +9.404855e-11
15 +0 +0 +0 +6.501197e-11
16 +0 +0 +0 +4.328460e-11
17 +0 +0 +0 +3.061471e-11
18 +0 +0 +0 +1.897612e-11
19 +0 +0 +0 +1.306085e-11
20 +0 +0 +0 +7.936284e-12
21 +0 +0 +0 +6.112547e-12
22 +0 +0 +0 +5.153387e-12
23 +0 +0 +0 +5.745946e-12
24 +0 +0 +0 +3.675364e-12
25 +0 +0 +0 +2.531707e-12
26 +0 +0 +0 +1.886107e-12
27 +0 +0 +0 +1.122824e-12
28 +0 +0 +0 +1.120941e-12
29 +0 +0 +0 +9.742264e-13
30 +0 +0 +0 +1.304817e-12
31 +0 +0 +0 +1.287484e-12
32 +0 +0 +0 +1.399791e-12
33 +0 +0 +0 +1.559474e-12
34 +0 +0 +0 +1.383762e-12
35 +0 +0 +0 +7.631459e-13
36 +0 +0 +0 +1.412676e-12
37 +0 +0 +0 +5.386132e-13
38 +0 +0 +0 +5.689455e-13
39 +0 +0 +0 +1.301474e-13
40 +0 +0 +0 +1.541046e-13
41 +0 +0 +0 +2.205551e-13
42 +0 +0 +0 +1.431670e-13
43 +0 +0 +0 -5.233074e-14
44 +0 +0 +0 +3.830907e-14
45 +0 +0 +0 +1.815502e-13
46 +0 +0 +0 +1.162093e-13
47 +0 +0 +0 +1.587368e-13
48 +0 +0 +0 +9.318812e-14
49 +0 +0 +0 +2.376502e-13
50 +0 +0 +0 +1.762482e-13
51 +0 +0 +0 -2.895030e-14
52 +0 +0 +0 +8.231065e-14
53 +0 +0 +0 +4.448469e-14
54 +0 +0 +0 +6.640313e-14
55 +0 +0 +0 +5.245760e-14
56 +0 +0 +0 +3.499232e-16
57 +0 +0 +0 -1.355178e-13
58 +0 +0 +0 -1.364245e-13
59 +0 +0 +0 -2.579329e-13
60 +0 +0 +0 -2.779625e-13
61 +0 +0 +0 -2.249105e-13
62 +0 +0 +0 -4.413903e-14
63 +0 +0 +0 +1.820235e-14
