0 +0 +0 +0 +1.392183e-08
1 +0 +0 +0 +2.476354e-08
2 +0 +0 +0 +1.391417e-08
3 +0 +0 +0 +8.228422e-09
4 +0 +0 +0 +5.132103e-09
5 +0 +0 +0 +3.281472e-09
6 +0 +0 +0 +2.139492e-09
7 +0 +0 +0 +1.379802e-09
8 +0 +0 +0 +9.116883e-10
9 +0 +0 +0 +6.310989e-10
10 +0 +0 +0 +4.165007e-10
11 +0 +0 +0 +2.690257e-10
12 +0 +0 +0 +1.801047e-10
13 +0 +0 +0 +1.285033e-10
14 +0 +0 +0 +8.699948e-11
15 +0 +0 +0 +6.136485e-11
16 +0 +0 +0 +4.016392e-11
17 +0 +0 +0 +2.727676e-11
18 +0 +0 +0 +1.786940e-11
19 +0 +0 +0 +1.339392e-11
20 +0 +0 +0 +6.062174e-12
21 +0 +0 +0 +4.249567e-12
22 +0 +0 +0 +4.419001e-12
23 +0 +0 +0 +3.112428e-12
24 +0 +0 +0 +1.009817e-12
25 +0 +0 +0 +6.242963e-13
26 +0 +0 +0 -1.207602e-14
27 +0 +0 +0 +7.104294e-14
28 +0 +0 +0 +4.583381e-13
29 +0 +0 +0 +3.093591e-14
30 +0 +0 +0 +2.117497e-13
31 +0 +0 +0 +1.457967e-13
32 +0 +0 +0 +1.261470e-13
33 +0 +0 +0 +1.141086e-13
34 +0 +0 +0 +2.265066e-13
35 +0 +0 +0 +4.957874e-13
36 +0 +0 +0 +5.525761e-13
37 +0 +0 +0 -2.337091e-13
38 +0 +0 +0 -3.935580e-13
39 +0 +0 +0 -2.840886e-13
40 +0 +0 +0 -5.963093e-13
41 +0 +0 +0 -3.965667e-13
42 +0 +0 +0 -2.350757e-13
43 +0 +0 +0 -1.507059e-13
44 +0 +0 +0 -3.368150e-13
45 +0 +0 +0 +3.119958e-14
46 +0 +0 +0 +7.619340e-14
47 +0 +0 +0 +2.559897e-13
48 +0 +0 +0 -1.028014e-13
49 +0 +0 +0 -1.306827e-13
50 +0 +0 +0 -5.637580e-14
51 +0 +0 +0 -9.341217e-14
52 +0 +0 +0 -8.214837e-14
53 +0 +0 +0 -1.719622e-13
54 +0 +0 +0 -1.266955e-13
55 +0 +0 +0 -9.578349e-14
56 +0 +0 +0 -1.751348e-13
57 +0 +0 +0 -2.042026e-13
58 +0 +0 +0 -2.288876e-13
59 +0 +0 +0 -2.310600e-13
60 +0 +0 +0 -1.191511e-13
61 +0 +0 +0 -1.614542e-13
62 +0 +0 +0 -1.553931e-13
63 +0 +0 +0 -9.760130e-14
