0 +0 +0 +0 +1.251955e-08
1 +0 +0 +0 +2.361950e-08
2 +0 +0 +0 +1.319569e-08
3 +0 +0 +0 +7.889284e-09
4 +0 +0 +0 +4.829222e-09
5 +0 +0 +0 +3.106817e-09
6 +0 +0 +0 +1.965323e-09
7 +0 +0 +0 +1.269920e-09
8 +0 +0 +0 +8.471929e-10
9 +0 +0 +0 +5.608963e-10
10 +0 +0 +0 +3.740035e-10
11 +0 +0 +0 +2.521906e-10
12 +0 +0 +0 +1.724173e-10
13 +0 +0 +0 +1.123083e-10
14 +0 +0 +0 +7.469243e-11
15 +0 +0 +0 +4.740664e-11
16 +0 +0 +0 +3.454510e-11
17 +0 +0 +0 +2.208220e-11
18 +0 +0 +0 +1.361412e-11
19 +0 +0 +0 +7.378922e-12
20 +0 +0 +0 +5.857892e-12
21 +0 +0 +0 +4.117876e-12
22 +0 +0 +0 +4.265624e-12
23 +0 +0 +0 +1.750641e-12
24 +0 +0 +0 +1.844117e-12
25 +0 +0 +0 +2.106243e-12
26 +0 +0 +0 +1.781541e-12
27 +0 +0 +0 +1.789225e-12
28 +0 +0 +0 +1.464491e-12
29 +0 +0 +0 +1.028749e-12
30 +0 +0 +0 +7.014606e-13
31 +0 +0 +0 +9.826108e-13
32 +0 +0 +0 +7.976218e-13
33 +0 +0 +0 +8.230675e-13
34 +0 +0 +0 +1.602962e-13
35 +0 +0 +0 +3.764253e-13
36 +0 +0 +0 +2.434986e-13
37 +0 +0 +0 +6.441857e-14
38 +0 +0 +0 +3.687832e-13
39 +0 +0 +0 +4.251529e-13
40 +0 +0 +0 +4.207156e-13
41 +0 +0 +0 +3.469310e-13
42 +0 +0 +0 +8.704454e-14
43 +0 +0 +0 +5.811903e-14
44 +0 +0 +0 +5.974356e-14
45 +0 +0 +0 +7.764585e-14
46 +0 +0 +0 +3.406536e-14
47 +0 +0 +0 +8.525408e-14
48 +0 +0 +0 -3.192831e-14
49 +0 +0 +0 -2.014447e-14
50 +0 +0 +0 +1.177084e-13
51 +0 +0 +0 +9.814079e-14
52 +0 +0 +0 +1.883567e-13
53 +0 +0 +0 +2.627139e-14
54 +0 +0 +0 +1.320376e-13
55 +0 +0 +0 +1.272599e-13
56 +0 +0 +0 +1.507062e-13
57 +0 +0 +0 +1.321182e-13
58 +0 +0 +0 +1.465624e-13
59 +0 +0 +0 +1.081507e-13
60 +0 +0 +0 +7.383360e-14
61 +0 +0 +0 +4.613629e-15
62 +0 +0 +0 -2.505253e-14
63 +0 +0 +0 -5.289176e-14
