0 +0 +0 +0 +1.302591e-08
1 +0 +0 +0 +2.358251e-08
2 +0 +0 +0 +1.318831e-08
3 +0 +0 +0 +7.864019e-09
4 +0 +0 +0 +4.827906e-09
5 +0 +0 +0 +3.122180e-09
6 +0 +0 +0 +2.030055e-09
7 +0 +0 +0 +1.363946e-09
8 +0 +0 +0 +8.993559e-10
9 +0 +0 +0 +6.194842e-10
10 +0 +0 +0 +4.154246e-10
11 +0 +0 +0 +2.746301e-10
12 +0 +0 +0 +1.773569e-10
13 +0 +0 +0 +1.177103e-10
14 +0 +0 +0 +7.334501e-11
15 +0 +0 +0 +4.885905e-11
16 +0 +0 +0 +3.115619e-11
17 +0 +0 +0 +2.358622e-11
18 +0 +0 +0 +1.599933e-11
19 +0 +0 +0 +1.082541e-11
20 +0 +0 +0 +6.529594e-12
21 +0 +0 +0 +2.704386e-12
22 +0 +0 +0 +2.152994e-12
23 +0 +0 +0 +1.767821e-12
24 +0 +0 +0 +7.400888e-13
25 +0 +0 +0 -3.049865e-13
26 +0 +0 +0 -1.360292e-12
27 +0 +0 +0 -1.235740e-12
28 +0 +0 +0 -3.883255e-13
29 +0 +0 +0 +2.535887e-13
30 +0 +0 +0 -2.324877e-14
31 +0 +0 +0 +5.350948e-13
32 +0 +0 +0 +5.779601e-13
33 +0 +0 +0 +1.162427e-14
34 +0 +0 +0 -6.192544e-14
35 +0 +0 +0 +2.260711e-13
36 +0 +0 +0 +1.606858e-13
37 +0 +0 +0 +4.776452e-13
38 +0 +0 +0 +8.841462e-13
39 +0 +0 +0 +8.003352e-13
40 +0 +0 +0 +7.799038e-13
41 +0 +0 +0 +7.750794e-13
42 +0 +0 +0 +4.201490e-13
43 +0 +0 +0 +5.429931e-13
44 +0 +0 +0 +5.010769e-13
45 +0 +0 +0 +4.662207e-13
46 +0 +0 +0 +4.617159e-13
47 +0 +0 +0 +3.679486e-13
48 +0 +0 +0 +2.375522e-13
49 +0 +0 +0 +2.322925e-13
50 +0 +0 +0 +6.604559e-14
51 +0 +0 +0 +1.540961e-13
52 +0 +0 +0 +1.782922e-13
53 +0 +0 +0 +1.713677e-13
54 +0 +0 +0 +1.935639e-13
55 +0 +0 +0 +2.054163e-13
56 +0 +0 +0 +1.327644e-13
57 +0 +0 +0 +1.599954e-13
58 +0 +0 +0 +1.195468e-13
59 +0 +0 +0 +7.454206e-14
60 +0 +0 +0 +2.512055e-14
61 +0 +0 +0 -1.282602e-13
62 +0 +0 +0 -1.384687e-13
63 +0 +0 +0 -1.992538e-14
