0 +0 +0 +0 +1.352873e-08
1 +0 +0 +0 +2.483559e-08
2 +0 +0 +0 +1.391801e-08
3 +0 +0 +0 +8.376148e-09
4 +0 +0 +0 +5.184295e-09
5 +0 +0 +0 +3.389740e-09
6 +0 +0 +0 +2.178414e-09
7 +0 +0 +0 +1.430614e-09
8 +0 +0 +0 +9.521281e-10
9 +0 +0 +0 +6.298918e-10
10 +0 +0 +0 +4.195000e-10
11 +0 +0 +0 +2.643454e-10
12 +0 +0 +0 +1.750188e-10
13 +0 +0 +0 +1.158145e-10
14 +0 +0 +0 +7.345965e-11
15 +0 +0 +0 +5.258629e-11
16 +0 +0 +0 +3.464270e-11
17 +0 +0 +0 +2.475908e-11
18 +0 +0 +0 +1.769364e-11
19 +0 +0 +0 +1.107496e-11
20 +0 +0 +0 +7.474118e-12
21 +0 +0 +0 +4.812922e-12
22 +0 +0 +0 +1.973705e-12
23 +0 +0 +0 +1.037271e-12
24 +0 +0 +0 +1.262262e-12
25 +0 +0 +0 +2.227708e-12
26 +0 +0 +0 +2.724088e-12
27 +0 +0 +0 +1.878725e-12
28 +0 +0 +0 +1.739698e-12
29 +0 +0 +0 +1.277689e-12
30 +0 +0 +0 +5.628789e-13
31 +0 +0 +0 +1.187632e-12
32 +0 +0 +0 +5.663978e-13
33 +0 +0 +0 +1.060794e-12
34 +0 +0 +0 +8.605558e-13
35 +0 +0 +0 +4.431807e-13
36 +0 +0 +0 +5.214728e-13
37 +0 +0 +0 +5.334572e-13
38 +0 +0 +0 +4.585112e-14
39 +0 +0 +0 +1.919733e-13
40 +0 +0 +0 +1.329903e-14
41 +0 +0 +0 +2.355870e-13
42 +0 +0 +0 -3.451672e-14
43 +0 +0 +0 +1.950724e-14
44 +0 +0 +0 +7.695971e-14
45 +0 +0 +0 -5.666805e-14
46 +0 +0 +0 -1.941986e-13
47 +0 +0 +0 -2.987528e-13
48 +0 +0 +0 -1.478063e-13
49 +0 +0 +0 -7.956230e-14
50 +0 +0 +0 -7.719582e-14
51 +0 +0 +0 -1.001648e-13
52 +0 +0 +0 -1.525936e-13
53 +0 +0 +0 -1.524335e-13
54 +0 +0 +0 -1.010495e-14
55 +0 +0 +0 +3.565058e-14
56 +0 +0 +0 -7.703613e-14
57 +0 +0 +0 -1.086764e-13
58 +0 +0 +0 -3.792147e-14
59 +0 +0 +0 +4.401211e-15
60 +0 +0 +0 -4.180560e-15
61 +0 +0 +0 +6.370958e-14
62 +0 +0 +0 -6.747834e-14
63 +0 +0 +0 +5.907133e-15
