0 +0 +0 +0 +1.350359e-08
1 +0 +0 +0 +2.509641e-08
2 +0 +0 +0 +1.368984e-08
3 +0 +0 +0 +8.086826e-09
4 +0 +0 +0 +4.914201e-09
5 +0 +0 +0 +3.154130e-09
6 +0 +0 +0 +2.075609e-09
7 +0 +0 +0 +1.386776e-09
8 +0 +0 +0 +9.271796e-10
9 +0 +0 +0 +6.182574e-10
10 +0 +0 +0 +4.359291e-10
11 +0 +0 +0 +3.046604e-10
12 +0 +0 +0 +2.104866e-10
13 +0 +0 +0 +1.356486e-10
14 +0 +0 +0 +9.548489e-11
15 +0 +0 +0 +6.674610e-11
16 +0 +0 +0 +4.876095e-11
17 +0 +0 +0 +3.582447e-11
18 +0 +0 +0 +2.249487e-11
19 +0 +0 +0 +1.416907e-11
20 +0 +0 +0 +7.519287e-12
21 +0 +0 +0 +7.040184e-12
22 +0 +0 +0 +4.086038e-12
23 +0 +0 +0 +1.079686e-12
24 +0 +0 +0 -1.457847e-12
25 +0 +0 +0 -9.544574e-14
26 +0 +0 +0 -1.374883e-12
27 +0 +0 +0 -1.397821e-12
28 +0 +0 +0 -2.025925e-12
29 +0 +0 +0 -1.348238e-12
30 +0 +0 +0 -5.692384e-13
31 +0 +0 +0 -6.987540e-13
32 +0 +0 +0 -8.368495e-13
33 +0 +0 +0 -8.232098e-13
34 +0 +0 +0 -4.581498e-13
35 +0 +0 +0 -3.276899e-15
36 +0 +0 +0 +6.554280e-14
37 +0 +0 +0 -3.554220e-13
38 +0 +0 +0 -2.531617e-13
39 +0 +0 +0 +1.479609e-14
40 +0 +0 +0 -2.892647e-13
41 +0 +0 +0 -5.677073e-13
42 +0 +0 +0 -4.412638e-13
43 +0 +0 +0 -4.274444e-13
44 +0 +0 +0 -2.957052e-13
45 +0 +0 +0 -4.497888e-14
46 +0 +0 +0 -1.205005e-13
47 +0 +0 +0 -2.944519e-13
48 +0 +0 +0 -3.465593e-13
49 +0 +0 +0 +7.248537e-14
50 +0 +0 +0 -8.542968e-15
51 +0 +0 +0 -5.518535e-14
52 +0 +0 +0 +1.247365e-14
53 +0 +0 +0 -6.989591e-17
54 +0 +0 +0 +8.492120e-14
55 +0 +0 +0 +7.575079e-14
56 +0 +0 +0 +1.328547e-14
57 +0 +0 +0 +1.067530e-13
58 +0 +0 +0 +7.600202e-14
59 +0 +0 +0 -7.658455e-14
60 +0 +0 +0 +1.049511e-15
61 +0 +0 +0 +9.248912e-14
62 +0 +0 +0 +9.591560e-14
63 +0 +0 +0 +8.750458e-14
