0 +0 +0 +0 +1.422137e-08
1 +0 +0 +0 +2.533574e-08
2 +0 +0 +0 +1.410158e-08
3 +0 +0 +0 +8.391371e-09
4 +0 +0 +0 +5.190949e-09
5 +0 +0 +0 +3.378829e-09
6 +0 +0 +0 +2.156179e-09
7 +0 +0 +0 +1.403338e-09
8 +0 +0 +0 +9.393143e-10
9 +0 +0 +0 +6.252610e-10
10 +0 +0 +0 +4.166217e-10
11 +0 +0 +0 +2.749079e-10
12 +0 +0 +0 +1.916540e-10
13 +0 +0 +0 +1.329163e-10
14 +0 +0 +0 +8.620245e-11
15 +0 +0 +0 +5.595832e-11
16 +0 +0 +0 +3.675439e-11
17 +0 +0 +0 +2.542759e-11
18 +0 +0 +0 +1.641956e-11
19 +0 +0 +0 +1.183958e-11
20 +0 +0 +0 +8.343652e-12
21 +0 +0 +0 +4.305586e-12
22 +0 +0 +0 +1.319580e-12
23 +0 +0 +0 +2.781509e-13
24 +0 +0 +0 -2.363411e-13
25 +0 +0 +0 -8.686929e-13
26 +0 +0 +0 -1.091573e-12
27 +0 +0 +0 -2.042912e-12
28 +0 +0 +0 -1.281421e-12
29 +0 +0 +0 -1.027494e-12
30 +0 +0 +0 -8.962645e-13
31 +0 +0 +0 +2.211158e-13
32 +0 +0 +0 +4.161440e-13
33 +0 +0 +0 +8.489692e-13
34 +0 +0 +0 +7.966647e-13
35 +0 +0 +0 +2.095142e-13
36 +0 +0 +0 -1.743810e-13
37 +0 +0 +0 -6.344445e-13
38 +0 +0 +0 -2.140867e-13
39 +0 +0 +0 -1.028946e-13
40 +0 +0 +0 +4.035496e-13
41 +0 +0 +0 +5.230102e-13
42 +0 +0 +0 +5.127096e-13
43 +0 +0 +0 +5.079702e-13
44 +0 +0 +0 +4.494309e-13
45 +0 +0 +0 +1.283652e-13
46 +0 +0 +0 +2.859809e-13
47 +0 +0 +0 +1.589734e-13
48 +0 +0 +0 +1.030466e-13
49 +0 +0 +0 +7.134069e-14
50 +0 +0 +0 +3.036964e-14
51 +0 +0 +0 -4.100212e-14
52 +0 +0 +0 -4.989762e-14
53 +0 +0 +0 -8.210148e-14
54 +0 +0 +0 -1.378675e-13
55 +0 +0 +0 -1.615547e-13
56 +0 +0 +0 -8.571115e-14
57 +0 +0 +0 -4.917304e-14
58 +0 +0 +0 -1.777047e-13
59 +0 +0 +0 -1.434463e-13
60 +0 +0 +0 -2.614961e-13
61 +0 +0 +0 -3.187440e-13
62 +0 +0 +0 -1.563835e-13
63 +0 +0 +0 -2.429373e-13
