0 +0 +0 +0 +1.249851e-08
1 +0 +0 +0 +2.360089e-08
2 +0 +0 +0 +1.347324e-08
3 +0 +0 +0 +7.938939e-09
4 +0 +0 +0 +4.835111e-09
5 +0 +0 +0 +3.113499e-09
6 +0 +0 +0 +1.969713e-09
7 +0 +0 +0 +1.304810e-09
8 +0 +0 +0 +8.512219e-10
9 +0 +0 +0 +5.725759e-10
10 +0 +0 +0 +3.740834e-10
11 +0 +0 +0 +2.457133e-10
12 +0 +0 +0 +1.792165e-10
13 +0 +0 +0 +1.256661e-10
14 +0 +0 +0 +8.499504e-11
15 +0 +0 +0 +5.957573e-11
16 +0 +0 +0 +4.256955e-11
17 +0 +0 +0 +3.028951e-11
18 +0 +0 +0 +1.906083e-11
19 +0 +0 +0 +1.365610e-11
20 +0 +0 +0 +1.133648e-11
21 +0 +0 +0 +6.456216e-12
22 +0 +0 +0 +4.564963e-12
23 +0 +0 +0 +3.066329e-12
24 +0 +0 +0 +3.619785e-12
25 +0 +0 +0 +3.022258e-12
26 +0 +0 +0 +2.146941e-12
27 +0 +0 +0 +2.422759e-12
28 +0 +0 +0 +1.795411e-12
29 +0 +0 +0 +1.472102e-12
30 +0 +0 +0 +1.245698e-12
31 +0 +0 +0 +1.569598e-12
32 +0 +0 +0 +6.637452e-13
33 +0 +0 +0 +1.397152e-12
34 +0 +0 +0 +5.887300e-13
35 +0 +0 +0 -8.536807e-15
36 +0 +0 +0 +5.225974e-13
37 +0 +0 +0 +5.652255e-13
38 +0 +0 +0 +4.094892e-13
39 +0 +0 +0 +3.506016e-13
40 +0 +0 +0 -7.332484e-14
41 +0 +0 +0 +1.840904e-13
42 +0 +0 +0 +1.080631e-13
43 +0 +0 +0 -1.050151e-14
44 +0 +0 +0 +1.367389e-13
45 +0 +0 +0 +7.816626e-14
46 +0 +0 +0 +6.847697e-14
47 +0 +0 +0 +6.167422e-14
48 +0 +0 +0 +3.806251e-14
49 +0 +0 +0 -3.600603e-15
50 +0 +0 +0 +3.864136e-14
51 +0 +0 +0 -3.451399e-14
52 +0 +0 +0 -8.280320e-14
53 +0 +0 +0 +2.605884e-15
54 +0 +0 +0 +1.855598e-14
55 +0 +0 +0 -2.545822e-14
56 +0 +0 +0 -7.278457e-14
57 +0 +0 +0 -1.825810e-13
58 +0 +0 +0 -1.887980e-13
59 +0 +0 +0 -7.125456e-14
60 +0 +0 +0 +1.559997e-14
61 +0 +0 +0 -2.629634e-14
62 +0 +0 +0 -2.085736e-14
63 +0 +0 +0 +2.014224e-14
