0 +0 +0 +0 +1.328412e-08
1 +0 +0 +0 +2.451315e-08
2 +0 +0 +0 +1.332672e-08
3 +0 +0 +0 +7.885735e-09
4 +0 +0 +0 +4.963411e-09
5 +0 +0 +0 +3.168402e-09
6 +0 +0 +0 +2.047834e-09
7 +0 +0 +0 +1.369710e-09
8 +0 +0 +0 +9.065303e-10
9 +0 +0 +0 +6.029627e-10
10 +0 +0 +0 +3.851439e-10
11 +0 +0 +0 +2.593130e-10
12 +0 +0 +0 +1.807403e-10
13 +0 +0 +0 +1.180975e-10
14 +0 +0 +0 +7.273682e-11
15 +0 +0 +0 +5.047482e-11
16 +0 +0 +0 +3.543149e-11
17 +0 +0 +0 +2.344795e-11
18 +0 +0 +0 +1.994959e-11
19 +0 +0 +0 +1.530079e-11
20 +0 +0 +0 +8.259573e-12
21 +0 +0 +0 +5.069616e-12
22 +0 +0 +0 +2.961987e-12
23 +0 +0 +0 +2.425455e-12
24 +0 +0 +0 +2.182287e-12
25 +0 +0 +0 +9.095983e-13
26 +0 +0 +0 +1.658024e-12
27 +0 +0 +0 +2.105142e-12
28 +0 +0 +0 +2.281286e-12
29 +0 +0 +0 +1.998480e-12
30 +0 +0 +0 +1.939487e-12
31 +0 +0 +0 +1.724348e-12
32 +0 +0 +0 +1.486874e-12
33 +0 +0 +0 +8.372587e-13
34 +0 +0 +0 +3.671238e-13
35 +0 +0 +0 +1.966209e-13
36 +0 +0 +0 +3.132324e-13
37 +0 +0 +0 +1.429634e-13
38 +0 +0 +0 +1.444965e-13
39 +0 +0 +0 +1.019423e-14
40 +0 +0 +0 -6.379529e-14
41 +0 +0 +0 -4.169341e-13
42 +0 +0 +0 -2.418258e-13
43 +0 +0 +0 -1.788233e-13
44 +0 +0 +0 -1.414259e-13
45 +0 +0 +0 -6.857561e-14
46 +0 +0 +0 -1.007061e-13
47 +0 +0 +0 +1.286004e-13
48 +0 +0 +0 -3.428252e-14
49 +0 +0 +0 -4.501764e-14
50 +0 +0 +0 -1.403397e-13
51 +0 +0 +0 -4.884238e-14
52 +0 +0 +0 -7.715195e-14
53 +0 +0 +0 +2.582394e-14
54 +0 +0 +0 +3.155411e-14
55 +0 +0 +0 +3.485320e-14
56 +0 +0 +0 -3.801562e-14
57 +0 +0 +0 +3.550968e-14
58 +0 +0 +0 +5.693064e-14
59 +0 +0 +0 +2.690958e-14
60 +0 +0 +0 +1.768036e-13
61 +0 +0 +0 +2.069768e-13
62 +0 +0 +0 +1.867718e-13
63 +0 +0 +0 +2.191703e-13
