0 +0 +0 +0 +1.364088e-08
1 +0 +0 +0 +2.449612e-08
2 +0 +0 +0 +1.359825e-08
3 +0 +0 +0 +8.029454e-09
4 +0 +0 +0 +5.024884e-09
5 +0 +0 +0 +3.288857e-09
6 +0 +0 +0 +2.146295e-09
7 +0 +0 +0 +1.388914e-09
8 +0 +0 +0 +9.345994e-10
9 +0 +0 +0 +6.289572e-10
10 +0 +0 +0 +4.176439e-10
11 +0 +0 +0 +2.803017e-10
12 +0 +0 +0 +1.915605e-10
13 +0 +0 +0 +1.376965e-10
14 +0 +0 +0 +9.022961e-11
15 +0 +0 +0 +6.466910e-11
16 +0 +0 +0 +4.690578e-11
17 +0 +0 +0 +2.900409e-11
18 +0 +0 +0 +2.041819e-11
19 +0 +0 +0 +9.281145e-12
20 +0 +0 +0 +5.624966e-12
21 +0 +0 +0 +4.202177e-12
22 +0 +0 +0 +3.790671e-12
23 +0 +0 +0 +3.507109e-12
24 +0 +0 +0 +2.257025e-12
25 +0 +0 +0 +3.889106e-12
26 +0 +0 +0 +3.123590e-12
27 +0 +0 +0 +3.320151e-12
28 +0 +0 +0 +2.769605e-12
29 +0 +0 +0 +2.278557e-12
30 +0 +0 +0 +1.741150e-12
31 +0 +0 +0 +9.644287e-13
32 +0 +0 +0 +3.953142e-13
33 +0 +0 +0 -1.099135e-13
34 +0 +0 +0 -1.047260e-13
35 +0 +0 +0 -4.541637e-13
36 +0 +0 +0 -6.410491e-13
37 +0 +0 +0 -1.037545e-12
38 +0 +0 +0 -9.253410e-13
39 +0 +0 +0 -7.765110e-13
40 +0 +0 +0 -6.814044e-13
41 +0 +0 +0 -6.390053e-13
42 +0 +0 +0 -5.795287e-13
43 +0 +0 +0 -3.212511e-13
44 +0 +0 +0 -3.386182e-13
45 +0 +0 +0 -4.356553e-13
46 +0 +0 +0 -6.322116e-13
47 +0 +0 +0 -5.579316e-13
48 +0 +0 +0 -4.252455e-13
49 +0 +0 +0 -3.007607e-13
50 +0 +0 +0 -1.117683e-13
51 +0 +0 +0 -1.235544e-13
52 +0 +0 +0 -8.743966e-14
53 +0 +0 +0 -8.011541e-14
54 +0 +0 +0 -7.540534e-14
55 +0 +0 +0 -1.031092e-13
56 +0 +0 +0 -1.135819e-13
57 +0 +0 +0 -2.767528e-14
58 +0 +0 +0 -5.035609e-14
59 +0 +0 +0 -7.459658e-15
60 +0 +0 +0 -1.258435e-13
61 +0 +0 +0 -7.674051e-14
62 +0 +0 +0 -1.478353e-14
63 +0 +0 +0 -2.597181e-16
