0 +0 +0 +0 +1.272159e-08
1 +0 +0 +0 +2.394485e-08
2 +0 +0 +0 +1.352144e-08
3 +0 +0 +0 +7.870290e-09
4 +0 +0 +0 +4.976712e-09
5 +0 +0 +0 +3.202057e-09
6 +0 +0 +0 +2.034369e-09
7 +0 +0 +0 +1.311910e-09
8 +0 +0 +0 +8.480005e-10
9 +0 +0 +0 +5.786394e-10
10 +0 +0 +0 +3.813206e-10
11 +0 +0 +0 +2.607159e-10
12 +0 +0 +0 +1.718816e-10
13 +0 +0 +0 +1.218547e-10
14 +0 +0 +0 +8.784276e-11
15 +0 +0 +0 +5.952915e-11
16 +0 +0 +0 +4.052385e-11
17 +0 +0 +0 +2.744547e-11
18 +0 +0 +0 +1.831192e-11
19 +0 +0 +0 +1.220865e-11
20 +0 +0 +0 +8.181060e-12
21 +0 +0 +0 +3.746897e-12
22 +0 +0 +0 +2.211160e-12
23 +0 +0 +0 +1.853536e-12
24 +0 +0 +0 +1.570933e-12
25 +0 +0 +0 +3.914101e-13
26 +0 +0 +0 +3.452305e-13
27 +0 +0 +0 +7.610352e-13
28 +0 +0 +0 +5.707008e-13
29 +0 +0 +0 +3.034245e-13
30 +0 +0 +0 -4.682225e-13
31 +0 +0 +0 -9.331275e-14
32 +0 +0 +0 -5.297178e-13
33 +0 +0 +0 -3.550312e-13
34 +0 +0 +0 -5.266915e-13
35 +0 +0 +0 -5.354555e-13
36 +0 +0 +0 -3.124975e-13
37 +0 +0 +0 -1.396954e-13
38 +0 +0 +0 -1.087887e-13
39 +0 +0 +0 -2.626296e-13
40 +0 +0 +0 -3.740062e-13
41 +0 +0 +0 -3.360543e-13
42 +0 +0 +0 -3.517387e-13
43 +0 +0 +0 -2.088188e-13
44 +0 +0 +0 -2.685699e-13
45 +0 +0 +0 -3.352258e-13
46 +0 +0 +0 -2.275116e-13
47 +0 +0 +0 -2.513283e-13
48 +0 +0 +0 -1.601956e-13
49 +0 +0 +0 -1.765146e-13
50 +0 +0 +0 -1.220219e-13
51 +0 +0 +0 +1.004542e-15
52 +0 +0 +0 +1.801383e-14
53 +0 +0 +0 +2.797086e-14
54 +0 +0 +0 -7.296946e-14
55 +0 +0 +0 -3.981950e-15
56 +0 +0 +0 -8.890294e-14
57 +0 +0 +0 -7.322231e-14
58 +0 +0 +0 -1.493601e-13
59 +0 +0 +0 -1.543185e-13
60 +0 +0 +0 -1.282108e-13
61 +0 +0 +0 -8.785141e-14
62 +0 +0 +0 -3.572824e-14
63 +0 +0 +0 +2.749481e-14
