0 +0 +0 +0 +1.396589e-08
1 +0 +0 +0 +2.432063e-08
2 +0 +0 +0 +1.335868e-08
3 +0 +0 +0 +7.868158e-09
4 +0 +0 +0 +4.759247e-09
5 +0 +0 +0 +2.998463e-09
6 +0 +0 +0 +1.887991e-09
7 +0 +0 +0 +1.235793e-09
8 +0 +0 +0 +8.327219e-10
9 +0 +0 +0 +5.648526e-10
10 +0 +0 +0 +3.671902e-10
11 +0 +0 +0 +2.560609e-10
12 +0 +0 +0 +1.837342e-10
13 +0 +0 +0 +1.257756e-10
14 +0 +0 +0 +8.568723e-11
15 +0 +0 +0 +5.964786e-11
16 +0 +0 +0 +3.732170e-11
17 +0 +0 +0 +2.762370e-11
18 +0 +0 +0 +1.825241e-11
19 +0 +0 +0 +1.391706e-11
20 +0 +0 +0 +1.213699e-11
21 +0 +0 +0 +9.401500e-12
22 +0 +0 +0 +9.393357e-12
23 +0 +0 +0 +6.436088e-12
24 +0 +0 +0 +5.425946e-12
25 +0 +0 +0 +3.605224e-12
26 +0 +0 +0 +2.208831e-12
27 +0 +0 +0 +1.822340e-12
28 +0 +0 +0 +1.660965e-12
29 +0 +0 +0 +1.363480e-12
30 +0 +0 +0 +9.949144e-13
31 +0 +0 +0 -1.262017e-13
32 +0 +0 +0 +1.105152e-13
33 +0 +0 +0 -5.920633e-13
34 +0 +0 +0 -2.982087e-13
35 +0 +0 +0 -5.960273e-13
36 +0 +0 +0 -6.813898e-13
37 +0 +0 +0 -3.091535e-13
38 +0 +0 +0 -2.986433e-13
39 +0 +0 +0 -4.147714e-13
40 +0 +0 +0 -5.661848e-13
41 +0 +0 +0 -3.529040e-13
42 +0 +0 +0 -2.024056e-13
43 +0 +0 +0 -1.470843e-13
44 +0 +0 +0 -3.461120e-13
45 +0 +0 +0 +2.398307e-14
46 +0 +0 +0 +1.287043e-13
47 +0 +0 +0 +9.938006e-14
48 +0 +0 +0 +1.612247e-13
49 +0 +0 +0 -1.857291e-14
50 +0 +0 +0 +1.105207e-13
51 +0 +0 +0 +1.563547e-13
52 +0 +0 +0 +2.506885e-13
53 +0 +0 +0 +2.303122e-13
54 +0 +0 +0 +2.026182e-13
55 +0 +0 +0 +2.104039e-13
56 +0 +0 +0 +2.552578e-13
57 +0 +0 +0 +2.086987e-13
58 +0 +0 +0 +1.768930e-13
59 +0 +0 +0 +1.479927e-13
60 +0 +0 +0 +4.512006e-14
61 +0 +0 +0 +2.491790e-14
62 +0 +0 +0 -1.369609e-14
63 +0 +0 +0 -5.607504e-14
