0 +0 +0 +0 +1.312541e-08
1 +0 +0 +0 +2.467664e-08
2 +0 +0 +0 +1.404499e-08
3 +0 +0 +0 +8.346343e-09
4 +0 +0 +0 +5.138170e-09
5 +0 +0 +0 +3.278147e-09
6 +0 +0 +0 +2.102926e-09
7 +0 +0 +0 +1.429527e-09
8 +0 +0 +0 +9.240851e-10
9 +0 +0 +0 +6.238519e-10
10 +0 +0 +0 +4.166781e-10
11 +0 +0 +0 +2.691916e-10
12 +0 +0 +0 +1.830480e-10
13 +0 +0 +0 +1.271258e-10
14 +0 +0 +0 +8.591484e-11
15 +0 +0 +0 +5.583073e-11
16 +0 +0 +0 +3.647475e-11
17 +0 +0 +0 +2.122751e-11
18 +0 +0 +0 +1.651289e-11
19 +0 +0 +0 +1.246609e-11
20 +0 +0 +0 +1.055494e-11
21 +0 +0 +0 +7.870245e-12
22 +0 +0 +0 +5.468924e-12
23 +0 +0 +0 +4.492875e-12
24 +0 +0 +0 +4.988591e-12
25 +0 +0 +0 +4.034925e-12
26 +0 +0 +0 +3.634782e-12
27 +0 +0 +0 +2.593736e-12
28 +0 +0 +0 +1.503059e-12
29 +0 +0 +0 +1.044005e-12
30 +0 +0 +0 +1.727280e-12
31 +0 +0 +0 +8.724093e-13
32 +0 +0 +0 +3.908311e-13
33 +0 +0 +0 +4.814409e-14
34 +0 +0 +0 +3.241857e-13
35 +0 +0 +0 +3.153166e-13
36 +0 +0 +0 -4.804511e-14
37 +0 +0 +0 +1.766441e-13
38 +0 +0 +0 +6.643668e-15
39 +0 +0 +0 -1.287244e-13
40 +0 +0 +0 -3.775331e-13
41 +0 +0 +0 -1.015989e-13
42 +0 +0 +0 -1.115639e-13
43 +0 +0 +0 +1.369859e-13
44 +0 +0 +0 +1.690314e-13
45 +0 +0 +0 +2.577544e-13
46 +0 +0 +0 +1.107722e-13
47 +0 +0 +0 +2.789613e-14
48 +0 +0 +0 -7.763489e-14
49 +0 +0 +0 -5.844112e-15
50 +0 +0 +0 +1.130441e-13
51 +0 +0 +0 +1.315980e-13
52 +0 +0 +0 +1.910497e-13
53 +0 +0 +0 +2.118967e-13
54 +0 +0 +0 +1.753040e-13
55 +0 +0 +0 +3.233044e-13
56 +0 +0 +0 +3.091009e-13
57 +0 +0 +0 +3.463098e-13
58 +0 +0 +0 +1.249006e-13
59 +0 +0 +0 +1.517073e-13
60 +0 +0 +0 +8.704210e-14
61 +0 +0 +0 -3.836388e-14
62 +0 +0 +0 -8.086321e-14
63 +0 +0 +0 -1.044099e-13
