0 +0 +0 +0 +1.206096e-08
1 +0 +0 +0 +2.369371e-08
2 +0 +0 +0 +1.318588e-08
3 +0 +0 +0 +7.736130e-09
4 +0 +0 +0 +4.762400e-09
5 +0 +0 +0 +2.998260e-09
6 +0 +0 +0 +1.925724e-09
7 +0 +0 +0 +1.260874e-09
8 +0 +0 +0 +8.265986e-10
9 +0 +0 +0 +5.445860e-10
10 +0 +0 +0 +3.622819e-10
11 +0 +0 +0 +2.396111e-10
12 +0 +0 +0 +1.511003e-10
13 +0 +0 +0 +1.087825e-10
14 +0 +0 +0 +7.421633e-11
15 +0 +0 +0 +5.076852e-11
16 +0 +0 +0 +3.157521e-11
17 +0 +0 +0 +2.425523e-11
18 +0 +0 +0 +1.960448e-11
19 +0 +0 +0 +1.467009e-11
20 +0 +0 +0 +1.030429e-11
21 +0 +0 +0 +5.591599e-12
22 +0 +0 +0 +3.039646e-12
23 +0 +0 +0 +1.218146e-12
24 +0 +0 +0 +1.023178e-12
25 +0 +0 +0 +4.983041e-13
26 +0 +0 +0 +2.844323e-13
27 +0 +0 +0 +4.428820e-13
28 +0 +0 +0 -3.043016e-13
29 +0 +0 +0 -3.870799e-13
30 +0 +0 +0 -3.419623e-13
31 +0 +0 +0 +2.165333e-13
32 +0 +0 +0 +2.509953e-13
33 +0 +0 +0 +4.056132e-13
34 +0 +0 +0 -4.868835e-14
35 +0 +0 +0 -1.289099e-13
36 +0 +0 +0 -3.606502e-13
37 +0 +0 +0 -2.037676e-13
38 +0 +0 +0 -1.070698e-13
39 +0 +0 +0 -2.578854e-13
40 +0 +0 +0 -6.584657e-14
41 +0 +0 +0 -2.696732e-13
42 +0 +0 +0 -1.398785e-14
43 +0 +0 +0 -2.148134e-13
44 +0 +0 +0 -1.399656e-13
45 +0 +0 +0 +1.230286e-13
46 +0 +0 +0 +3.065811e-14
47 +0 +0 +0 +6.144123e-14
48 +0 +0 +0 +2.139302e-13
49 +0 +0 +0 -4.930397e-14
50 +0 +0 +0 -1.257812e-13
51 +0 +0 +0 +1.550944e-16
52 +0 +0 +0 +5.179405e-15
53 +0 +0 +0 +8.154130e-14
54 +0 +0 +0 +8.727167e-14
55 +0 +0 +0 +1.262667e-13
56 +0 +0 +0 +2.154329e-13
57 +0 +0 +0 +2.087029e-13
58 +0 +0 +0 +2.339171e-13
59 +0 +0 +0 +1.849229e-13
60 +0 +0 +0 +1.196976e-13
61 +0 +0 +0 +1.053977e-13
62 +0 +0 +0 +8.662113e-15
63 +0 +0 +0 +3.461287e-14
