0 +0 +0 +0 +1.343595e-08
1 +0 +0 +0 +2.460956e-08
2 +0 +0 +0 +1.349391e-08
3 +0 +0 +0 +7.949509e-09
4 +0 +0 +0 +4.889241e-09
5 +0 +0 +0 +3.136944e-09
6 +0 +0 +0 +2.046030e-09
7 +0 +0 +0 +1.299020e-09
8 +0 +0 +0 +8.588433e-10
9 +0 +0 +0 +5.707861e-10
10 +0 +0 +0 +3.866187e-10
11 +0 +0 +0 +2.547068e-10
12 +0 +0 +0 +1.604151e-10
13 +0 +0 +0 +1.112533e-10
14 +0 +0 +0 +7.495726e-11
15 +0 +0 +0 +4.940186e-11
16 +0 +0 +0 +3.209587e-11
17 +0 +0 +0 +2.254617e-11
18 +0 +0 +0 +1.883492e-11
19 +0 +0 +0 +1.359838e-11
20 +0 +0 +0 +9.697013e-12
21 +0 +0 +0 +6.057946e-12
22 +0 +0 +0 +4.401513e-12
23 +0 +0 +0 +2.221521e-12
24 +0 +0 +0 +2.706487e-12
25 +0 +0 +0 +2.218911e-12
26 +0 +0 +0 +2.990333e-12
27 +0 +0 +0 +1.892612e-12
28 +0 +0 +0 +1.611902e-12
29 +0 +0 +0 +1.883792e-12
30 +0 +0 +0 +2.185430e-12
31 +0 +0 +0 +1.120654e-12
32 +0 +0 +0 +1.074150e-12
33 +0 +0 +0 +1.481303e-12
34 +0 +0 +0 +8.129100e-13
35 +0 +0 +0 +6.666984e-13
36 +0 +0 +0 +3.818886e-13
37 +0 +0 +0 +3.219452e-13
38 +0 +0 +0 +3.565349e-13
39 +0 +0 +0 -1.189138e-13
40 +0 +0 +0 +1.457053e-14
41 +0 +0 +0 +9.445023e-14
42 +0 +0 +0 +1.123357e-13
43 +0 +0 +0 +1.196133e-13
44 +0 +0 +0 -1.323566e-13
45 +0 +0 +0 -2.578012e-13
46 +0 +0 +0 -7.389749e-14
47 +0 +0 +0 +9.234792e-14
48 +0 +0 +0 +1.230624e-13
49 +0 +0 +0 -4.041614e-14
50 +0 +0 +0 +4.006921e-14
51 +0 +0 +0 -1.117050e-14
52 +0 +0 +0 -4.591976e-14
53 +0 +0 +0 -5.471969e-14
54 +0 +0 +0 -9.623821e-14
55 +0 +0 +0 -1.761574e-13
56 +0 +0 +0 -1.197673e-13
57 +0 +0 +0 -1.179013e-13
58 +0 +0 +0 -2.632255e-14
59 +0 +0 +0 +4.060962e-14
60 +0 +0 +0 +8.509843e-14
61 +0 +0 +0 +2.313755e-14
62 +0 +0 +0 +2.866729e-14
63 +0 +0 +0 +5.331598e-14
