0 +0 +0 +0 +1.279713e-08
1 +0 +0 +0 +2.439144e-08
2 +0 +0 +0 +1.316004e-08
3 +0 +0 +0 +7.921382e-09
4 +0 +0 +0 +4.871436e-09
5 +0 +0 +0 +3.087203e-09
6 +0 +0 +0 +2.016618e-09
7 +0 +0 +0 +1.293096e-09
8 +0 +0 +0 +8.305905e-10
9 +0 +0 +0 +5.464655e-10
10 +0 +0 +0 +3.659581e-10
11 +0 +0 +0 +2.435198e-10
12 +0 +0 +0 +1.669596e-10
13 +0 +0 +0 +1.146277e-10
14 +0 +0 +0 +7.881660e-11
15 +0 +0 +0 +5.383278e-11
16 +0 +0 +0 +3.940170e-11
17 +0 +0 +0 +2.620704e-11
18 +0 +0 +0 +1.752418e-11
19 +0 +0 +0 +1.139643e-11
20 +0 +0 +0 +9.889959e-12
21 +0 +0 +0 +8.229969e-12
22 +0 +0 +0 +4.812688e-12
23 +0 +0 +0 +4.440811e-12
24 +0 +0 +0 +2.946157e-12
25 +0 +0 +0 +1.646454e-12
26 +0 +0 +0 +4.018489e-13
27 +0 +0 +0 -1.957015e-13
28 +0 +0 +0 -6.074249e-13
29 +0 +0 +0 -1.114792e-12
30 +0 +0 +0 -9.644391e-13
31 +0 +0 +0 -1.244723e-12
32 +0 +0 +0 -6.622402e-13
33 +0 +0 +0 -7.076908e-13
34 +0 +0 +0 -6.482369e-13
35 +0 +0 +0 -1.718938e-13
36 +0 +0 +0 -5.414159e-14
37 +0 +0 +0 -5.503570e-14
38 +0 +0 +0 +1.534202e-13
39 +0 +0 +0 +7.171369e-14
40 +0 +0 +0 +3.368529e-13
41 +0 +0 +0 +8.520564e-14
42 +0 +0 +0 -1.279580e-13
43 +0 +0 +0 -1.343396e-13
44 +0 +0 +0 -1.268835e-13
45 +0 +0 +0 -3.195715e-13
46 +0 +0 +0 -3.847256e-13
47 +0 +0 +0 -4.453533e-13
48 +0 +0 +0 -2.465656e-13
49 +0 +0 +0 -3.342010e-13
50 +0 +0 +0 -3.198782e-13
51 +0 +0 +0 -2.828566e-13
52 +0 +0 +0 -2.559523e-13
53 +0 +0 +0 -2.570881e-13
54 +0 +0 +0 -2.430191e-13
55 +0 +0 +0 -1.742781e-13
56 +0 +0 +0 -2.557051e-13
57 +0 +0 +0 -1.381008e-13
58 +0 +0 +0 -1.140969e-13
59 +0 +0 +0 -1.068203e-13
60 +0 +0 +0 -1.965502e-14
61 +0 +0 +0 -2.605656e-14
62 +0 +0 +0 -3.701303e-15
63 +0 +0 +0 -9.546785e-16
