0 +0 +0 +0 +1.328887e-08
1 +0 +0 +0 +2.481390e-08
2 +0 +0 +0 +1.351810e-08
3 +0 +0 +0 +7.960037e-09
4 +0 +0 +0 +5.014791e-09
5 +0 +0 +0 +3.238521e-09
6 +0 +0 +0 +2.074734e-09
7 +0 +0 +0 +1.371310e-09
8 +0 +0 +0 +9.405785e-10
9 +0 +0 +0 +6.299070e-10
10 +0 +0 +0 +4.019256e-10
11 +0 +0 +0 +2.681143e-10
12 +0 +0 +0 +1.829304e-10
13 +0 +0 +0 +1.214552e-10
14 +0 +0 +0 +7.833413e-11
15 +0 +0 +0 +5.755120e-11
16 +0 +0 +0 +3.774637e-11
17 +0 +0 +0 +2.835835e-11
18 +0 +0 +0 +2.062915e-11
19 +0 +0 +0 +1.485246e-11
20 +0 +0 +0 +8.955768e-12
21 +0 +0 +0 +5.332741e-12
22 +0 +0 +0 +4.165154e-12
23 +0 +0 +0 +4.045820e-12
24 +0 +0 +0 +2.445803e-12
25 +0 +0 +0 +1.982815e-12
26 +0 +0 +0 +9.499003e-13
27 +0 +0 +0 +8.707509e-13
28 +0 +0 +0 +1.266419e-13
29 +0 +0 +0 -1.091498e-13
30 +0 +0 +0 -1.579628e-13
31 +0 +0 +0 -5.341246e-14
32 +0 +0 +0 -5.849799e-13
33 +0 +0 +0 -7.019979e-13
34 +0 +0 +0 -1.271031e-12
35 +0 +0 +0 -9.018511e-13
36 +0 +0 +0 -1.295952e-12
37 +0 +0 +0 -6.417761e-13
38 +0 +0 +0 -6.661927e-13
39 +0 +0 +0 -5.299704e-13
40 +0 +0 +0 -6.349568e-13
41 +0 +0 +0 -5.231627e-13
42 +0 +0 +0 -4.039951e-13
43 +0 +0 +0 -5.156076e-13
44 +0 +0 +0 -3.920340e-13
45 +0 +0 +0 -3.124652e-13
46 +0 +0 +0 -8.167861e-14
47 +0 +0 +0 -2.658847e-13
48 +0 +0 +0 -3.041258e-13
49 +0 +0 +0 -4.371575e-13
50 +0 +0 +0 -4.708922e-13
51 +0 +0 +0 -3.232695e-13
52 +0 +0 +0 -3.184625e-13
53 +0 +0 +0 -1.705258e-13
54 +0 +0 +0 +1.744268e-14
55 +0 +0 +0 +3.568877e-14
56 +0 +0 +0 +7.887195e-15
57 +0 +0 +0 -5.848904e-14
58 +0 +0 +0 +3.064792e-14
59 +0 +0 +0 -5.958090e-14
60 +0 +0 +0 +2.110142e-14
61 +0 +0 +0 -1.704892e-16
62 +0 +0 +0 +2.050392e-15
63 +0 +0 +0 -3.809546e-14
