0 +0 +0 +0 +1.347281e-08
1 +0 +0 +0 +2.354263e-08
2 +0 +0 +0 +1.309257e-08
3 +0 +0 +0 +7.758365e-09
4 +0 +0 +0 +4.851106e-09
5 +0 +0 +0 +3.109452e-09
6 +0 +0 +0 +2.053276e-09
7 +0 +0 +0 +1.341788e-09
8 +0 +0 +0 +8.848189e-10
9 +0 +0 +0 +6.078393e-10
10 +0 +0 +0 +3.953590e-10
11 +0 +0 +0 +2.589902e-10
12 +0 +0 +0 +1.772573e-10
13 +0 +0 +0 +1.187147e-10
14 +0 +0 +0 +8.122025e-11
15 +0 +0 +0 +5.676290e-11
16 +0 +0 +0 +3.511583e-11
17 +0 +0 +0 +2.761593e-11
18 +0 +0 +0 +1.709796e-11
19 +0 +0 +0 +9.697316e-12
20 +0 +0 +0 +6.592817e-12
21 +0 +0 +0 +4.187798e-12
22 +0 +0 +0 +2.145186e-12
23 +0 +0 +0 +3.143288e-12
24 +0 +0 +0 +3.079379e-12
25 +0 +0 +0 +2.742263e-12
26 +0 +0 +0 +2.652487e-12
27 +0 +0 +0 +2.553097e-12
28 +0 +0 +0 +1.269449e-12
29 +0 +0 +0 +7.001885e-13
30 +0 +0 +0 +6.636452e-13
31 +0 +0 +0 +3.437562e-13
32 +0 +0 +0 -2.558796e-13
33 +0 +0 +0 -2.078856e-13
34 +0 +0 +0 -6.242307e-13
35 +0 +0 +0 -3.752167e-13
36 +0 +0 +0 -5.157235e-13
37 +0 +0 +0 -1.215543e-13
38 +0 +0 +0 -2.484653e-13
39 +0 +0 +0 -6.192707e-13
40 +0 +0 +0 -1.318603e-13
41 +0 +0 +0 -1.034104e-13
42 +0 +0 +0 -9.887539e-14
43 +0 +0 +0 -2.338013e-13
44 +0 +0 +0 -2.350915e-13
45 +0 +0 +0 -9.058659e-14
46 +0 +0 +0 -6.796930e-14
47 +0 +0 +0 +7.462771e-14
48 +0 +0 +0 +1.422847e-13
49 +0 +0 +0 +8.643206e-14
50 +0 +0 +0 +8.421999e-14
51 +0 +0 +0 +1.851538e-15
52 +0 +0 +0 +1.227566e-14
53 +0 +0 +0 +1.916055e-14
54 +0 +0 +0 -1.046154e-13
55 +0 +0 +0 -9.394120e-14
56 +0 +0 +0 -8.780242e-14
57 +0 +0 +0 -1.026142e-13
58 +0 +0 +0 -8.429480e-14
59 +0 +0 +0 -1.322482e-14
60 +0 +0 +0 +2.749280e-14
61 +0 +0 +0 -1.426584e-15
62 +0 +0 +0 +3.196656e-14
63 +0 +0 +0 +1.025930e-13
