0 +0 +0 +0 +1.244876e-08
1 +0 +0 +0 +2.336478e-08
2 +0 +0 +0 +1.259363e-08
3 +0 +0 +0 +7.461525e-09
4 +0 +0 +0 +4.679400e-09
5 +0 +0 +0 +3.013485e-09
6 +0 +0 +0 +1.962846e-09
7 +0 +0 +0 +1.297314e-09
8 +0 +0 +0 +8.661874e-10
9 +0 +0 +0 +5.792861e-10
10 +0 +0 +0 +3.909463e-10
11 +0 +0 +0 +2.795432e-10
12 +0 +0 +0 +1.881432e-10
13 +0 +0 +0 +1.189452e-10
14 +0 +0 +0 +8.033113e-11
15 +0 +0 +0 +5.396746e-11
16 +0 +0 +0 +3.599674e-11
17 +0 +0 +0 +2.436594e-11
18 +0 +0 +0 +1.809747e-11
19 +0 +0 +0 +1.364981e-11
20 +0 +0 +0 +1.057322e-11
21 +0 +0 +0 +6.017123e-12
22 +0 +0 +0 +2.057809e-12
23 +0 +0 +0 +9.803166e-13
24 +0 +0 +0 +1.490122e-12
25 +0 +0 +0 +1.938658e-12
26 +0 +0 +0 +9.119465e-13
27 +0 +0 +0 +1.282887e-12
28 +0 +0 +0 +1.495412e-12
29 +0 +0 +0 +9.612497e-13
30 +0 +0 +0 +4.010328e-13
31 +0 +0 +0 +6.441510e-13
32 +0 +0 +0 +6.499622e-13
33 +0 +0 +0 +4.871629e-13
34 +0 +0 +0 +3.833483e-13
35 +0 +0 +0 +3.006577e-13
36 +0 +0 +0 +1.880070e-13
37 +0 +0 +0 +2.157807e-13
38 +0 +0 +0 +3.777910e-14
39 +0 +0 +0 +2.340504e-14
40 +0 +0 +0 +3.663780e-14
41 +0 +0 +0 +5.663625e-14
42 +0 +0 +0 -1.488302e-13
43 +0 +0 +0 -9.503609e-15
44 +0 +0 +0 -8.541578e-14
45 +0 +0 +0 -5.028948e-14
46 +0 +0 +0 +2.015382e-14
47 +0 +0 +0 -1.217183e-13
48 +0 +0 +0 -7.149069e-14
49 +0 +0 +0 -9.502106e-14
50 +0 +0 +0 -2.738525e-13
51 +0 +0 +0 -1.712221e-13
52 +0 +0 +0 -1.550564e-13
53 +0 +0 +0 -1.625454e-13
54 +0 +0 +0 -7.633334e-14
55 +0 +0 +0 -3.691609e-14
56 +0 +0 +0 +5.005829e-15
57 +0 +0 +0 +5.071515e-14
58 +0 +0 +0 +1.080208e-13
59 +0 +0 +0 +1.765228e-13
60 +0 +0 +0 +1.511505e-13
61 +0 +0 +0 +1.738940e-13
62 +0 +0 +0 +7.549628e-14
63 +0 +0 +0 +1.035851e-15
