0 +0 +0 +0 +1.409805e-08
1 +0 +0 +0 +2.457496e-08
2 +0 +0 +0 +1.345511e-08
3 +0 +0 +0 +7.869525e-09
4 +0 +0 +0 +4.837799e-09
5 +0 +0 +0 +3.085141e-09
6 +0 +0 +0 +1.990776e-09
7 +0 +0 +0 +1.319647e-09
8 +0 +0 +0 +8.750626e-10
9 +0 +0 +0 +5.581983e-10
10 +0 +0 +0 +3.705603e-10
11 +0 +0 +0 +2.352462e-10
12 +0 +0 +0 +1.578376e-10
13 +0 +0 +0 +1.014821e-10
14 +0 +0 +0 +5.792296e-11
15 +0 +0 +0 +3.731481e-11
16 +0 +0 +0 +2.439167e-11
17 +0 +0 +0 +1.855956e-11
18 +0 +0 +0 +1.239471e-11
19 +0 +0 +0 +8.644168e-12
20 +0 +0 +0 +6.870678e-12
21 +0 +0 +0 +5.508200e-12
22 +0 +0 +0 +2.423947e-12
23 +0 +0 +0 +1.747383e-12
24 +0 +0 +0 +2.458808e-12
25 +0 +0 +0 +1.922900e-12
26 +0 +0 +0 +8.119846e-13
27 +0 +0 +0 +8.256458e-13
28 +0 +0 +0 +6.006014e-13
29 +0 +0 +0 +1.064282e-12
30 +0 +0 +0 +4.239615e-13
31 +0 +0 +0 -3.638290e-13
32 +0 +0 +0 -4.990796e-14
33 +0 +0 +0 +1.466111e-13
34 +0 +0 +0 -4.379979e-14
35 +0 +0 +0 +8.963718e-14
36 +0 +0 +0 +2.616376e-13
37 +0 +0 +0 +4.520806e-13
38 +0 +0 +0 +4.087127e-13
39 +0 +0 +0 +3.350017e-13
40 +0 +0 +0 +2.754230e-13
41 +0 +0 +0 +4.869318e-14
42 +0 +0 +0 +4.185086e-13
43 +0 +0 +0 +3.294968e-13
44 +0 +0 +0 +7.644179e-14
45 +0 +0 +0 +2.428158e-13
46 +0 +0 +0 +1.169770e-13
47 +0 +0 +0 -9.370507e-14
48 +0 +0 +0 -7.275972e-15
49 +0 +0 +0 +5.604431e-14
50 +0 +0 +0 +1.015590e-13
51 +0 +0 +0 +2.808305e-13
52 +0 +0 +0 +2.072381e-13
53 +0 +0 +0 +8.910390e-14
54 +0 +0 +0 +5.869634e-14
55 +0 +0 +0 -7.675544e-15
56 +0 +0 +0 +1.255572e-13
57 +0 +0 +0 -3.390196e-14
58 +0 +0 +0 -7.552654e-14
59 +0 +0 +0 -1.861877e-13
60 +0 +0 +0 -1.281035e-13
61 +0 +0 +0 -1.338381e-13
62 +0 +0 +0 -1.573152e-13
63 +0 +0 +0 -1.253046e-13
