0 +0 +0 +0 +1.329575e-08
1 +0 +0 +0 +2.343422e-08
2 +0 +0 +0 +1.307084e-08
3 +0 +0 +0 +7.700043e-09
4 +0 +0 +0 +4.820661e-09
5 +0 +0 +0 +3.010564e-09
6 +0 +0 +0 +1.978564e-09
7 +0 +0 +0 +1.279760e-09
8 +0 +0 +0 +8.429047e-10
9 +0 +0 +0 +5.703551e-10
10 +0 +0 +0 +3.677241e-10
11 +0 +0 +0 +2.427960e-10
12 +0 +0 +0 +1.609809e-10
13 +0 +0 +0 +1.037052e-10
14 +0 +0 +0 +7.127322e-11
15 +0 +0 +0 +4.834735e-11
16 +0 +0 +0 +3.671649e-11
17 +0 +0 +0 +2.828042e-11
18 +0 +0 +0 +2.050313e-11
19 +0 +0 +0 +1.347476e-11
20 +0 +0 +0 +8.279622e-12
21 +0 +0 +0 +5.972063e-12
22 +0 +0 +0 +5.048326e-12
23 +0 +0 +0 +4.348549e-12
24 +0 +0 +0 +2.891321e-12
25 +0 +0 +0 +2.291114e-12
26 +0 +0 +0 +1.477253e-12
27 +0 +0 +0 +1.042324e-12
28 +0 +0 +0 +5.812629e-13
29 +0 +0 +0 +1.966146e-13
30 +0 +0 +0 +2.075186e-13
31 +0 +0 +0 +1.787481e-13
32 +0 +0 +0 +1.784410e-13
33 +0 +0 +0 +4.546510e-13
34 +0 +0 +0 +5.064788e-13
35 +0 +0 +0 +3.898895e-14
36 +0 +0 +0 +5.305784e-13
37 +0 +0 +0 +2.476883e-13
38 +0 +0 +0 +2.704385e-13
39 +0 +0 +0 -5.409106e-14
40 +0 +0 +0 -9.009491e-14
41 +0 +0 +0 +3.165913e-15
42 +0 +0 +0 +1.888215e-13
43 +0 +0 +0 +9.516566e-14
44 +0 +0 +0 +1.600237e-13
45 +0 +0 +0 +2.699151e-13
46 +0 +0 +0 +2.955429e-13
47 +0 +0 +0 +2.582318e-13
48 +0 +0 +0 +2.531319e-13
49 +0 +0 +0 +1.716917e-13
50 +0 +0 +0 +1.554621e-13
51 +0 +0 +0 +2.147629e-13
52 +0 +0 +0 +1.641005e-13
53 +0 +0 +0 +2.359047e-13
54 +0 +0 +0 +2.254672e-13
55 +0 +0 +0 -5.147366e-14
56 +0 +0 +0 -6.821256e-14
57 +0 +0 +0 -4.292008e-14
58 +0 +0 +0 +3.850308e-15
59 +0 +0 +0 +3.734681e-14
60 +0 +0 +0 -9.169250e-15
61 +0 +0 +0 -5.881575e-14
62 +0 +0 +0 -9.903837e-15
63 +0 +0 +0 -2.411200e-15
