0 +0 +0 +0 +1.319656e-08
1 +0 +0 +0 +2.477255e-08
2 +0 +0 +0 +1.358279e-08
3 +0 +0 +0 +8.023103e-09
4 +0 +0 +0 +4.989925e-09
5 +0 +0 +0 +3.186977e-09
6 +0 +0 +0 +2.071830e-09
7 +0 +0 +0 +1.422588e-09
8 +0 +0 +0 +9.343214e-10
9 +0 +0 +0 +6.231091e-10
10 +0 +0 +0 +4.213487e-10
11 +0 +0 +0 +2.938592e-10
12 +0 +0 +0 +2.044821e-10
13 +0 +0 +0 +1.421066e-10
14 +0 +0 +0 +9.714088e-11
15 +0 +0 +0 +7.037666e-11
16 +0 +0 +0 +4.453514e-11
17 +0 +0 +0 +2.669935e-11
18 +0 +0 +0 +1.483912e-11
19 +0 +0 +0 +1.026056e-11
20 +0 +0 +0 +6.311567e-12
21 +0 +0 +0 +5.137488e-12
22 +0 +0 +0 +3.740170e-12
23 +0 +0 +0 +3.583435e-12
24 +0 +0 +0 +2.625658e-12
25 +0 +0 +0 +2.289545e-12
26 +0 +0 +0 +1.092833e-12
27 +0 +0 +0 +1.376362e-13
28 +0 +0 +0 +4.360062e-13
29 +0 +0 +0 +1.525939e-12
30 +0 +0 +0 +1.422685e-12
31 +0 +0 +0 +1.180725e-12
32 +0 +0 +0 +1.533464e-12
33 +0 +0 +0 +1.465910e-12
34 +0 +0 +0 +1.987641e-12
35 +0 +0 +0 +2.088514e-12
36 +0 +0 +0 +1.575972e-12
37 +0 +0 +0 +9.276148e-13
38 +0 +0 +0 +6.447886e-13
39 +0 +0 +0 +2.425095e-13
40 +0 +0 +0 +1.952809e-13
41 +0 +0 +0 +2.060791e-13
42 +0 +0 +0 +3.720038e-13
43 +0 +0 +0 +2.895554e-13
44 +0 +0 +0 +3.154212e-13
45 +0 +0 +0 +2.138979e-13
46 +0 +0 +0 +2.402519e-13
47 +0 +0 +0 +4.713506e-14
48 +0 +0 +0 +6.578526e-14
49 +0 +0 +0 +9.702003e-14
50 +0 +0 +0 +1.061401e-13
51 +0 +0 +0 +4.366332e-14
52 +0 +0 +0 +1.179102e-13
53 +0 +0 +0 +1.633102e-13
54 +0 +0 +0 +1.350093e-13
55 +0 +0 +0 +1.196236e-13
56 +0 +0 +0 +1.334537e-13
57 +0 +0 +0 +3.572243e-15
58 +0 +0 +0 +4.482875e-14
59 +0 +0 +0 -1.835082e-14
60 +0 +0 +0 +3.758958e-14
61 +0 +0 +0 -2.318323e-15
62 +0 +0 +0 +1.143136e-14
63 +0 +0 +0 +2.885676e-14
