0 +0 +0 +0 +1.367026e-08
1 +0 +0 +0 +2.461197e-08
2 +0 +0 +0 +1.371955e-08
3 +0 +0 +0 +8.062014e-09
4 +0 +0 +0 +5.050337e-09
5 +0 +0 +0 +3.155386e-09
6 +0 +0 +0 +2.028211e-09
7 +0 +0 +0 +1.331114e-09
8 +0 +0 +0 +8.876349e-10
9 +0 +0 +0 +6.015953e-10
10 +0 +0 +0 +4.090324e-10
11 +0 +0 +0 +2.700452e-10
12 +0 +0 +0 +1.856128e-10
13 +0 +0 +0 +1.265185e-10
14 +0 +0 +0 +8.924188e-11
15 +0 +0 +0 +6.057043e-11
16 +0 +0 +0 +4.342317e-11
17 +0 +0 +0 +2.996303e-11
18 +0 +0 +0 +2.165516e-11
19 +0 +0 +0 +1.336072e-11
20 +0 +0 +0 +8.078460e-12
21 +0 +0 +0 +3.540230e-12
22 +0 +0 +0 +2.563552e-12
23 +0 +0 +0 +1.368122e-13
24 +0 +0 +0 +1.101237e-13
25 +0 +0 +0 -2.129425e-13
26 +0 +0 +0 -8.105729e-14
27 +0 +0 +0 +6.465786e-14
28 +0 +0 +0 +3.853539e-13
29 +0 +0 +0 +4.000147e-13
30 +0 +0 +0 -1.578625e-13
31 +0 +0 +0 -7.460883e-13
32 +0 +0 +0 -8.455530e-13
33 +0 +0 +0 -1.085960e-12
34 +0 +0 +0 -6.844928e-13
35 +0 +0 +0 -4.459053e-13
36 +0 +0 +0 -1.541290e-13
37 +0 +0 +0 -5.551498e-14
38 +0 +0 +0 +6.451653e-14
39 +0 +0 +0 -3.248867e-13
40 +0 +0 +0 -1.732859e-13
41 +0 +0 +0 -1.491080e-13
42 +0 +0 +0 -2.436735e-13
43 +0 +0 +0 -3.206763e-13
44 +0 +0 +0 -1.415167e-13
45 +0 +0 +0 -5.417543e-14
46 +0 +0 +0 -1.466233e-13
47 +0 +0 +0 -3.210383e-14
48 +0 +0 +0 +4.055973e-14
49 +0 +0 +0 +8.572142e-14
50 +0 +0 +0 -4.410452e-14
51 +0 +0 +0 +1.781808e-13
52 +0 +0 +0 +6.981745e-15
53 +0 +0 +0 +2.291849e-15
54 +0 +0 +0 -1.530833e-14
55 +0 +0 +0 -2.677913e-14
56 +0 +0 +0 -1.428281e-15
57 +0 +0 +0 -6.421407e-14
58 +0 +0 +0 +9.808694e-14
59 +0 +0 +0 +7.448350e-14
60 +0 +0 +0 -2.024128e-14
61 +0 +0 +0 -8.338428e-15
62 +0 +0 +0 +7.226675e-14
63 +0 +0 +0 -3.560684e-14
