0 +0 +0 +0 +1.350404e-08
1 +0 +0 +0 +2.467758e-08
2 +0 +0 +0 +1.337090e-08
3 +0 +0 +0 +7.939746e-09
4 +0 +0 +0 +4.916101e-09
5 +0 +0 +0 +3.135594e-09
6 +0 +0 +0 +1.997773e-09
7 +0 +0 +0 +1.334908e-09
8 +0 +0 +0 +8.821695e-10
9 +0 +0 +0 +5.483718e-10
10 +0 +0 +0 +3.669546e-10
11 +0 +0 +0 +2.415218e-10
12 +0 +0 +0 +1.665011e-10
13 +0 +0 +0 +1.119759e-10
14 +0 +0 +0 +7.127068e-11
15 +0 +0 +0 +4.662405e-11
16 +0 +0 +0 +3.264366e-11
17 +0 +0 +0 +2.426139e-11
18 +0 +0 +0 +1.569254e-11
19 +0 +0 +0 +9.273824e-12
20 +0 +0 +0 +5.292295e-12
21 +0 +0 +0 +1.679607e-12
22 +0 +0 +0 +1.596663e-12
23 +0 +0 +0 -7.964716e-14
24 +0 +0 +0 -1.138271e-12
25 +0 +0 +0 -2.233179e-13
26 +0 +0 +0 -8.290943e-13
27 +0 +0 +0 -2.494823e-13
28 +0 +0 +0 +3.122756e-13
29 +0 +0 +0 +6.841741e-14
30 +0 +0 +0 -5.469715e-14
31 +0 +0 +0 -3.407057e-13
32 +0 +0 +0 +1.595934e-13
33 +0 +0 +0 +6.172208e-14
34 +0 +0 +0 -1.967596e-14
35 +0 +0 +0 +2.796491e-13
36 +0 +0 +0 -3.299253e-14
37 +0 +0 +0 +4.184826e-13
38 +0 +0 +0 +9.206199e-13
39 +0 +0 +0 +5.800947e-13
40 +0 +0 +0 +4.059983e-13
41 +0 +0 +0 +3.220475e-13
42 +0 +0 +0 +1.137227e-13
43 +0 +0 +0 -1.939252e-16
44 +0 +0 +0 -2.448985e-14
45 +0 +0 +0 +1.894171e-14
46 +0 +0 +0 +2.127127e-13
47 +0 +0 +0 +3.885370e-13
48 +0 +0 +0 +4.348117e-13
49 +0 +0 +0 +4.372137e-13
50 +0 +0 +0 +3.091076e-13
51 +0 +0 +0 +3.160942e-13
52 +0 +0 +0 +2.187001e-13
53 +0 +0 +0 +5.754480e-14
54 +0 +0 +0 +8.666448e-15
55 +0 +0 +0 -7.233036e-15
56 +0 +0 +0 -2.679037e-15
57 +0 +0 +0 +4.215960e-14
58 +0 +0 +0 +2.844615e-14
59 +0 +0 +0 -6.090280e-14
60 +0 +0 +0 +3.118818e-14
61 +0 +0 +0 +4.902510e-14
62 +0 +0 +0 +2.205740e-14
63 +0 +0 +0 +3.641082e-15
