0 +0 +0 +0 +1.304229e-08
1 +0 +0 +0 +2.461459e-08
2 +0 +0 +0 +1.361469e-08
3 +0 +0 +0 +8.072927e-09
4 +0 +0 +0 +4.858161e-09
5 +0 +0 +0 +3.139680e-09
6 +0 +0 +0 +2.029647e-09
7 +0 +0 +0 +1.289164e-09
8 +0 +0 +0 +8.355289e-10
9 +0 +0 +0 +5.495706e-10
10 +0 +0 +0 +3.707754e-10
11 +0 +0 +0 +2.428280e-10
12 +0 +0 +0 +1.660982e-10
13 +0 +0 +0 +1.097866e-10
14 +0 +0 +0 +7.728413e-11
15 +0 +0 +0 +5.006742e-11
16 +0 +0 +0 +3.780695e-11
17 +0 +0 +0 +2.704191e-11
18 +0 +0 +0 +1.864625e-11
19 +0 +0 +0 +1.335193e-11
20 +0 +0 +0 +9.375289e-12
21 +0 +0 +0 +5.850758e-12
22 +0 +0 +0 +5.072329e-12
23 +0 +0 +0 +3.300241e-12
24 +0 +0 +0 +1.756041e-12
25 +0 +0 +0 +1.821489e-12
26 +0 +0 +0 +2.126111e-12
27 +0 +0 +0 +1.424354e-12
28 +0 +0 +0 +8.445880e-13
29 +0 +0 +0 +6.186327e-13
30 +0 +0 +0 +7.981736e-13
31 +0 +0 +0 +1.117700e-13
32 +0 +0 +0 +2.809168e-14
33 +0 +0 +0 +1.118854e-13
34 +0 +0 +0 +7.269313e-13
35 +0 +0 +0 +9.019846e-13
36 +0 +0 +0 +1.032593e-12
37 +0 +0 +0 +6.688418e-13
38 +0 +0 +0 +3.043894e-13
39 +0 +0 +0 +2.492208e-13
40 +0 +0 +0 +2.875308e-13
41 +0 +0 +0 +3.297613e-13
42 +0 +0 +0 +1.365164e-13
43 +0 +0 +0 +2.217816e-13
44 +0 +0 +0 +1.914024e-13
45 +0 +0 +0 +2.684591e-13
46 +0 +0 +0 +3.598365e-13
47 +0 +0 +0 +3.745014e-13
48 +0 +0 +0 +3.270981e-13
49 +0 +0 +0 +1.763011e-13
50 +0 +0 +0 +1.200566e-13
51 +0 +0 +0 +2.566731e-15
52 +0 +0 +0 +1.090704e-14
53 +0 +0 +0 +1.943573e-13
54 +0 +0 +0 +9.038422e-14
55 +0 +0 +0 +1.994921e-13
56 +0 +0 +0 +1.846002e-13
57 +0 +0 +0 +1.242161e-13
58 +0 +0 +0 -2.491517e-14
59 +0 +0 +0 +1.718266e-14
60 +0 +0 +0 +3.202649e-14
61 +0 +0 +0 +1.233357e-15
62 +0 +0 +0 -9.109609e-14
63 +0 +0 +0 -1.424013e-13
