0 +0 +0 +0 +1.362867e-08
1 +0 +0 +0 +2.448706e-08
2 +0 +0 +0 +1.377244e-08
3 +0 +0 +0 +8.089564e-09
4 +0 +0 +0 +5.124566e-09
5 +0 +0 +0 +3.229273e-09
6 +0 +0 +0 +2.103734e-09
7 +0 +0 +0 +1.391733e-09
8 +0 +0 +0 +8.985562e-10
9 +0 +0 +0 +5.900715e-10
10 +0 +0 +0 +3.948965e-10
11 +0 +0 +0 +2.581265e-10
12 +0 +0 +0 +1.735083e-10
13 +0 +0 +0 +1.191898e-10
14 +0 +0 +0 +8.042464e-11
15 +0 +0 +0 +5.484749e-11
16 +0 +0 +0 +4.194811e-11
17 +0 +0 +0 +2.878458e-11
18 +0 +0 +0 +2.002536e-11
19 +0 +0 +0 +1.266899e-11
20 +0 +0 +0 +9.188173e-12
21 +0 +0 +0 +6.564998e-12
22 +0 +0 +0 +5.426880e-12
23 +0 +0 +0 +2.728127e-12
24 +0 +0 +0 +2.939304e-12
25 +0 +0 +0 +3.084835e-12
26 +0 +0 +0 +1.871078e-12
27 +0 +0 +0 +8.046462e-13
28 +0 +0 +0 -1.762780e-13
29 +0 +0 +0 -1.144326e-12
30 +0 +0 +0 -2.456020e-12
31 +0 +0 +0 -2.184461e-12
32 +0 +0 +0 -1.730274e-12
33 +0 +0 +0 -1.090423e-12
34 +0 +0 +0 -7.681590e-13
35 +0 +0 +0 -8.457690e-13
36 +0 +0 +0 -1.084953e-12
37 +0 +0 +0 -9.603760e-13
38 +0 +0 +0 -9.980363e-13
39 +0 +0 +0 -8.010572e-13
40 +0 +0 +0 -5.014018e-13
41 +0 +0 +0 -3.119420e-13
42 +0 +0 +0 -1.324013e-13
43 +0 +0 +0 -2.942492e-13
44 +0 +0 +0 -3.013274e-13
45 +0 +0 +0 -5.458180e-13
46 +0 +0 +0 -3.475974e-13
47 +0 +0 +0 -4.313948e-13
48 +0 +0 +0 -2.315615e-13
49 +0 +0 +0 -1.925832e-13
50 +0 +0 +0 -2.010033e-13
51 +0 +0 +0 -1.177771e-13
52 +0 +0 +0 -1.022292e-13
53 +0 +0 +0 -3.218089e-14
54 +0 +0 +0 +5.916340e-15
55 +0 +0 +0 -1.109227e-16
56 +0 +0 +0 +1.070011e-13
57 +0 +0 +0 -2.191749e-15
58 +0 +0 +0 -4.490061e-14
59 +0 +0 +0 +2.398555e-14
60 +0 +0 +0 -2.512618e-14
61 +0 +0 +0 -2.101895e-14
62 +0 +0 +0 -5.185511e-14
63 +0 +0 +0 -1.447568e-13
