0 +0 +0 +0 +1.294021e-08
1 +0 +0 +0 +2.484998e-08
2 +0 +0 +0 +1.366631e-08
3 +0 +0 +0 +8.367015e-09
4 +0 +0 +0 +5.134180e-09
5 +0 +0 +0 +3.297460e-09
6 +0 +0 +0 +2.124248e-09
7 +0 +0 +0 +1.402918e-09
8 +0 +0 +0 +9.033185e-10
9 +0 +0 +0 +6.030443e-10
10 +0 +0 +0 +3.949606e-10
11 +0 +0 +0 +2.494808e-10
12 +0 +0 +0 +1.658314e-10
13 +0 +0 +0 +1.029385e-10
14 +0 +0 +0 +6.512192e-11
15 +0 +0 +0 +4.632802e-11
16 +0 +0 +0 +2.826658e-11
17 +0 +0 +0 +1.994434e-11
18 +0 +0 +0 +1.196391e-11
19 +0 +0 +0 +1.010968e-11
20 +0 +0 +0 +9.172417e-12
21 +0 +0 +0 +5.399582e-12
22 +0 +0 +0 +2.827187e-12
23 +0 +0 +0 +1.152564e-12
24 +0 +0 +0 +2.842411e-13
25 +0 +0 +0 -3.342494e-13
26 +0 +0 +0 -4.971755e-13
27 +0 +0 +0 -1.782867e-13
28 +0 +0 +0 +3.775580e-13
29 +0 +0 +0 +3.548069e-14
30 +0 +0 +0 +4.528627e-13
31 +0 +0 +0 +1.008247e-12
32 +0 +0 +0 +8.652972e-13
33 +0 +0 +0 +2.505454e-13
34 +0 +0 +0 -3.698299e-13
35 +0 +0 +0 -1.155658e-12
36 +0 +0 +0 -3.382496e-13
37 +0 +0 +0 +1.484223e-13
38 +0 +0 +0 +5.695575e-14
39 +0 +0 +0 +1.098049e-13
40 +0 +0 +0 -1.234836e-13
41 +0 +0 +0 -6.122286e-14
42 +0 +0 +0 -6.964312e-14
43 +0 +0 +0 +1.458361e-13
44 +0 +0 +0 +3.106962e-13
45 +0 +0 +0 +1.196363e-13
46 +0 +0 +0 +3.466961e-13
47 +0 +0 +0 +2.604908e-13
48 +0 +0 +0 +2.516818e-13
49 +0 +0 +0 +2.582052e-13
50 +0 +0 +0 +3.890938e-14
51 +0 +0 +0 +6.555082e-14
52 +0 +0 +0 +5.626536e-14
53 +0 +0 +0 +1.030104e-13
54 +0 +0 +0 +1.192909e-13
55 +0 +0 +0 +1.458938e-13
56 +0 +0 +0 +2.395414e-14
57 +0 +0 +0 +3.403533e-14
58 +0 +0 +0 +3.161624e-14
59 +0 +0 +0 +1.237199e-13
60 +0 +0 +0 -8.739493e-15
61 +0 +0 +0 +7.190868e-14
62 +0 +0 +0 +2.687778e-14
63 +0 +0 +0 -5.429604e-15
