0 +0 +0 +0 +1.279641e-08
1 +0 +0 +0 +2.392290e-08
2 +0 +0 +0 +1.350993e-08
3 +0 +0 +0 +8.010387e-09
4 +0 +0 +0 +4.944239e-09
5 +0 +0 +0 +3.113603e-09
6 +0 +0 +0 +2.046130e-09
7 +0 +0 +0 +1.344173e-09
8 +0 +0 +0 +8.661671e-10
9 +0 +0 +0 +5.727612e-10
10 +0 +0 +0 +3.846296e-10
11 +0 +0 +0 +2.762442e-10
12 +0 +0 +0 +1.799548e-10
13 +0 +0 +0 +1.232537e-10
14 +0 +0 +0 +8.490189e-11
15 +0 +0 +0 +5.704287e-11
16 +0 +0 +0 +4.086640e-11
17 +0 +0 +0 +2.803196e-11
18 +0 +0 +0 +2.032758e-11
19 +0 +0 +0 +1.288565e-11
20 +0 +0 +0 +7.339807e-12
21 +0 +0 +0 +5.106376e-12
22 +0 +0 +0 +3.541801e-12
23 +0 +0 +0 +1.711896e-12
24 +0 +0 +0 +3.685832e-13
25 +0 +0 +0 -7.332718e-14
26 +0 +0 +0 -5.108866e-13
27 +0 +0 +0 +3.020080e-13
28 +0 +0 +0 +4.927819e-13
29 +0 +0 +0 +6.019711e-13
30 +0 +0 +0 +1.339469e-13
31 +0 +0 +0 +5.629510e-14
32 +0 +0 +0 -2.647850e-13
33 +0 +0 +0 -2.744164e-13
34 +0 +0 +0 -8.257524e-13
35 +0 +0 +0 -4.256282e-13
36 +0 +0 +0 -4.033675e-13
37 +0 +0 +0 +3.788407e-14
38 +0 +0 +0 -2.517646e-13
39 +0 +0 +0 -1.914481e-13
40 +0 +0 +0 +1.053735e-14
41 +0 +0 +0 +1.093275e-13
42 +0 +0 +0 +1.704545e-13
43 +0 +0 +0 +1.657401e-13
44 +0 +0 +0 +1.986319e-13
45 +0 +0 +0 -9.096189e-14
46 +0 +0 +0 +2.148845e-14
47 +0 +0 +0 -2.779587e-15
48 +0 +0 +0 +1.676072e-13
49 +0 +0 +0 +1.380079e-13
50 +0 +0 +0 +1.522781e-13
51 +0 +0 +0 +2.440589e-13
52 +0 +0 +0 +3.615529e-13
53 +0 +0 +0 +2.935354e-13
54 +0 +0 +0 +1.456328e-13
55 +0 +0 +0 +9.722316e-14
56 +0 +0 +0 -2.015199e-14
57 +0 +0 +0 -1.641151e-14
58 +0 +0 +0 -6.800245e-14
59 +0 +0 +0 -5.987323e-14
60 +0 +0 +0 -4.648985e-14
61 +0 +0 +0 -7.176869e-14
62 +0 +0 +0 -1.304907e-13
63 +0 +0 +0 -4.763980e-14
