0 +0 +0 +0 +1.354123e-08
1 +0 +0 +0 +2.477868e-08
2 +0 +0 +0 +1.392785e-08
3 +0 +0 +0 +8.063450e-09
4 +0 +0 +0 +4.922919e-09
5 +0 +0 +0 +3.148260e-09
6 +0 +0 +0 +2.046005e-09
7 +0 +0 +0 +1.349083e-09
8 +0 +0 +0 +8.972623e-10
9 +0 +0 +0 +6.007634e-10
10 +0 +0 +0 +4.023507e-10
11 +0 +0 +0 +2.688287e-10
12 +0 +0 +0 +1.817483e-10
13 +0 +0 +0 +1.285109e-10
14 +0 +0 +0 +8.854110e-11
15 +0 +0 +0 +6.284286e-11
16 +0 +0 +0 +3.754320e-11
17 +0 +0 +0 +2.564430e-11
18 +0 +0 +0 +1.678658e-11
19 +0 +0 +0 +1.152084e-11
20 +0 +0 +0 +9.631499e-12
21 +0 +0 +0 +7.305441e-12
22 +0 +0 +0 +8.356525e-12
23 +0 +0 +0 +6.146691e-12
24 +0 +0 +0 +2.633248e-12
25 +0 +0 +0 +1.274898e-12
26 +0 +0 +0 +2.238409e-12
27 +0 +0 +0 +5.640606e-13
28 +0 +0 +0 +1.136392e-12
29 +0 +0 +0 +5.460919e-13
30 +0 +0 +0 +3.305975e-13
31 +0 +0 +0 -1.885907e-13
32 +0 +0 +0 +7.964657e-15
33 +0 +0 +0 -2.752448e-13
34 +0 +0 +0 -5.271866e-13
35 +0 +0 +0 -6.715183e-13
36 +0 +0 +0 -6.717100e-13
37 +0 +0 +0 -4.445197e-13
38 +0 +0 +0 -3.408000e-13
39 +0 +0 +0 -6.939266e-13
40 +0 +0 +0 -6.558595e-13
41 +0 +0 +0 -5.634373e-13
42 +0 +0 +0 -1.705107e-13
43 +0 +0 +0 +1.743275e-13
44 +0 +0 +0 +7.996714e-14
45 +0 +0 +0 +5.808466e-14
46 +0 +0 +0 -1.788775e-13
47 +0 +0 +0 -3.759816e-13
48 +0 +0 +0 -2.152685e-13
49 +0 +0 +0 -6.746195e-15
50 +0 +0 +0 +2.283109e-14
51 +0 +0 +0 +2.655865e-15
52 +0 +0 +0 +4.789899e-14
53 +0 +0 +0 -1.668092e-14
54 +0 +0 +0 -1.988757e-14
55 +0 +0 +0 +1.121342e-13
56 +0 +0 +0 -7.283335e-14
57 +0 +0 +0 -1.447195e-13
58 +0 +0 +0 -1.283531e-13
59 +0 +0 +0 -1.267443e-13
60 +0 +0 +0 -9.221874e-14
61 +0 +0 +0 -8.470495e-14
62 +0 +0 +0 -1.948734e-13
63 +0 +0 +0 -1.137241e-13
