0 +0 +0 +0 +1.340559e-08
1 +0 +0 +0 +2.360676e-08
2 +0 +0 +0 +1.312847e-08
3 +0 +0 +0 +7.798581e-09
4 +0 +0 +0 +4.936084e-09
5 +0 +0 +0 +3.070686e-09
6 +0 +0 +0 +2.020142e-09
7 +0 +0 +0 +1.298595e-09
8 +0 +0 +0 +8.550792e-10
9 +0 +0 +0 +5.779479e-10
10 +0 +0 +0 +4.044006e-10
11 +0 +0 +0 +2.608626e-10
12 +0 +0 +0 +1.680019e-10
13 +0 +0 +0 +1.140426e-10
14 +0 +0 +0 +6.924470e-11
15 +0 +0 +0 +4.979720e-11
16 +0 +0 +0 +3.691226e-11
17 +0 +0 +0 +2.220962e-11
18 +0 +0 +0 +1.343802e-11
19 +0 +0 +0 +9.702970e-12
20 +0 +0 +0 +7.232853e-12
21 +0 +0 +0 +5.205197e-12
22 +0 +0 +0 +2.949473e-12
23 +0 +0 +0 +6.828945e-13
24 +0 +0 +0 -2.103320e-13
25 +0 +0 +0 +3.658216e-14
26 +0 +0 +0 -2.602334e-13
27 +0 +0 +0 -2.749083e-14
28 +0 +0 +0 -1.760088e-13
29 +0 +0 +0 +5.333005e-13
30 +0 +0 +0 -6.946569e-14
31 +0 +0 +0 -1.153793e-13
32 +0 +0 +0 -3.296347e-13
33 +0 +0 +0 -3.393345e-13
34 +0 +0 +0 +2.511359e-14
35 +0 +0 +0 -2.083094e-13
36 +0 +0 +0 -5.405515e-14
37 +0 +0 +0 -2.167344e-13
38 +0 +0 +0 -1.661140e-13
39 +0 +0 +0 +2.272533e-14
40 +0 +0 +0 +6.050777e-14
41 +0 +0 +0 +1.844742e-13
42 +0 +0 +0 +4.185787e-13
43 +0 +0 +0 +2.763068e-13
44 +0 +0 +0 +2.674744e-13
45 +0 +0 +0 +2.402122e-13
46 +0 +0 +0 +4.415384e-13
47 +0 +0 +0 +5.344520e-13
48 +0 +0 +0 +3.919513e-13
49 +0 +0 +0 +2.729310e-13
50 +0 +0 +0 +1.966412e-13
51 +0 +0 +0 +1.400408e-13
52 +0 +0 +0 +1.353403e-13
53 +0 +0 +0 +1.449194e-13
54 +0 +0 +0 +9.792261e-15
55 +0 +0 +0 +5.267601e-14
56 +0 +0 +0 -8.205435e-15
57 +0 +0 +0 +1.741003e-14
58 +0 +0 +0 -7.665093e-14
59 +0 +0 +0 -7.245052e-14
60 +0 +0 +0 -3.163810e-15
61 +0 +0 +0 +5.397129e-14
62 +0 +0 +0 +1.380416e-14
63 +0 +0 +0 -2.616779e-14
