0 +0 +0 +0 +1.309328e-08
1 +0 +0 +0 +2.464359e-08
2 +0 +0 +0 +1.358846e-08
3 +0 +0 +0 +8.076234e-09
4 +0 +0 +0 +4.910161e-09
5 +0 +0 +0 +3.115776e-09
6 +0 +0 +0 +2.025185e-09
7 +0 +0 +0 +1.292337e-09
8 +0 +0 +0 +8.509863e-10
9 +0 +0 +0 +5.838300e-10
10 +0 +0 +0 +3.894280e-10
11 +0 +0 +0 +2.568710e-10
12 +0 +0 +0 +1.707832e-10
13 +0 +0 +0 +1.103555e-10
14 +0 +0 +0 +7.625795e-11
15 +0 +0 +0 +4.940698e-11
16 +0 +0 +0 +3.268998e-11
17 +0 +0 +0 +2.529688e-11
18 +0 +0 +0 +1.556314e-11
19 +0 +0 +0 +1.056744e-11
20 +0 +0 +0 +6.646500e-12
21 +0 +0 +0 +3.265529e-12
22 +0 +0 +0 +2.241450e-12
23 +0 +0 +0 +1.015547e-12
24 +0 +0 +0 +5.711695e-13
25 +0 +0 +0 -3.607075e-13
26 +0 +0 +0 -1.237483e-12
27 +0 +0 +0 -1.169600e-12
28 +0 +0 +0 -1.326575e-12
29 +0 +0 +0 -1.414698e-12
30 +0 +0 +0 -1.694080e-12
31 +0 +0 +0 -9.039952e-13
32 +0 +0 +0 -5.728854e-13
33 +0 +0 +0 -2.695068e-13
34 +0 +0 +0 +2.347315e-13
35 +0 +0 +0 +3.943411e-13
36 +0 +0 +0 +6.691318e-13
37 +0 +0 +0 +8.091533e-13
38 +0 +0 +0 +6.172499e-13
39 +0 +0 +0 +5.645316e-13
40 +0 +0 +0 +4.632253e-13
41 +0 +0 +0 +3.292612e-13
42 +0 +0 +0 +5.794062e-13
43 +0 +0 +0 +6.185546e-13
44 +0 +0 +0 +3.878990e-13
45 +0 +0 +0 +1.963531e-13
46 +0 +0 +0 +2.139747e-13
47 +0 +0 +0 +1.865451e-13
48 +0 +0 +0 +7.098409e-14
49 +0 +0 +0 +1.883670e-13
50 +0 +0 +0 +3.087480e-13
51 +0 +0 +0 +3.830362e-13
52 +0 +0 +0 +2.959297e-13
53 +0 +0 +0 +2.071400e-13
54 +0 +0 +0 +1.634062e-13
55 +0 +0 +0 +1.143630e-13
56 +0 +0 +0 -4.808712e-15
57 +0 +0 +0 -1.981254e-14
58 +0 +0 +0 -8.708583e-14
59 +0 +0 +0 -9.485174e-14
60 +0 +0 +0 +5.904792e-15
61 +0 +0 +0 -5.108816e-14
62 +0 +0 +0 -5.406400e-14
63 +0 +0 +0 +6.094575e-15
