0 +0 +0 +0 +1.285199e-08
1 +0 +0 +0 +2.422012e-08
2 +0 +0 +0 +1.354918e-08
3 +0 +0 +0 +8.117465e-09
4 +0 +0 +0 +4.993611e-09
5 +0 +0 +0 +3.141815e-09
6 +0 +0 +0 +2.073242e-09
7 +0 +0 +0 +1.373640e-09
8 +0 +0 +0 +9.070060e-10
9 +0 +0 +0 +5.994355e-10
10 +0 +0 +0 +3.957238e-10
11 +0 +0 +0 +2.662406e-10
12 +0 +0 +0 +1.788194e-10
13 +0 +0 +0 +1.184909e-10
14 +0 +0 +0 +8.159553e-11
15 +0 +0 +0 +5.635503e-11
16 +0 +0 +0 +3.422319e-11
17 +0 +0 +0 +2.523613e-11
18 +0 +0 +0 +1.612839e-11
19 +0 +0 +0 +1.007086e-11
20 +0 +0 +0 +4.904978e-12
21 +0 +0 +0 +2.958466e-12
22 +0 +0 +0 +2.338616e-12
23 +0 +0 +0 +3.175767e-12
24 +0 +0 +0 +2.302855e-12
25 +0 +0 +0 +1.424475e-12
26 +0 +0 +0 +1.011172e-12
27 +0 +0 +0 +1.386937e-12
28 +0 +0 +0 +1.725286e-12
29 +0 +0 +0 +1.021813e-12
30 +0 +0 +0 +1.506262e-12
31 +0 +0 +0 +7.186979e-13
32 +0 +0 +0 +4.911810e-13
33 +0 +0 +0 +4.233843e-13
34 +0 +0 +0 +1.237085e-13
35 +0 +0 +0 +1.563620e-13
36 +0 +0 +0 -1.369552e-14
37 +0 +0 +0 -1.191736e-13
38 +0 +0 +0 +2.675909e-13
39 +0 +0 +0 +2.173090e-13
40 +0 +0 +0 +5.390346e-15
41 +0 +0 +0 -7.674110e-14
42 +0 +0 +0 +2.824708e-14
43 +0 +0 +0 +9.434431e-14
44 +0 +0 +0 +1.102217e-13
45 +0 +0 +0 +2.601491e-13
46 +0 +0 +0 +2.699578e-13
47 +0 +0 +0 +8.954303e-14
48 +0 +0 +0 +3.866517e-14
49 +0 +0 +0 -6.075384e-14
50 +0 +0 +0 -5.202772e-14
51 +0 +0 +0 -1.249031e-13
52 +0 +0 +0 -6.317205e-14
53 +0 +0 +0 +4.989456e-14
54 +0 +0 +0 +6.535225e-14
55 +0 +0 +0 +8.667875e-14
56 +0 +0 +0 +1.518416e-13
57 +0 +0 +0 +1.252248e-13
58 +0 +0 +0 +1.255476e-13
59 +0 +0 +0 +1.006117e-13
60 +0 +0 +0 +1.384842e-13
61 +0 +0 +0 +1.165708e-13
62 +0 +0 +0 -6.863228e-14
63 +0 +0 +0 -1.046856e-13
