0 +0 +0 +0 +1.354316e-08
1 +0 +0 +0 +2.458385e-08
2 +0 +0 +0 +1.369213e-08
3 +0 +0 +0 +7.902759e-09
4 +0 +0 +0 +4.950159e-09
5 +0 +0 +0 +3.061978e-09
6 +0 +0 +0 +2.001220e-09
7 +0 +0 +0 +1.304482e-09
8 +0 +0 +0 +8.744233e-10
9 +0 +0 +0 +5.911665e-10
10 +0 +0 +0 +3.900464e-10
11 +0 +0 +0 +2.507148e-10
12 +0 +0 +0 +1.656421e-10
13 +0 +0 +0 +1.112020e-10
14 +0 +0 +0 +7.425098e-11
15 +0 +0 +0 +4.638206e-11
16 +0 +0 +0 +3.192195e-11
17 +0 +0 +0 +1.753597e-11
18 +0 +0 +0 +1.476559e-11
19 +0 +0 +0 +7.277926e-12
20 +0 +0 +0 +5.486402e-12
21 +0 +0 +0 +2.842022e-12
22 +0 +0 +0 +1.183725e-12
23 +0 +0 +0 +2.948605e-13
24 +0 +0 +0 +6.204603e-13
25 +0 +0 +0 +4.711687e-13
26 +0 +0 +0 +9.536700e-13
27 +0 +0 +0 +1.940224e-13
28 +0 +0 +0 -1.199997e-13
29 +0 +0 +0 +3.675207e-13
30 +0 +0 +0 +3.640600e-13
31 +0 +0 +0 +2.665455e-13
32 +0 +0 +0 -2.656466e-13
33 +0 +0 +0 -2.099057e-13
34 +0 +0 +0 -4.511023e-13
35 +0 +0 +0 -3.967210e-13
36 +0 +0 +0 +3.074570e-14
37 +0 +0 +0 -1.291441e-13
38 +0 +0 +0 -1.057525e-13
39 +0 +0 +0 -3.248126e-13
40 +0 +0 +0 +3.485265e-14
41 +0 +0 +0 -2.712050e-14
42 +0 +0 +0 -4.384542e-14
43 +0 +0 +0 -1.923726e-13
44 +0 +0 +0 -1.092022e-13
45 +0 +0 +0 +9.679327e-14
46 +0 +0 +0 +3.773917e-13
47 +0 +0 +0 +2.781987e-13
48 +0 +0 +0 +9.200080e-14
49 +0 +0 +0 +9.608439e-14
50 +0 +0 +0 +8.085450e-14
51 +0 +0 +0 -3.941295e-14
52 +0 +0 +0 +8.898554e-14
53 +0 +0 +0 +9.243666e-14
54 +0 +0 +0 +2.065444e-13
55 +0 +0 +0 +3.053177e-13
56 +0 +0 +0 +3.060163e-13
57 +0 +0 +0 +3.487311e-13
58 +0 +0 +0 +4.029060e-13
59 +0 +0 +0 +2.989682e-13
60 +0 +0 +0 +1.854903e-13
61 +0 +0 +0 +8.507844e-14
62 +0 +0 +0 +4.740411e-14
63 +0 +0 +0 +2.897418e-14
