0 +0 +0 +0 +1.333226e-08
1 +0 +0 +0 +2.488182e-08
2 +0 +0 +0 +1.411117e-08
3 +0 +0 +0 +8.292494e-09
4 +0 +0 +0 +5.136409e-09
5 +0 +0 +0 +3.317100e-09
6 +0 +0 +0 +2.151922e-09
7 +0 +0 +0 +1.434668e-09
8 +0 +0 +0 +9.477861e-10
9 +0 +0 +0 +6.225420e-10
10 +0 +0 +0 +3.939471e-10
11 +0 +0 +0 +2.633602e-10
12 +0 +0 +0 +1.776665e-10
13 +0 +0 +0 +1.239549e-10
14 +0 +0 +0 +8.067299e-11
15 +0 +0 +0 +5.185377e-11
16 +0 +0 +0 +3.649975e-11
17 +0 +0 +0 +2.569708e-11
18 +0 +0 +0 +1.649682e-11
19 +0 +0 +0 +1.171795e-11
20 +0 +0 +0 +8.240919e-12
21 +0 +0 +0 +5.412452e-12
22 +0 +0 +0 +3.487657e-12
23 +0 +0 +0 +2.224328e-12
24 +0 +0 +0 +1.317184e-12
25 +0 +0 +0 +1.159512e-12
26 +0 +0 +0 +3.685154e-13
27 +0 +0 +0 -6.557543e-13
28 +0 +0 +0 -6.734200e-13
29 +0 +0 +0 -1.765735e-13
30 +0 +0 +0 -3.177523e-13
31 +0 +0 +0 -1.409576e-13
32 +0 +0 +0 +1.337411e-13
33 +0 +0 +0 +1.288973e-13
34 +0 +0 +0 -1.870321e-13
35 +0 +0 +0 -2.951524e-13
36 +0 +0 +0 -4.312615e-13
37 +0 +0 +0 -4.035196e-13
38 +0 +0 +0 -1.725535e-14
39 +0 +0 +0 +1.481552e-13
40 +0 +0 +0 +3.405813e-13
41 +0 +0 +0 +2.443828e-13
42 +0 +0 +0 +2.616651e-13
43 +0 +0 +0 +2.638082e-13
44 +0 +0 +0 +1.727758e-13
45 +0 +0 +0 +1.108580e-13
46 +0 +0 +0 +8.821029e-14
47 +0 +0 +0 +1.117769e-13
48 +0 +0 +0 -5.347769e-14
49 +0 +0 +0 -1.253834e-13
50 +0 +0 +0 -8.207284e-14
51 +0 +0 +0 -7.060553e-14
52 +0 +0 +0 -2.296495e-14
53 +0 +0 +0 -4.066236e-15
54 +0 +0 +0 -3.943073e-15
55 +0 +0 +0 -7.164376e-14
56 +0 +0 +0 +4.011936e-14
57 +0 +0 +0 +1.719302e-13
58 +0 +0 +0 +7.716438e-14
59 +0 +0 +0 +7.047671e-14
60 +0 +0 +0 +1.347969e-13
61 +0 +0 +0 +1.384898e-13
62 +0 +0 +0 +9.275186e-14
63 +0 +0 +0 +1.479013e-13
