0 +0 +0 +0 +1.312661e-08
1 +0 +0 +0 +2.404744e-08
2 +0 +0 +0 +1.335558e-08
3 +0 +0 +0 +7.866127e-09
4 +0 +0 +0 +4.876702e-09
5 +0 +0 +0 +3.065410e-09
6 +0 +0 +0 +2.000098e-09
7 +0 +0 +0 +1.312506e-09
8 +0 +0 +0 +8.937839e-10
9 +0 +0 +0 +6.020060e-10
10 +0 +0 +0 +3.934032e-10
11 +0 +0 +0 +2.610910e-10
12 +0 +0 +0 +1.781067e-10
13 +0 +0 +0 +1.194333e-10
14 +0 +0 +0 +7.624901e-11
15 +0 +0 +0 +4.778709e-11
16 +0 +0 +0 +3.197724e-11
17 +0 +0 +0 +2.414253e-11
18 +0 +0 +0 +1.710913e-11
19 +0 +0 +0 +1.306830e-11
20 +0 +0 +0 +8.300201e-12
21 +0 +0 +0 +6.889638e-12
22 +0 +0 +0 +5.605791e-12
23 +0 +0 +0 +5.827457e-12
24 +0 +0 +0 +4.325117e-12
25 +0 +0 +0 +3.602551e-12
26 +0 +0 +0 +1.816305e-12
27 +0 +0 +0 +1.230550e-12
28 +0 +0 +0 +4.284126e-13
29 +0 +0 +0 -4.401315e-13
30 +0 +0 +0 -5.008225e-13
31 +0 +0 +0 -6.087044e-13
32 +0 +0 +0 -5.911421e-13
33 +0 +0 +0 -3.482016e-13
34 +0 +0 +0 -5.280610e-13
35 +0 +0 +0 -6.389903e-13
36 +0 +0 +0 -4.746516e-13
37 +0 +0 +0 -2.861834e-13
38 +0 +0 +0 -4.009986e-13
39 +0 +0 +0 -4.981502e-13
40 +0 +0 +0 -6.494578e-13
41 +0 +0 +0 -2.164769e-13
42 +0 +0 +0 -1.181030e-13
43 +0 +0 +0 -1.612921e-13
44 +0 +0 +0 -1.501222e-13
45 +0 +0 +0 -7.948359e-14
46 +0 +0 +0 +7.172461e-15
47 +0 +0 +0 -6.178689e-14
48 +0 +0 +0 +8.066737e-14
49 +0 +0 +0 -8.250966e-14
50 +0 +0 +0 -1.157924e-13
51 +0 +0 +0 -1.850817e-13
52 +0 +0 +0 -1.867297e-13
53 +0 +0 +0 -5.508881e-14
54 +0 +0 +0 -1.561556e-13
55 +0 +0 +0 -8.909644e-14
56 +0 +0 +0 -1.516489e-14
57 +0 +0 +0 +2.645886e-14
58 +0 +0 +0 +1.984924e-13
59 +0 +0 +0 +2.064581e-13
60 +0 +0 +0 +1.660306e-13
61 +0 +0 +0 +3.982249e-14
62 +0 +0 +0 +1.281185e-13
63 +0 +0 +0 +5.702877e-14
