0 +0 +0 +0 +1.331642e-08
1 +0 +0 +0 +2.467383e-08
2 +0 +0 +0 +1.355961e-08
3 +0 +0 +0 +7.939463e-09
4 +0 +0 +0 +4.892134e-09
5 +0 +0 +0 +3.083860e-09
6 +0 +0 +0 +2.058679e-09
7 +0 +0 +0 +1.276884e-09
8 +0 +0 +0 +8.507118e-10
9 +0 +0 +0 +5.702109e-10
10 +0 +0 +0 +3.830304e-10
11 +0 +0 +0 +2.562316e-10
12 +0 +0 +0 +1.814951e-10
13 +0 +0 +0 +1.292400e-10
14 +0 +0 +0 +8.882985e-11
15 +0 +0 +0 +6.243883e-11
16 +0 +0 +0 +4.025513e-11
17 +0 +0 +0 +2.750878e-11
18 +0 +0 +0 +1.835992e-11
19 +0 +0 +0 +1.166445e-11
20 +0 +0 +0 +1.008543e-11
21 +0 +0 +0 +4.260363e-12
22 +0 +0 +0 +1.217563e-12
23 +0 +0 +0 -1.230724e-12
24 +0 +0 +0 +1.441610e-12
25 +0 +0 +0 +3.566180e-13
26 +0 +0 +0 +7.477710e-15
27 +0 +0 +0 -2.750355e-13
28 +0 +0 +0 -4.729942e-13
29 +0 +0 +0 +2.440854e-14
30 +0 +0 +0 +3.828082e-13
31 +0 +0 +0 -1.510301e-15
32 +0 +0 +0 +2.620964e-13
33 +0 +0 +0 +3.167824e-13
34 +0 +0 +0 -1.684345e-13
35 +0 +0 +0 +8.401492e-14
36 +0 +0 +0 -1.661316e-13
37 +0 +0 +0 -1.047424e-13
38 +0 +0 +0 -6.309081e-13
39 +0 +0 +0 -5.485282e-13
40 +0 +0 +0 -4.597283e-13
41 +0 +0 +0 -3.775131e-13
42 +0 +0 +0 -3.472823e-13
43 +0 +0 +0 -3.086778e-13
44 +0 +0 +0 -7.837981e-14
45 +0 +0 +0 -8.889909e-14
46 +0 +0 +0 +1.946529e-14
47 +0 +0 +0 +1.811422e-15
48 +0 +0 +0 +1.148492e-13
49 +0 +0 +0 +1.680223e-13
50 +0 +0 +0 +3.206764e-14
51 +0 +0 +0 -1.826527e-13
52 +0 +0 +0 -2.200909e-15
53 +0 +0 +0 -1.445640e-13
54 +0 +0 +0 -1.549962e-13
55 +0 +0 +0 -1.665943e-13
56 +0 +0 +0 -1.842282e-13
57 +0 +0 +0 -8.833290e-14
58 +0 +0 +0 -5.340160e-14
59 +0 +0 +0 -8.683099e-14
60 +0 +0 +0 -5.233613e-14
61 +0 +0 +0 -6.092036e-14
62 +0 +0 +0 -1.418437e-13
63 +0 +0 +0 -1.974984e-14
