0 +0 +0 +0 +1.317553e-08
1 +0 +0 +0 +2.508665e-08
2 +0 +0 +0 +1.417088e-08
3 +0 +0 +0 +8.072242e-09
4 +0 +0 +0 +5.066597e-09
5 +0 +0 +0 +3.267018e-09
6 +0 +0 +0 +2.120445e-09
7 +0 +0 +0 +1.410213e-09
8 +0 +0 +0 +9.172379e-10
9 +0 +0 +0 +6.190925e-10
10 +0 +0 +0 +3.971172e-10
11 +0 +0 +0 +2.725441e-10
12 +0 +0 +0 +1.838886e-10
13 +0 +0 +0 +1.297540e-10
14 +0 +0 +0 +9.185933e-11
15 +0 +0 +0 +6.341344e-11
16 +0 +0 +0 +4.237020e-11
17 +0 +0 +0 +2.957483e-11
18 +0 +0 +0 +2.101854e-11
19 +0 +0 +0 +1.620444e-11
20 +0 +0 +0 +1.342882e-11
21 +0 +0 +0 +7.484513e-12
22 +0 +0 +0 +4.591486e-12
23 +0 +0 +0 +5.199250e-12
24 +0 +0 +0 +4.399308e-12
25 +0 +0 +0 +3.480737e-12
26 +0 +0 +0 +2.978666e-12
27 +0 +0 +0 +1.132966e-12
28 +0 +0 +0 +1.338683e-12
29 +0 +0 +0 +7.371477e-13
30 +0 +0 +0 +4.271371e-13
31 +0 +0 +0 +3.435108e-13
32 +0 +0 +0 +2.776497e-13
33 +0 +0 +0 -1.955650e-13
34 +0 +0 +0 -6.492903e-14
35 +0 +0 +0 -2.202934e-14
36 +0 +0 +0 +2.508202e-13
37 +0 +0 +0 +2.161333e-13
38 +0 +0 +0 +3.773609e-13
39 +0 +0 +0 +2.601639e-13
40 +0 +0 +0 +4.355629e-13
41 +0 +0 +0 +2.196864e-13
42 +0 +0 +0 +3.199116e-13
43 +0 +0 +0 +2.777501e-13
44 +0 +0 +0 +2.884106e-13
45 +0 +0 +0 +4.658414e-13
46 +0 +0 +0 +5.337265e-13
47 +0 +0 +0 +2.828805e-13
48 +0 +0 +0 +2.510037e-13
49 +0 +0 +0 +1.981456e-13
50 +0 +0 +0 -8.395217e-14
51 +0 +0 +0 +1.134596e-13
52 +0 +0 +0 +5.667146e-14
53 +0 +0 +0 +2.018699e-13
54 +0 +0 +0 +1.161482e-13
55 +0 +0 +0 +5.140955e-14
56 +0 +0 +0 +6.605127e-15
57 +0 +0 +0 -1.541341e-14
58 +0 +0 +0 -6.380748e-15
59 +0 +0 +0 +8.885627e-14
60 +0 +0 +0 +5.428267e-14
61 +0 +0 +0 +6.534339e-14
62 +0 +0 +0 +1.060758e-14
63 +0 +0 +0 -1.393788e-14
