0 +0 +0 +0 +1.406529e-08
1 +0 +0 +0 +2.522401e-08
2 +0 +0 +0 +1.404478e-08
3 +0 +0 +0 +8.265003e-09
4 +0 +0 +0 +5.245732e-09
5 +0 +0 +0 +3.274345e-09
6 +0 +0 +0 +2.152914e-09
7 +0 +0 +0 +1.383085e-09
8 +0 +0 +0 +9.502837e-10
9 +0 +0 +0 +6.189781e-10
10 +0 +0 +0 +4.146543e-10
11 +0 +0 +0 +2.713749e-10
12 +0 +0 +0 +1.839325e-10
13 +0 +0 +0 +1.301414e-10
14 +0 +0 +0 +8.312886e-11
15 +0 +0 +0 +5.768142e-11
16 +0 +0 +0 +3.824285e-11
17 +0 +0 +0 +2.817110e-11
18 +0 +0 +0 +2.149374e-11
19 +0 +0 +0 +1.360246e-11
20 +0 +0 +0 +1.073971e-11
21 +0 +0 +0 +6.482576e-12
22 +0 +0 +0 +4.552759e-12
23 +0 +0 +0 +3.733054e-12
24 +0 +0 +0 +2.992836e-12
25 +0 +0 +0 +2.384633e-12
26 +0 +0 +0 +1.896441e-12
27 +0 +0 +0 +7.557211e-13
28 +0 +0 +0 +5.303054e-13
29 +0 +0 +0 +9.375350e-14
30 +0 +0 +0 +4.631166e-13
31 +0 +0 +0 +6.962604e-13
32 +0 +0 +0 +4.735234e-13
33 +0 +0 +0 -2.665652e-13
34 +0 +0 +0 -2.741618e-13
35 +0 +0 +0 -1.101193e-13
36 +0 +0 +0 -3.545977e-13
37 +0 +0 +0 -2.184084e-13
38 +0 +0 +0 -6.301248e-13
39 +0 +0 +0 -3.282535e-13
40 +0 +0 +0 -3.678595e-13
41 +0 +0 +0 -2.516101e-13
42 +0 +0 +0 -3.453814e-13
43 +0 +0 +0 -3.333801e-13
44 +0 +0 +0 -5.125675e-13
45 +0 +0 +0 -1.966637e-13
46 +0 +0 +0 -3.452265e-13
47 +0 +0 +0 -8.246615e-14
48 +0 +0 +0 +5.193264e-14
49 +0 +0 +0 +1.526754e-13
50 +0 +0 +0 +2.923983e-13
51 +0 +0 +0 +1.858226e-13
52 +0 +0 +0 +1.072085e-13
53 +0 +0 +0 +1.316144e-13
54 +0 +0 +0 -2.362084e-14
55 +0 +0 +0 +7.238101e-14
56 +0 +0 +0 +1.041999e-13
57 +0 +0 +0 +6.180717e-14
58 +0 +0 +0 +9.186871e-14
59 +0 +0 +0 +1.726515e-13
60 +0 +0 +0 +1.017926e-13
61 +0 +0 +0 +9.392428e-14
62 +0 +0 +0 +3.106106e-14
63 +0 +0 +0 +2.275267e-15
