0 +0 +0 +0 +1.323932e-08
1 +0 +0 +0 +2.456838e-08
2 +0 +0 +0 +1.370770e-08
3 +0 +0 +0 +7.935902e-09
4 +0 +0 +0 +5.039297e-09
5 +0 +0 +0 +3.269466e-09
6 +0 +0 +0 +2.095469e-09
7 +0 +0 +0 +1.364734e-09
8 +0 +0 +0 +9.006566e-10
9 +0 +0 +0 +6.022819e-10
10 +0 +0 +0 +3.977380e-10
11 +0 +0 +0 +2.725556e-10
12 +0 +0 +0 +1.902456e-10
13 +0 +0 +0 +1.293597e-10
14 +0 +0 +0 +8.587102e-11
15 +0 +0 +0 +5.727774e-11
16 +0 +0 +0 +4.079860e-11
17 +0 +0 +0 +2.654930e-11
18 +0 +0 +0 +1.640196e-11
19 +0 +0 +0 +1.112081e-11
20 +0 +0 +0 +8.869985e-12
21 +0 +0 +0 +6.531790e-12
22 +0 +0 +0 +4.197138e-12
23 +0 +0 +0 +3.516161e-12
24 +0 +0 +0 +1.201633e-12
25 +0 +0 +0 +1.264916e-12
26 +0 +0 +0 +8.384526e-13
27 +0 +0 +0 +3.052485e-14
28 +0 +0 +0 -3.446559e-13
29 +0 +0 +0 -1.540373e-13
30 +0 +0 +0 -5.967033e-13
31 +0 +0 +0 -6.326979e-13
32 +0 +0 +0 -1.392352e-12
33 +0 +0 +0 -9.721110e-13
34 +0 +0 +0 -1.101430e-12
35 +0 +0 +0 -5.086141e-13
36 +0 +0 +0 -3.421872e-14
37 +0 +0 +0 -1.477920e-13
38 +0 +0 +0 +8.014006e-14
39 +0 +0 +0 -1.340088e-13
40 +0 +0 +0 -9.778260e-15
41 +0 +0 +0 -5.104978e-14
42 +0 +0 +0 -5.767539e-14
43 +0 +0 +0 -6.639024e-14
44 +0 +0 +0 -5.262798e-14
45 +0 +0 +0 -9.469923e-14
46 +0 +0 +0 -1.506900e-13
47 +0 +0 +0 -8.091025e-14
48 +0 +0 +0 -9.472198e-14
49 +0 +0 +0 -3.155892e-14
50 +0 +0 +0 -4.392839e-14
51 +0 +0 +0 -8.554650e-14
52 +0 +0 +0 +1.163328e-13
53 +0 +0 +0 +3.026717e-13
54 +0 +0 +0 +4.362943e-13
55 +0 +0 +0 +4.322367e-13
56 +0 +0 +0 +3.572489e-13
57 +0 +0 +0 +2.701588e-13
58 +0 +0 +0 +2.264791e-13
59 +0 +0 +0 +1.873677e-13
60 +0 +0 +0 +2.479219e-13
61 +0 +0 +0 +1.758501e-13
62 +0 +0 +0 +1.009015e-13
63 +0 +0 +0 +4.752212e-14
