0 +0 +0 +0 +1.297916e-08
1 +0 +0 +0 +2.438885e-08
2 +0 +0 +0 +1.330765e-08
3 +0 +0 +0 +7.971655e-09
4 +0 +0 +0 +4.932483e-09
5 +0 +0 +0 +3.229561e-09
6 +0 +0 +0 +2.128105e-09
7 +0 +0 +0 +1.398234e-09
8 +0 +0 +0 +8.887501e-10
9 +0 +0 +0 +5.746170e-10
10 +0 +0 +0 +3.611416e-10
11 +0 +0 +0 +2.448729e-10
12 +0 +0 +0 +1.690808e-10
13 +0 +0 +0 +1.111695e-10
14 +0 +0 +0 +7.440536e-11
15 +0 +0 +0 +4.499110e-11
16 +0 +0 +0 +3.453531e-11
17 +0 +0 +0 +2.204934e-11
18 +0 +0 +0 +1.271633e-11
19 +0 +0 +0 +7.477272e-12
20 +0 +0 +0 +3.252870e-12
21 +0 +0 +0 +2.951577e-12
22 +0 +0 +0 +7.837790e-13
23 +0 +0 +0 +2.674687e-13
24 +0 +0 +0 -5.956985e-13
25 +0 +0 +0 -6.603205e-13
26 +0 +0 +0 -1.006421e-12
27 +0 +0 +0 -1.858426e-13
28 +0 +0 +0 -8.064695e-13
29 +0 +0 +0 -1.158074e-12
30 +0 +0 +0 -1.627728e-12
31 +0 +0 +0 -1.354194e-12
32 +0 +0 +0 -1.551196e-12
33 +0 +0 +0 -4.276706e-13
34 +0 +0 +0 -1.469373e-13
35 +0 +0 +0 +3.104052e-13
36 +0 +0 +0 +4.072351e-13
37 +0 +0 +0 +3.016442e-13
38 +0 +0 +0 +4.110893e-13
39 +0 +0 +0 +6.649137e-13
40 +0 +0 +0 +4.659942e-13
41 +0 +0 +0 +2.211826e-13
42 +0 +0 +0 +2.894363e-13
43 +0 +0 +0 +2.214477e-13
44 +0 +0 +0 +2.867521e-13
45 +0 +0 +0 +2.556825e-13
46 +0 +0 +0 +2.023838e-13
47 +0 +0 +0 -5.528151e-14
48 +0 +0 +0 -3.229451e-14
49 +0 +0 +0 -1.392070e-13
50 +0 +0 +0 -5.543987e-14
51 +0 +0 +0 -1.139692e-13
52 +0 +0 +0 -1.668738e-13
53 +0 +0 +0 -1.739697e-13
54 +0 +0 +0 -9.289937e-14
55 +0 +0 +0 -3.803607e-14
56 +0 +0 +0 +5.127433e-14
57 +0 +0 +0 +1.837732e-13
58 +0 +0 +0 +1.467361e-13
59 +0 +0 +0 +1.718472e-13
60 +0 +0 +0 +7.261995e-14
61 +0 +0 +0 +5.921146e-14
62 +0 +0 +0 +3.827705e-14
63 +0 +0 +0 +8.442801e-14
