0 +0 +0 +0 +1.287382e-08
1 +0 +0 +0 +2.384830e-08
2 +0 +0 +0 +1.314987e-08
3 +0 +0 +0 +7.684188e-09
4 +0 +0 +0 +4.637583e-09
5 +0 +0 +0 +2.905531e-09
6 +0 +0 +0 +1.913110e-09
7 +0 +0 +0 +1.219760e-09
8 +0 +0 +0 +8.016066e-10
9 +0 +0 +0 +5.287203e-10
10 +0 +0 +0 +3.440243e-10
11 +0 +0 +0 +2.257294e-10
12 +0 +0 +0 +1.520925e-10
13 +0 +0 +0 +1.003801e-10
14 +0 +0 +0 +6.903462e-11
15 +0 +0 +0 +4.545494e-11
16 +0 +0 +0 +3.168910e-11
17 +0 +0 +0 +2.109975e-11
18 +0 +0 +0 +1.622239e-11
19 +0 +0 +0 +1.204390e-11
20 +0 +0 +0 +8.054014e-12
21 +0 +0 +0 +3.924711e-12
22 +0 +0 +0 +1.149565e-12
23 +0 +0 +0 +8.005773e-13
24 +0 +0 +0 +4.432413e-13
25 +0 +0 +0 -5.640305e-13
26 +0 +0 +0 -2.230908e-13
27 +0 +0 +0 -2.748492e-13
28 +0 +0 +0 +1.571170e-13
29 +0 +0 +0 -5.446518e-13
30 +0 +0 +0 +7.029584e-14
31 +0 +0 +0 +1.412341e-13
32 +0 +0 +0 -2.363852e-13
33 +0 +0 +0 -1.776971e-13
34 +0 +0 +0 -4.630268e-13
35 +0 +0 +0 -2.520906e-13
36 +0 +0 +0 -3.084627e-14
37 +0 +0 +0 -1.333590e-13
38 +0 +0 +0 -1.285163e-13
39 +0 +0 +0 -2.153455e-13
40 +0 +0 +0 -2.969024e-13
41 +0 +0 +0 -5.143846e-13
42 +0 +0 +0 -2.384074e-13
43 +0 +0 +0 -4.410874e-13
44 +0 +0 +0 -3.555724e-13
45 +0 +0 +0 -9.365602e-14
46 +0 +0 +0 -2.272744e-13
47 +0 +0 +0 -3.228919e-13
48 +0 +0 +0 -1.704995e-13
49 +0 +0 +0 -4.259750e-13
50 +0 +0 +0 -2.629347e-13
51 +0 +0 +0 -2.509110e-13
52 +0 +0 +0 -1.250025e-13
53 +0 +0 +0 -9.514602e-14
54 +0 +0 +0 +9.518993e-15
55 +0 +0 +0 +3.795199e-14
56 +0 +0 +0 +3.529953e-14
57 +0 +0 +0 -4.332512e-14
58 +0 +0 +0 -1.000603e-13
59 +0 +0 +0 -5.311234e-14
60 +0 +0 +0 -6.486927e-14
61 +0 +0 +0 -8.618835e-15
62 +0 +0 +0 +8.743478e-15
63 +0 +0 +0 +4.953087e-14
