0 +0 +0 +0 +1.362187e-08
1 +0 +0 +0 +2.443030e-08
2 +0 +0 +0 +1.369560e-08
3 +0 +0 +0 +8.188806e-09
4 +0 +0 +0 +4.997916e-09
5 +0 +0 +0 +3.221833e-09
6 +0 +0 +0 +2.034837e-09
7 +0 +0 +0 +1.365789e-09
8 +0 +0 +0 +9.212106e-10
9 +0 +0 +0 +6.074253e-10
10 +0 +0 +0 +4.071479e-10
11 +0 +0 +0 +2.743584e-10
12 +0 +0 +0 +1.787103e-10
13 +0 +0 +0 +1.132842e-10
14 +0 +0 +0 +8.010147e-11
15 +0 +0 +0 +5.646657e-11
16 +0 +0 +0 +3.935205e-11
17 +0 +0 +0 +2.868763e-11
18 +0 +0 +0 +2.050917e-11
19 +0 +0 +0 +1.666508e-11
20 +0 +0 +0 +1.074983e-11
21 +0 +0 +0 +7.082426e-12
22 +0 +0 +0 +4.947083e-12
23 +0 +0 +0 +5.140606e-12
24 +0 +0 +0 +4.714162e-12
25 +0 +0 +0 +4.745797e-12
26 +0 +0 +0 +3.364212e-12
27 +0 +0 +0 +2.299185e-12
28 +0 +0 +0 +1.688948e-12
29 +0 +0 +0 +7.895280e-13
30 +0 +0 +0 +2.667193e-13
31 +0 +0 +0 +2.496961e-13
32 +0 +0 +0 +7.045358e-14
33 +0 +0 +0 +1.760169e-13
34 +0 +0 +0 +6.832371e-13
35 +0 +0 +0 +3.700380e-13
36 +0 +0 +0 +4.334660e-13
37 +0 +0 +0 +8.559194e-13
38 +0 +0 +0 +8.834609e-13
39 +0 +0 +0 +5.695456e-13
40 +0 +0 +0 +7.192590e-13
41 +0 +0 +0 +3.135316e-13
42 +0 +0 +0 +2.213481e-13
43 +0 +0 +0 +5.507259e-13
44 +0 +0 +0 +3.680224e-13
45 +0 +0 +0 +5.067420e-13
46 +0 +0 +0 +5.736171e-13
47 +0 +0 +0 +4.288083e-13
48 +0 +0 +0 +3.164232e-13
49 +0 +0 +0 +2.658617e-13
50 +0 +0 +0 +1.213739e-13
51 +0 +0 +0 -2.666275e-14
52 +0 +0 +0 -8.815980e-14
53 +0 +0 +0 -3.893218e-14
54 +0 +0 +0 +4.770618e-14
55 +0 +0 +0 -2.453955e-14
56 +0 +0 +0 -6.915925e-14
57 +0 +0 +0 -2.951182e-14
58 +0 +0 +0 -1.833954e-14
59 +0 +0 +0 -5.825269e-14
60 +0 +0 +0 -6.521484e-14
61 +0 +0 +0 -1.114144e-13
62 +0 +0 +0 -8.530548e-14
63 +0 +0 +0 -6.646916e-14
