0 +0 +0 +0 +1.286676e-08
1 +0 +0 +0 +2.375891e-08
2 +0 +0 +0 +1.344857e-08
3 +0 +0 +0 +7.743658e-09
4 +0 +0 +0 +4.818293e-09
5 +0 +0 +0 +2.977173e-09
6 +0 +0 +0 +1.915493e-09
7 +0 +0 +0 +1.270328e-09
8 +0 +0 +0 +8.352558e-10
9 +0 +0 +0 +5.596903e-10
10 +0 +0 +0 +3.779545e-10
11 +0 +0 +0 +2.631477e-10
12 +0 +0 +0 +1.756119e-10
13 +0 +0 +0 +1.243297e-10
14 +0 +0 +0 +8.855133e-11
15 +0 +0 +0 +6.129669e-11
16 +0 +0 +0 +4.329767e-11
17 +0 +0 +0 +3.018772e-11
18 +0 +0 +0 +1.900668e-11
19 +0 +0 +0 +1.251446e-11
20 +0 +0 +0 +1.129822e-11
21 +0 +0 +0 +8.408967e-12
22 +0 +0 +0 +5.124519e-12
23 +0 +0 +0 +4.173546e-12
24 +0 +0 +0 +3.300579e-12
25 +0 +0 +0 +2.727645e-12
26 +0 +0 +0 +2.008089e-12
27 +0 +0 +0 +4.949092e-13
28 +0 +0 +0 -2.210026e-13
29 +0 +0 +0 +6.880795e-14
30 +0 +0 +0 +2.874853e-13
31 +0 +0 +0 +2.755646e-13
32 +0 +0 +0 +1.190016e-13
33 +0 +0 +0 +8.807199e-13
34 +0 +0 +0 +8.383497e-13
35 +0 +0 +0 +9.851191e-13
36 +0 +0 +0 +8.498150e-13
37 +0 +0 +0 +5.295431e-13
38 +0 +0 +0 +3.789512e-13
39 +0 +0 +0 -2.441230e-13
40 +0 +0 +0 -3.174154e-13
41 +0 +0 +0 -5.652680e-13
42 +0 +0 +0 -3.518467e-13
43 +0 +0 +0 -3.448094e-13
44 +0 +0 +0 -3.411299e-13
45 +0 +0 +0 -1.542419e-13
46 +0 +0 +0 -5.701430e-14
47 +0 +0 +0 +8.516674e-14
48 +0 +0 +0 +1.464400e-13
49 +0 +0 +0 +2.165266e-13
50 +0 +0 +0 +2.217469e-13
51 +0 +0 +0 +2.272646e-13
52 +0 +0 +0 +2.141313e-13
53 +0 +0 +0 +1.470315e-13
54 +0 +0 +0 -4.810921e-14
55 +0 +0 +0 +2.790075e-14
56 +0 +0 +0 -1.398526e-14
57 +0 +0 +0 +1.078850e-14
58 +0 +0 +0 -3.733554e-14
59 +0 +0 +0 -9.419151e-14
60 +0 +0 +0 -7.409298e-14
61 +0 +0 +0 -5.086963e-14
62 +0 +0 +0 -4.801343e-14
63 +0 +0 +0 -7.291686e-14
