0 +0 +0 +0 +1.384464e-08
1 +0 +0 +0 +2.480425e-08
2 +0 +0 +0 +1.368031e-08
3 +0 +0 +0 +8.237495e-09
4 +0 +0 +0 +5.123419e-09
5 +0 +0 +0 +3.259956e-09
6 +0 +0 +0 +2.161482e-09
7 +0 +0 +0 +1.429855e-09
8 +0 +0 +0 +9.491451e-10
9 +0 +0 +0 +6.398492e-10
10 +0 +0 +0 +4.332015e-10
11 +0 +0 +0 +2.973249e-10
12 +0 +0 +0 +1.998425e-10
13 +0 +0 +0 +1.376960e-10
14 +0 +0 +0 +9.358185e-11
15 +0 +0 +0 +6.388020e-11
16 +0 +0 +0 +4.742003e-11
17 +0 +0 +0 +3.191089e-11
18 +0 +0 +0 +2.038840e-11
19 +0 +0 +0 +1.443904e-11
20 +0 +0 +0 +8.033139e-12
21 +0 +0 +0 +4.850490e-12
22 +0 +0 +0 +3.383269e-12
23 +0 +0 +0 +3.219113e-12
24 +0 +0 +0 +2.620933e-12
25 +0 +0 +0 +2.378554e-12
26 +0 +0 +0 +1.611226e-12
27 +0 +0 +0 +1.522401e-12
28 +0 +0 +0 +1.286818e-12
29 +0 +0 +0 +1.654438e-12
30 +0 +0 +0 +1.017163e-12
31 +0 +0 +0 +5.756051e-13
32 +0 +0 +0 -2.331883e-13
33 +0 +0 +0 -4.181248e-14
34 +0 +0 +0 -3.777238e-13
35 +0 +0 +0 -7.608060e-13
36 +0 +0 +0 -9.100548e-13
37 +0 +0 +0 -7.695484e-13
38 +0 +0 +0 -7.980526e-13
39 +0 +0 +0 -6.360745e-13
40 +0 +0 +0 -4.824979e-13
41 +0 +0 +0 -1.527691e-13
42 +0 +0 +0 -5.445194e-14
43 +0 +0 +0 -3.998409e-14
44 +0 +0 +0 -6.975944e-14
45 +0 +0 +0 -1.834930e-15
46 +0 +0 +0 -9.070516e-15
47 +0 +0 +0 +2.862469e-13
48 +0 +0 +0 +3.818581e-13
49 +0 +0 +0 +4.347706e-13
50 +0 +0 +0 +2.249404e-13
51 +0 +0 +0 +1.851611e-13
52 +0 +0 +0 +9.247233e-14
53 +0 +0 +0 +1.781903e-13
54 +0 +0 +0 +6.554547e-14
55 +0 +0 +0 +3.051138e-14
56 +0 +0 +0 +2.063918e-14
57 +0 +0 +0 +2.227822e-14
58 +0 +0 +0 +7.768530e-14
59 +0 +0 +0 +2.436126e-14
60 +0 +0 +0 +4.238842e-14
61 +0 +0 +0 +1.509375e-14
62 +0 +0 +0 +3.352784e-14
63 +0 +0 +0 +6.394926e-14
