0 +0 +0 +0 +1.367648e-08
1 +0 +0 +0 +2.428015e-08
2 +0 +0 +0 +1.374651e-08
3 +0 +0 +0 +8.066921e-09
4 +0 +0 +0 +5.020781e-09
5 +0 +0 +0 +3.192055e-09
6 +0 +0 +0 +2.091874e-09
7 +0 +0 +0 +1.355207e-09
8 +0 +0 +0 +8.989197e-10
9 +0 +0 +0 +5.955835e-10
10 +0 +0 +0 +4.001161e-10
11 +0 +0 +0 +2.708241e-10
12 +0 +0 +0 +1.752702e-10
13 +0 +0 +0 +1.184609e-10
14 +0 +0 +0 +7.683847e-11
15 +0 +0 +0 +4.988536e-11
16 +0 +0 +0 +3.089551e-11
17 +0 +0 +0 +2.235778e-11
18 +0 +0 +0 +1.324778e-11
19 +0 +0 +0 +7.211814e-12
20 +0 +0 +0 +7.114822e-12
21 +0 +0 +0 +4.258275e-12
22 +0 +0 +0 +3.490412e-12
23 +0 +0 +0 +2.175991e-12
24 +0 +0 +0 +3.294381e-12
25 +0 +0 +0 +2.039151e-12
26 +0 +0 +0 +2.258622e-12
27 +0 +0 +0 +2.048249e-12
28 +0 +0 +0 +4.219380e-13
29 +0 +0 +0 +1.183075e-12
30 +0 +0 +0 +1.184455e-12
31 +0 +0 +0 +5.605889e-13
32 +0 +0 +0 +4.169896e-13
33 +0 +0 +0 +1.523587e-13
34 +0 +0 +0 +3.169764e-13
35 +0 +0 +0 +3.280520e-13
36 +0 +0 +0 -1.318415e-13
37 +0 +0 +0 +1.019181e-13
38 +0 +0 +0 -5.704171e-14
39 +0 +0 +0 -2.567517e-13
40 +0 +0 +0 -2.740200e-13
41 +0 +0 +0 +2.069189e-13
42 +0 +0 +0 -5.099171e-14
43 +0 +0 +0 -4.217774e-14
44 +0 +0 +0 -6.567828e-14
45 +0 +0 +0 -1.925005e-13
46 +0 +0 +0 -2.014651e-13
47 +0 +0 +0 -1.826459e-13
48 +0 +0 +0 -1.451250e-13
49 +0 +0 +0 -8.036229e-14
50 +0 +0 +0 -1.795564e-13
51 +0 +0 +0 -1.581078e-13
52 +0 +0 +0 -1.073966e-13
53 +0 +0 +0 -5.868678e-14
54 +0 +0 +0 -4.529610e-14
55 +0 +0 +0 -7.989468e-14
56 +0 +0 +0 -1.156282e-13
57 +0 +0 +0 +6.613844e-15
58 +0 +0 +0 -4.921340e-15
59 +0 +0 +0 +7.916942e-14
60 +0 +0 +0 +1.026327e-13
61 +0 +0 +0 +5.717297e-14
62 +0 +0 +0 +1.774152e-13
63 +0 +0 +0 +7.275804e-14
