0 +0 +0 +0 +1.371072e-08
1 +0 +0 +0 +2.500890e-08
2 +0 +0 +0 +1.354707e-08
3 +0 +0 +0 +8.133023e-09
4 +0 +0 +0 +5.019349e-09
5 +0 +0 +0 +3.213759e-09
6 +0 +0 +0 +2.110349e-09
7 +0 +0 +0 +1.395951e-09
8 +0 +0 +0 +9.387850e-10
9 +0 +0 +0 +6.326851e-10
10 +0 +0 +0 +4.322245e-10
11 +0 +0 +0 +2.868075e-10
12 +0 +0 +0 +1.963025e-10
13 +0 +0 +0 +1.338562e-10
14 +0 +0 +0 +9.624430e-11
15 +0 +0 +0 +6.993015e-11
16 +0 +0 +0 +4.796493e-11
17 +0 +0 +0 +3.131025e-11
18 +0 +0 +0 +2.231108e-11
19 +0 +0 +0 +1.543607e-11
20 +0 +0 +0 +1.135538e-11
21 +0 +0 +0 +8.707371e-12
22 +0 +0 +0 +6.840146e-12
23 +0 +0 +0 +5.495361e-12
24 +0 +0 +0 +5.204027e-12
25 +0 +0 +0 +3.575073e-12
26 +0 +0 +0 +3.148313e-12
27 +0 +0 +0 +2.869978e-12
28 +0 +0 +0 +1.887691e-12
29 +0 +0 +0 +6.764448e-13
30 +0 +0 +0 -1.032559e-13
31 +0 +0 +0 -6.447503e-13
32 +0 +0 +0 -6.964561e-13
33 +0 +0 +0 -3.976027e-13
34 +0 +0 +0 -2.247529e-13
35 +0 +0 +0 -8.305505e-14
36 +0 +0 +0 -4.805323e-13
37 +0 +0 +0 -5.329727e-13
38 +0 +0 +0 -3.312102e-13
39 +0 +0 +0 -1.805781e-13
40 +0 +0 +0 -2.537983e-13
41 +0 +0 +0 -2.070374e-13
42 +0 +0 +0 -2.399045e-13
43 +0 +0 +0 -2.296963e-13
44 +0 +0 +0 -9.970575e-14
45 +0 +0 +0 -3.564889e-13
46 +0 +0 +0 -1.689727e-13
47 +0 +0 +0 -4.863220e-14
48 +0 +0 +0 +3.484951e-14
49 +0 +0 +0 -5.523553e-14
50 +0 +0 +0 -1.486484e-13
51 +0 +0 +0 -1.407553e-13
52 +0 +0 +0 -1.654976e-13
53 +0 +0 +0 -2.078317e-13
54 +0 +0 +0 -1.430783e-13
55 +0 +0 +0 -7.540259e-14
56 +0 +0 +0 -1.290696e-13
57 +0 +0 +0 +4.949853e-14
58 +0 +0 +0 +9.044864e-15
59 +0 +0 +0 +1.183861e-13
60 +0 +0 +0 +1.391447e-13
61 +0 +0 +0 +1.389975e-14
62 +0 +0 +0 -9.954695e-15
63 +0 +0 +0 -7.180374e-14
