0 +0 +0 +0 +1.371754e-08
1 +0 +0 +0 +2.415884e-08
2 +0 +0 +0 +1.329042e-08
3 +0 +0 +0 +7.701116e-09
4 +0 +0 +0 +4.663963e-09
5 +0 +0 +0 +3.038266e-09
6 +0 +0 +0 +1.930570e-09
7 +0 +0 +0 +1.255507e-09
8 +0 +0 +0 +8.387431e-10
9 +0 +0 +0 +5.506184e-10
10 +0 +0 +0 +3.737149e-10
11 +0 +0 +0 +2.402584e-10
12 +0 +0 +0 +1.562004e-10
13 +0 +0 +0 +1.021388e-10
14 +0 +0 +0 +6.757339e-11
15 +0 +0 +0 +4.818022e-11
16 +0 +0 +0 +3.127911e-11
17 +0 +0 +0 +2.235947e-11
18 +0 +0 +0 +1.827858e-11
19 +0 +0 +0 +1.113424e-11
20 +0 +0 +0 +7.271758e-12
21 +0 +0 +0 +4.901647e-12
22 +0 +0 +0 +5.320608e-12
23 +0 +0 +0 +4.031396e-12
24 +0 +0 +0 +4.364686e-12
25 +0 +0 +0 +3.367395e-12
26 +0 +0 +0 +2.852508e-12
27 +0 +0 +0 +1.347730e-12
28 +0 +0 +0 +4.125445e-13
29 +0 +0 +0 +1.053046e-12
30 +0 +0 +0 -2.506443e-14
31 +0 +0 +0 +5.813629e-13
32 +0 +0 +0 +1.996031e-13
33 +0 +0 +0 -8.602807e-14
34 +0 +0 +0 -1.025061e-13
35 +0 +0 +0 -6.502061e-13
36 +0 +0 +0 -3.658830e-13
37 +0 +0 +0 -4.660261e-13
38 +0 +0 +0 -1.376083e-13
39 +0 +0 +0 -2.230408e-13
40 +0 +0 +0 -5.503595e-14
41 +0 +0 +0 -1.774985e-13
42 +0 +0 +0 +1.397171e-14
43 +0 +0 +0 +1.683703e-14
44 +0 +0 +0 -2.176470e-13
45 +0 +0 +0 -2.749007e-13
46 +0 +0 +0 -1.985475e-13
47 +0 +0 +0 -9.781037e-14
48 +0 +0 +0 -2.212182e-15
49 +0 +0 +0 -3.711733e-14
50 +0 +0 +0 +1.496404e-14
51 +0 +0 +0 +1.979628e-13
52 +0 +0 +0 +1.342765e-13
53 +0 +0 +0 +2.292189e-13
54 +0 +0 +0 +1.150466e-13
55 +0 +0 +0 +7.581026e-14
56 +0 +0 +0 +1.114781e-13
57 +0 +0 +0 +7.535436e-15
58 +0 +0 +0 +7.192073e-14
59 +0 +0 +0 -9.130277e-14
60 +0 +0 +0 -9.266467e-14
61 +0 +0 +0 -1.657086e-13
62 +0 +0 +0 -2.100768e-13
63 +0 +0 +0 -1.961136e-13
