0 +0 +0 +0 +1.396319e-08
1 +0 +0 +0 +2.469005e-08
2 +0 +0 +0 +1.387228e-08
3 +0 +0 +0 +8.127842e-09
4 +0 +0 +0 +5.063634e-09
5 +0 +0 +0 +3.310204e-09
6 +0 +0 +0 +2.134734e-09
7 +0 +0 +0 +1.413906e-09
8 +0 +0 +0 +9.109171e-10
9 +0 +0 +0 +6.145361e-10
10 +0 +0 +0 +4.081784e-10
11 +0 +0 +0 +2.822842e-10
12 +0 +0 +0 +1.827945e-10
13 +0 +0 +0 +1.249666e-10
14 +0 +0 +0 +8.750728e-11
15 +0 +0 +0 +6.071300e-11
16 +0 +0 +0 +3.850771e-11
17 +0 +0 +0 +2.694211e-11
18 +0 +0 +0 +1.454418e-11
19 +0 +0 +0 +1.178945e-11
20 +0 +0 +0 +4.454969e-12
21 +0 +0 +0 +6.388022e-12
22 +0 +0 +0 +2.900720e-12
23 +0 +0 +0 +9.103909e-13
24 +0 +0 +0 -9.367183e-13
25 +0 +0 +0 -5.764273e-13
26 +0 +0 +0 +1.602457e-15
27 +0 +0 +0 -4.545715e-13
28 +0 +0 +0 -6.214948e-13
29 +0 +0 +0 -3.432327e-13
30 +0 +0 +0 +4.401000e-13
31 +0 +0 +0 +1.486026e-13
32 +0 +0 +0 +1.681102e-13
33 +0 +0 +0 +2.807862e-13
34 +0 +0 +0 -3.971349e-13
35 +0 +0 +0 -6.162583e-13
36 +0 +0 +0 -1.722871e-13
37 +0 +0 +0 -1.226373e-13
38 +0 +0 +0 -6.034198e-13
39 +0 +0 +0 -1.753019e-14
40 +0 +0 +0 -7.208530e-14
41 +0 +0 +0 -4.259191e-13
42 +0 +0 +0 -1.034961e-13
43 +0 +0 +0 +1.125967e-13
44 +0 +0 +0 +3.198783e-13
45 +0 +0 +0 +3.327366e-13
46 +0 +0 +0 +5.106611e-13
47 +0 +0 +0 +4.597840e-13
48 +0 +0 +0 +4.024476e-13
49 +0 +0 +0 +2.803987e-13
50 +0 +0 +0 +3.642382e-13
51 +0 +0 +0 +3.512919e-13
52 +0 +0 +0 +2.829228e-13
53 +0 +0 +0 +1.346596e-13
54 +0 +0 +0 +1.861177e-13
55 +0 +0 +0 +2.013260e-13
56 +0 +0 +0 +2.097218e-13
57 +0 +0 +0 +1.358359e-13
58 +0 +0 +0 +5.334075e-14
59 +0 +0 +0 +7.828555e-14
60 +0 +0 +0 +3.891673e-14
61 +0 +0 +0 +6.136292e-14
62 +0 +0 +0 +4.553049e-14
63 +0 +0 +0 +1.591095e-14
