0 +0 +0 +0 +1.294553e-08
1 +0 +0 +0 +2.441779e-08
2 +0 +0 +0 +1.338454e-08
3 +0 +0 +0 +7.702023e-09
4 +0 +0 +0 +4.902889e-09
5 +0 +0 +0 +3.067491e-09
6 +0 +0 +0 +1.977302e-09
7 +0 +0 +0 +1.287083e-09
8 +0 +0 +0 +8.643013e-10
9 +0 +0 +0 +5.697192e-10
10 +0 +0 +0 +3.899274e-10
11 +0 +0 +0 +2.668024e-10
12 +0 +0 +0 +1.902400e-10
13 +0 +0 +0 +1.318972e-10
14 +0 +0 +0 +9.571501e-11
15 +0 +0 +0 +6.580842e-11
16 +0 +0 +0 +4.607525e-11
17 +0 +0 +0 +3.097710e-11
18 +0 +0 +0 +2.199123e-11
19 +0 +0 +0 +1.675990e-11
20 +0 +0 +0 +1.273695e-11
21 +0 +0 +0 +1.073789e-11
22 +0 +0 +0 +7.967001e-12
23 +0 +0 +0 +5.277978e-12
24 +0 +0 +0 +2.578362e-12
25 +0 +0 +0 +1.832750e-13
26 +0 +0 +0 -7.353765e-13
27 +0 +0 +0 -1.325590e-12
28 +0 +0 +0 -2.063027e-12
29 +0 +0 +0 -1.315704e-12
30 +0 +0 +0 -8.166080e-13
31 +0 +0 +0 -8.246581e-13
32 +0 +0 +0 -5.065170e-13
33 +0 +0 +0 -5.130569e-13
34 +0 +0 +0 -7.821070e-13
35 +0 +0 +0 -7.844042e-13
36 +0 +0 +0 -7.743215e-13
37 +0 +0 +0 -8.389508e-13
38 +0 +0 +0 -5.653337e-13
39 +0 +0 +0 -3.770335e-13
40 +0 +0 +0 -1.865859e-13
41 +0 +0 +0 +2.168233e-13
42 +0 +0 +0 +3.418563e-14
43 +0 +0 +0 -1.450395e-13
44 +0 +0 +0 -2.242155e-13
45 +0 +0 +0 -2.798771e-13
46 +0 +0 +0 -3.392601e-13
47 +0 +0 +0 -6.516549e-14
48 +0 +0 +0 -1.050906e-13
49 +0 +0 +0 +9.905089e-15
50 +0 +0 +0 +5.468456e-14
51 +0 +0 +0 +1.158758e-13
52 +0 +0 +0 +6.603377e-14
53 +0 +0 +0 +8.823200e-14
54 +0 +0 +0 -7.643691e-14
55 +0 +0 +0 +1.286983e-14
56 +0 +0 +0 -3.057376e-14
57 +0 +0 +0 -6.417501e-14
58 +0 +0 +0 -4.525372e-14
59 +0 +0 +0 -2.403316e-14
60 +0 +0 +0 -5.175843e-14
61 +0 +0 +0 -1.041641e-14
62 +0 +0 +0 -1.044025e-13
63 +0 +0 +0 -6.971192e-14
