0 +0 +0 +0 +1.321509e-08
1 +0 +0 +0 +2.344513e-08
2 +0 +0 +0 +1.293655e-08
3 +0 +0 +0 +7.711778e-09
4 +0 +0 +0 +4.809024e-09
5 +0 +0 +0 +3.085671e-09
6 +0 +0 +0 +2.064746e-09
7 +0 +0 +0 +1.316163e-09
8 +0 +0 +0 +8.625013e-10
9 +0 +0 +0 +5.858796e-10
10 +0 +0 +0 +3.922463e-10
11 +0 +0 +0 +2.638212e-10
12 +0 +0 +0 +1.826664e-10
13 +0 +0 +0 +1.225515e-10
14 +0 +0 +0 +7.951456e-11
15 +0 +0 +0 +5.451730e-11
16 +0 +0 +0 +3.462184e-11
17 +0 +0 +0 +2.227240e-11
18 +0 +0 +0 +1.477810e-11
19 +0 +0 +0 +1.103000e-11
20 +0 +0 +0 +5.597555e-12
21 +0 +0 +0 +2.889530e-12
22 +0 +0 +0 +2.813480e-12
23 +0 +0 +0 +1.744718e-12
24 +0 +0 +0 +1.946612e-12
25 +0 +0 +0 +2.203119e-12
26 +0 +0 +0 +1.019272e-12
27 +0 +0 +0 +1.731237e-12
28 +0 +0 +0 +9.110087e-13
29 +0 +0 +0 +1.116563e-12
30 +0 +0 +0 +6.996375e-13
31 +0 +0 +0 +3.516163e-13
32 +0 +0 +0 +4.331763e-14
33 +0 +0 +0 -1.269731e-13
34 +0 +0 +0 +8.116711e-14
35 +0 +0 +0 +1.139168e-14
36 +0 +0 +0 -3.183878e-13
37 +0 +0 +0 -4.932590e-13
38 +0 +0 +0 -3.838943e-13
39 +0 +0 +0 -1.476923e-13
40 +0 +0 +0 -1.842131e-13
41 +0 +0 +0 -1.725811e-13
42 +0 +0 +0 -2.326544e-13
43 +0 +0 +0 -9.129941e-14
44 +0 +0 +0 -2.270347e-13
45 +0 +0 +0 -5.054872e-14
46 +0 +0 +0 +1.500123e-14
47 +0 +0 +0 +2.579366e-14
48 +0 +0 +0 -1.652020e-13
49 +0 +0 +0 -1.490897e-13
50 +0 +0 +0 -5.217984e-14
51 +0 +0 +0 +5.216249e-14
52 +0 +0 +0 +1.371061e-13
53 +0 +0 +0 +1.429559e-13
54 +0 +0 +0 +7.830248e-14
55 +0 +0 +0 +6.430196e-15
56 +0 +0 +0 +6.795249e-14
57 +0 +0 +0 -4.010419e-14
58 +0 +0 +0 +6.141310e-14
59 +0 +0 +0 -1.752667e-14
60 +0 +0 +0 +6.498331e-14
61 +0 +0 +0 +1.002796e-13
62 +0 +0 +0 +7.026674e-14
63 +0 +0 +0 +2.087585e-14
