0 +0 +0 +0 +1.281175e-08
1 +0 +0 +0 +2.427374e-08
2 +0 +0 +0 +1.320252e-08
3 +0 +0 +0 +7.848974e-09
4 +0 +0 +0 +4.779423e-09
5 +0 +0 +0 +3.021162e-09
6 +0 +0 +0 +1.984156e-09
7 +0 +0 +0 +1.307472e-09
8 +0 +0 +0 +8.526112e-10
9 +0 +0 +0 +5.645721e-10
10 +0 +0 +0 +3.845599e-10
11 +0 +0 +0 +2.625380e-10
12 +0 +0 +0 +1.718787e-10
13 +0 +0 +0 +1.130339e-10
14 +0 +0 +0 +7.560554e-11
15 +0 +0 +0 +5.105691e-11
16 +0 +0 +0 +3.290451e-11
17 +0 +0 +0 +2.019224e-11
18 +0 +0 +0 +1.397509e-11
19 +0 +0 +0 +9.361465e-12
20 +0 +0 +0 +4.349787e-12
21 +0 +0 +0 +1.552476e-12
22 +0 +0 +0 +1.911129e-12
23 +0 +0 +0 +1.280344e-12
24 +0 +0 +0 +6.558336e-13
25 +0 +0 +0 +6.643052e-13
26 +0 +0 +0 -5.779861e-13
27 +0 +0 +0 +4.884491e-13
28 +0 +0 +0 +4.955648e-13
29 +0 +0 +0 -1.576637e-13
30 +0 +0 +0 -7.339118e-14
31 +0 +0 +0 -1.085623e-13
32 +0 +0 +0 +1.244100e-13
33 +0 +0 +0 +1.159716e-14
34 +0 +0 +0 -2.101942e-13
35 +0 +0 +0 -3.223684e-13
36 +0 +0 +0 -3.196075e-14
37 +0 +0 +0 +1.674334e-13
38 +0 +0 +0 -1.670597e-13
39 +0 +0 +0 +1.079314e-13
40 +0 +0 +0 +1.466264e-13
41 +0 +0 +0 +4.713357e-13
42 +0 +0 +0 +3.045843e-13
43 +0 +0 +0 +7.002961e-14
44 +0 +0 +0 +1.399466e-13
45 +0 +0 +0 +1.305695e-13
46 +0 +0 +0 +1.398675e-13
47 +0 +0 +0 -1.159287e-13
48 +0 +0 +0 -1.697251e-13
49 +0 +0 +0 -3.863088e-13
50 +0 +0 +0 -2.492523e-13
51 +0 +0 +0 -2.157928e-13
52 +0 +0 +0 -2.598765e-13
53 +0 +0 +0 -2.777403e-13
54 +0 +0 +0 -2.496016e-13
55 +0 +0 +0 -9.521867e-14
56 +0 +0 +0 -9.632057e-14
57 +0 +0 +0 -8.331376e-14
58 +0 +0 +0 -1.057543e-15
59 +0 +0 +0 +3.704667e-15
60 +0 +0 +0 +2.895790e-14
61 +0 +0 +0 +2.626652e-14
62 +0 +0 +0 +2.945976e-14
63 +0 +0 +0 -5.331394e-16
