0 +0 +0 +0 +1.366837e-08
1 +0 +0 +0 +2.466913e-08
2 +0 +0 +0 +1.370325e-08
3 +0 +0 +0 +8.049874e-09
4 +0 +0 +0 +5.106026e-09
5 +0 +0 +0 +3.237832e-09
6 +0 +0 +0 +2.139748e-09
7 +0 +0 +0 +1.432029e-09
8 +0 +0 +0 +9.568999e-10
9 +0 +0 +0 +6.466461e-10
10 +0 +0 +0 +4.377453e-10
11 +0 +0 +0 +2.940105e-10
12 +0 +0 +0 +1.980612e-10
13 +0 +0 +0 +1.372729e-10
14 +0 +0 +0 +9.536580e-11
15 +0 +0 +0 +6.265030e-11
16 +0 +0 +0 +4.525196e-11
17 +0 +0 +0 +2.920006e-11
18 +0 +0 +0 +1.998821e-11
19 +0 +0 +0 +1.540422e-11
20 +0 +0 +0 +1.055065e-11
21 +0 +0 +0 +8.178810e-12
22 +0 +0 +0 +6.222013e-12
23 +0 +0 +0 +3.287712e-12
24 +0 +0 +0 +2.250253e-12
25 +0 +0 +0 +1.022488e-12
26 +0 +0 +0 +3.563567e-13
27 +0 +0 +0 +1.115024e-12
28 +0 +0 +0 +8.182840e-13
29 +0 +0 +0 +1.798480e-12
30 +0 +0 +0 +1.108280e-13
31 +0 +0 +0 -2.270141e-13
32 +0 +0 +0 +7.205289e-14
33 +0 +0 +0 -1.765991e-13
34 +0 +0 +0 +5.352435e-14
35 +0 +0 +0 +3.936970e-13
36 +0 +0 +0 +2.000606e-13
37 +0 +0 +0 -1.010418e-13
38 +0 +0 +0 +2.092587e-13
39 +0 +0 +0 +1.044562e-13
40 +0 +0 +0 +1.807110e-13
41 +0 +0 +0 +1.738519e-13
42 +0 +0 +0 +2.942260e-13
43 +0 +0 +0 +3.070372e-13
44 +0 +0 +0 +3.499306e-13
45 +0 +0 +0 +3.333361e-13
46 +0 +0 +0 +3.488538e-13
47 +0 +0 +0 +1.456372e-13
48 +0 +0 +0 +1.569322e-13
49 +0 +0 +0 +1.077076e-13
50 +0 +0 +0 +8.072044e-14
51 +0 +0 +0 -3.902825e-14
52 +0 +0 +0 -6.042616e-14
53 +0 +0 +0 -3.860217e-14
54 +0 +0 +0 -6.668178e-14
55 +0 +0 +0 +4.554767e-14
56 +0 +0 +0 -6.778994e-14
57 +0 +0 +0 -1.062574e-13
58 +0 +0 +0 +2.873555e-14
59 +0 +0 +0 -5.543547e-14
60 +0 +0 +0 -6.187032e-14
61 +0 +0 +0 -1.151173e-14
62 +0 +0 +0 -1.165423e-14
63 +0 +0 +0 -5.166487e-15
