0 +0 +0 +0 +1.260498e-08
1 +0 +0 +0 +2.483750e-08
2 +0 +0 +0 +1.377041e-08
3 +0 +0 +0 +7.953751e-09
4 +0 +0 +0 +4.947098e-09
5 +0 +0 +0 +3.158602e-09
6 +0 +0 +0 +2.057095e-09
7 +0 +0 +0 +1.342962e-09
8 +0 +0 +0 +8.900569e-10
9 +0 +0 +0 +6.036645e-10
10 +0 +0 +0 +4.010922e-10
11 +0 +0 +0 +2.798633e-10
12 +0 +0 +0 +1.855762e-10
13 +0 +0 +0 +1.243610e-10
14 +0 +0 +0 +8.294558e-11
15 +0 +0 +0 +5.838052e-11
16 +0 +0 +0 +3.956492e-11
17 +0 +0 +0 +2.593250e-11
18 +0 +0 +0 +1.646985e-11
19 +0 +0 +0 +7.544777e-12
20 +0 +0 +0 +4.212073e-12
21 +0 +0 +0 +2.419072e-12
22 +0 +0 +0 +1.718440e-12
23 +0 +0 +0 +1.731187e-12
24 +0 +0 +0 +6.196883e-13
25 +0 +0 +0 +7.972097e-13
26 +0 +0 +0 +1.931537e-12
27 +0 +0 +0 +1.703136e-12
28 +0 +0 +0 +2.284286e-12
29 +0 +0 +0 +7.687584e-13
30 +0 +0 +0 +7.032944e-13
31 +0 +0 +0 +4.413244e-13
32 +0 +0 +0 +2.317521e-13
33 +0 +0 +0 +2.756258e-13
34 +0 +0 +0 +3.328484e-13
35 +0 +0 +0 +8.376651e-14
36 +0 +0 +0 +3.581205e-14
37 +0 +0 +0 -8.487923e-14
38 +0 +0 +0 -5.032432e-13
39 +0 +0 +0 -4.506165e-13
40 +0 +0 +0 -2.154156e-13
41 +0 +0 +0 -3.248854e-13
42 +0 +0 +0 -3.930314e-13
43 +0 +0 +0 -4.709641e-13
44 +0 +0 +0 -2.452801e-13
45 +0 +0 +0 -3.146710e-13
46 +0 +0 +0 -2.512376e-13
47 +0 +0 +0 -2.717102e-13
48 +0 +0 +0 -2.787717e-13
49 +0 +0 +0 -3.075022e-13
50 +0 +0 +0 -6.395145e-14
51 +0 +0 +0 -1.562330e-13
52 +0 +0 +0 -7.374517e-14
53 +0 +0 +0 -1.265371e-13
54 +0 +0 +0 -1.720078e-13
55 +0 +0 +0 -1.072669e-13
56 +0 +0 +0 -1.244329e-13
57 +0 +0 +0 -1.565343e-13
58 +0 +0 +0 +6.926795e-14
59 +0 +0 +0 +2.694450e-14
60 +0 +0 +0 +5.871247e-14
61 +0 +0 +0 +2.089953e-14
62 +0 +0 +0 -4.596571e-14
63 +0 +0 +0 -7.862991e-14
