0 +0 +0 +0 +1.305127e-08
1 +0 +0 +0 +2.468145e-08
2 +0 +0 +0 +1.348484e-08
3 +0 +0 +0 +7.882800e-09
4 +0 +0 +0 +4.946473e-09
5 +0 +0 +0 +3.146236e-09
6 +0 +0 +0 +2.078400e-09
7 +0 +0 +0 +1.371997e-09
8 +0 +0 +0 +9.277454e-10
9 +0 +0 +0 +6.241160e-10
10 +0 +0 +0 +4.250021e-10
11 +0 +0 +0 +2.831102e-10
12 +0 +0 +0 +1.867360e-10
13 +0 +0 +0 +1.303543e-10
14 +0 +0 +0 +8.310245e-11
15 +0 +0 +0 +5.581054e-11
16 +0 +0 +0 +3.670841e-11
17 +0 +0 +0 +2.695878e-11
18 +0 +0 +0 +2.154652e-11
19 +0 +0 +0 +1.418511e-11
20 +0 +0 +0 +9.131409e-12
21 +0 +0 +0 +6.483610e-12
22 +0 +0 +0 +5.616278e-12
23 +0 +0 +0 +3.415852e-12
24 +0 +0 +0 +7.607748e-13
25 +0 +0 +0 +3.169625e-13
26 +0 +0 +0 +7.510554e-13
27 +0 +0 +0 +9.707345e-14
28 +0 +0 +0 +7.417021e-13
29 +0 +0 +0 +1.049916e-13
30 +0 +0 +0 +7.178388e-13
31 +0 +0 +0 +3.696102e-13
32 +0 +0 +0 +5.149234e-13
33 +0 +0 +0 +5.381332e-13
34 +0 +0 +0 +1.075545e-12
35 +0 +0 +0 +1.119578e-12
36 +0 +0 +0 +7.599777e-13
37 +0 +0 +0 +7.946736e-13
38 +0 +0 +0 +2.688843e-13
39 +0 +0 +0 +3.458116e-13
40 +0 +0 +0 +2.445327e-13
41 +0 +0 +0 +2.273800e-13
42 +0 +0 +0 +1.034309e-13
43 +0 +0 +0 -4.472989e-14
44 +0 +0 +0 +6.708447e-14
45 +0 +0 +0 -1.678026e-13
46 +0 +0 +0 -2.091817e-13
47 +0 +0 +0 -2.178868e-13
48 +0 +0 +0 -2.326493e-13
49 +0 +0 +0 -9.160109e-14
50 +0 +0 +0 -1.028936e-13
51 +0 +0 +0 -8.119415e-14
52 +0 +0 +0 +6.391263e-14
53 +0 +0 +0 +2.465273e-14
54 +0 +0 +0 -5.350752e-14
55 +0 +0 +0 -1.737767e-13
56 +0 +0 +0 -2.493909e-13
57 +0 +0 +0 -8.879507e-14
58 +0 +0 +0 -9.833034e-14
59 +0 +0 +0 -7.509867e-14
60 +0 +0 +0 -2.879934e-14
61 +0 +0 +0 +1.910786e-14
62 +0 +0 +0 +3.779664e-14
63 +0 +0 +0 +3.238672e-14
