0 +0 +0 +0 +1.356532e-08
1 +0 +0 +0 +2.465873e-08
2 +0 +0 +0 +1.368143e-08
3 +0 +0 +0 +8.028062e-09
4 +0 +0 +0 +4.940076e-09
5 +0 +0 +0 +3.204341e-09
6 +0 +0 +0 +2.094022e-09
7 +0 +0 +0 +1.372275e-09
8 +0 +0 +0 +9.034364e-10
9 +0 +0 +0 +6.015523e-10
10 +0 +0 +0 +4.072245e-10
11 +0 +0 +0 +2.803694e-10
12 +0 +0 +0 +1.960317e-10
13 +0 +0 +0 +1.270190e-10
14 +0 +0 +0 +9.065530e-11
15 +0 +0 +0 +6.446589e-11
16 +0 +0 +0 +4.399406e-11
17 +0 +0 +0 +2.988654e-11
18 +0 +0 +0 +1.716875e-11
19 +0 +0 +0 +8.471942e-12
20 +0 +0 +0 +4.069729e-12
21 +0 +0 +0 +1.129773e-12
22 +0 +0 +0 -1.865191e-13
23 +0 +0 +0 -1.810027e-12
24 +0 +0 +0 -1.917260e-12
25 +0 +0 +0 -2.790420e-12
26 +0 +0 +0 -2.451880e-12
27 +0 +0 +0 -2.195328e-12
28 +0 +0 +0 -2.572754e-12
29 +0 +0 +0 -1.316815e-12
30 +0 +0 +0 -1.537641e-12
31 +0 +0 +0 -9.928740e-13
32 +0 +0 +0 -3.241836e-13
33 +0 +0 +0 -7.777788e-14
34 +0 +0 +0 +2.192101e-13
35 +0 +0 +0 +5.732138e-13
36 +0 +0 +0 +2.723790e-13
37 +0 +0 +0 +3.567197e-13
38 +0 +0 +0 +6.393046e-13
39 +0 +0 +0 +6.368129e-13
40 +0 +0 +0 +5.437171e-13
41 +0 +0 +0 +1.247948e-13
42 +0 +0 +0 +1.152536e-13
43 +0 +0 +0 -5.221442e-14
44 +0 +0 +0 -5.391799e-14
45 +0 +0 +0 -8.979220e-14
46 +0 +0 +0 +1.554165e-13
47 +0 +0 +0 +2.657370e-14
48 +0 +0 +0 +1.027443e-13
49 +0 +0 +0 +1.673022e-13
50 +0 +0 +0 +3.238848e-14
51 +0 +0 +0 +9.147978e-14
52 +0 +0 +0 +8.851564e-15
53 +0 +0 +0 +1.273513e-13
54 +0 +0 +0 +5.722244e-14
55 +0 +0 +0 +9.420447e-14
56 +0 +0 +0 +1.563294e-14
57 +0 +0 +0 -3.868236e-14
58 +0 +0 +0 +2.970437e-15
59 +0 +0 +0 +1.114984e-13
60 +0 +0 +0 +1.020608e-13
61 +0 +0 +0 +1.259054e-13
62 +0 +0 +0 +1.686437e-13
63 +0 +0 +0 +1.553488e-13
