0 +0 +0 +0 +1.304844e-08
1 +0 +0 +0 +2.342561e-08
2 +0 +0 +0 +1.302913e-08
3 +0 +0 +0 +7.651894e-09
4 +0 +0 +0 +4.757812e-09
5 +0 +0 +0 +3.041876e-09
6 +0 +0 +0 +1.977539e-09
7 +0 +0 +0 +1.285993e-09
8 +0 +0 +0 +8.464358e-10
9 +0 +0 +0 +5.615390e-10
10 +0 +0 +0 +3.748054e-10
11 +0 +0 +0 +2.464620e-10
12 +0 +0 +0 +1.579465e-10
13 +0 +0 +0 +1.042986e-10
14 +0 +0 +0 +6.662158e-11
15 +0 +0 +0 +4.392543e-11
16 +0 +0 +0 +2.845225e-11
17 +0 +0 +0 +1.765845e-11
18 +0 +0 +0 +1.279825e-11
19 +0 +0 +0 +8.398629e-12
20 +0 +0 +0 +3.576659e-12
21 +0 +0 +0 +1.974668e-12
22 +0 +0 +0 +2.186154e-12
23 +0 +0 +0 +2.250401e-13
24 +0 +0 +0 +7.415645e-14
25 +0 +0 +0 -4.282706e-13
26 +0 +0 +0 -4.815967e-13
27 +0 +0 +0 -4.868915e-13
28 +0 +0 +0 +4.713715e-14
29 +0 +0 +0 +8.683198e-13
30 +0 +0 +0 +1.821547e-12
31 +0 +0 +0 +1.203849e-12
32 +0 +0 +0 +9.847572e-13
33 +0 +0 +0 +7.641558e-13
34 +0 +0 +0 +4.325538e-13
35 +0 +0 +0 +1.683761e-13
36 +0 +0 +0 +4.312308e-13
37 +0 +0 +0 +3.638344e-13
38 +0 +0 +0 +4.896102e-13
39 +0 +0 +0 +3.636952e-13
40 +0 +0 +0 +2.643472e-13
41 +0 +0 +0 +3.025579e-13
42 +0 +0 +0 +5.272174e-13
43 +0 +0 +0 +5.185251e-13
44 +0 +0 +0 +3.441539e-13
45 +0 +0 +0 +2.413087e-13
46 +0 +0 +0 +1.185907e-13
47 +0 +0 +0 -1.057262e-13
48 +0 +0 +0 +1.080804e-13
49 +0 +0 +0 -1.475992e-14
50 +0 +0 +0 -9.496155e-14
51 +0 +0 +0 +1.129486e-13
52 +0 +0 +0 +6.089986e-14
53 +0 +0 +0 +5.039520e-14
54 +0 +0 +0 +1.780677e-13
55 +0 +0 +0 +8.530352e-14
56 +0 +0 +0 +5.690346e-15
57 +0 +0 +0 -1.261090e-13
58 +0 +0 +0 -1.561267e-13
59 +0 +0 +0 -1.809725e-13
60 +0 +0 +0 -1.634118e-13
61 +0 +0 +0 -1.072923e-13
62 +0 +0 +0 -5.023764e-14
63 +0 +0 +0 -5.026540e-14
