0 +0 +0 +0 +1.379460e-08
1 +0 +0 +0 +2.441502e-08
2 +0 +0 +0 +1.373553e-08
3 +0 +0 +0 +8.145078e-09
4 +0 +0 +0 +5.010219e-09
5 +0 +0 +0 +3.157879e-09
6 +0 +0 +0 +2.085532e-09
7 +0 +0 +0 +1.379320e-09
8 +0 +0 +0 +9.344928e-10
9 +0 +0 +0 +6.285261e-10
10 +0 +0 +0 +4.321339e-10
11 +0 +0 +0 +2.837099e-10
12 +0 +0 +0 +1.971930e-10
13 +0 +0 +0 +1.278424e-10
14 +0 +0 +0 +8.238959e-11
15 +0 +0 +0 +5.563817e-11
16 +0 +0 +0 +3.720031e-11
17 +0 +0 +0 +2.077498e-11
18 +0 +0 +0 +1.253422e-11
19 +0 +0 +0 +9.186462e-12
20 +0 +0 +0 +5.912569e-12
21 +0 +0 +0 +4.745477e-12
22 +0 +0 +0 +3.272212e-12
23 +0 +0 +0 +1.869381e-12
24 +0 +0 +0 +1.353862e-12
25 +0 +0 +0 +4.739738e-14
26 +0 +0 +0 +1.233885e-12
27 +0 +0 +0 +7.162805e-13
28 +0 +0 +0 +8.529844e-13
29 +0 +0 +0 +5.220941e-13
30 +0 +0 +0 +4.536498e-13
31 +0 +0 +0 +3.134322e-13
32 +0 +0 +0 +5.758730e-13
33 +0 +0 +0 +1.259923e-13
34 +0 +0 +0 +6.658164e-13
35 +0 +0 +0 +1.805759e-13
36 +0 +0 +0 -1.654244e-13
37 +0 +0 +0 +1.519252e-13
38 +0 +0 +0 +1.535777e-14
39 +0 +0 +0 +3.587649e-13
40 +0 +0 +0 +2.681200e-13
41 +0 +0 +0 +1.431014e-13
42 +0 +0 +0 -9.575947e-14
43 +0 +0 +0 -1.537956e-13
44 +0 +0 +0 -2.228206e-13
45 +0 +0 +0 -8.318136e-14
46 +0 +0 +0 -2.309483e-13
47 +0 +0 +0 -8.824749e-14
48 +0 +0 +0 -1.324005e-15
49 +0 +0 +0 -1.024447e-13
50 +0 +0 +0 +4.957041e-14
51 +0 +0 +0 -2.573574e-14
52 +0 +0 +0 -1.101877e-13
53 +0 +0 +0 +6.252366e-14
54 +0 +0 +0 +4.801794e-14
55 +0 +0 +0 +1.049538e-13
56 +0 +0 +0 +2.662372e-14
57 +0 +0 +0 +1.244060e-13
58 +0 +0 +0 +1.473376e-13
59 +0 +0 +0 +1.315733e-13
60 +0 +0 +0 +6.129260e-14
61 +0 +0 +0 +4.603625e-14
62 +0 +0 +0 -8.739677e-14
63 +0 +0 +0 -1.637539e-13
