0 +0 +0 +0 +1.338530e-08
1 +0 +0 +0 +2.417178e-08
2 +0 +0 +0 +1.355906e-08
3 +0 +0 +0 +7.960369e-09
4 +0 +0 +0 +5.015301e-09
5 +0 +0 +0 +3.093671e-09
6 +0 +0 +0 +2.003302e-09
7 +0 +0 +0 +1.336130e-09
8 +0 +0 +0 +8.856349e-10
9 +0 +0 +0 +5.946812e-10
10 +0 +0 +0 +3.968230e-10
11 +0 +0 +0 +2.605808e-10
12 +0 +0 +0 +1.778475e-10
13 +0 +0 +0 +1.305668e-10
14 +0 +0 +0 +9.072177e-11
15 +0 +0 +0 +6.409890e-11
16 +0 +0 +0 +4.044519e-11
17 +0 +0 +0 +2.927142e-11
18 +0 +0 +0 +2.044280e-11
19 +0 +0 +0 +1.530794e-11
20 +0 +0 +0 +8.927528e-12
21 +0 +0 +0 +6.085135e-12
22 +0 +0 +0 +5.739066e-12
23 +0 +0 +0 +5.575652e-12
24 +0 +0 +0 +3.510256e-12
25 +0 +0 +0 +9.642583e-13
26 +0 +0 +0 +6.408408e-13
27 +0 +0 +0 +2.360598e-13
28 +0 +0 +0 -3.625781e-13
29 +0 +0 +0 -9.710685e-13
30 +0 +0 +0 -4.794893e-13
31 +0 +0 +0 +2.104163e-13
32 +0 +0 +0 -3.998663e-13
33 +0 +0 +0 +3.112943e-13
34 +0 +0 +0 +8.103649e-13
35 +0 +0 +0 +8.614363e-13
36 +0 +0 +0 +3.862897e-13
37 +0 +0 +0 +5.729346e-13
38 +0 +0 +0 +9.229802e-13
39 +0 +0 +0 +6.085648e-13
40 +0 +0 +0 +4.063388e-13
41 +0 +0 +0 +4.076986e-13
42 +0 +0 +0 +4.960896e-13
43 +0 +0 +0 +3.004120e-13
44 +0 +0 +0 +4.384684e-13
45 +0 +0 +0 +3.565524e-13
46 +0 +0 +0 +5.123296e-14
47 +0 +0 +0 +2.713593e-14
48 +0 +0 +0 -3.798347e-14
49 +0 +0 +0 -8.276243e-14
50 +0 +0 +0 +5.628952e-14
51 +0 +0 +0 -6.822376e-14
52 +0 +0 +0 -1.108762e-13
53 +0 +0 +0 -1.482045e-13
54 +0 +0 +0 -8.534604e-14
55 +0 +0 +0 -9.007199e-14
56 +0 +0 +0 -6.841344e-14
57 +0 +0 +0 -6.912290e-14
58 +0 +0 +0 -8.930323e-14
59 +0 +0 +0 -3.372858e-14
60 +0 +0 +0 -2.942582e-14
61 +0 +0 +0 -3.258478e-14
62 +0 +0 +0 -1.508722e-13
63 +0 +0 +0 -1.030692e-13
