0 +0 +0 +0 +1.302726e-08
1 +0 +0 +0 +2.339970e-08
2 +0 +0 +0 +1.292183e-08
3 +0 +0 +0 +7.849374e-09
4 +0 +0 +0 +4.795812e-09
5 +0 +0 +0 +3.085671e-09
6 +0 +0 +0 +2.015199e-09
7 +0 +0 +0 +1.319959e-09
8 +0 +0 +0 +8.575462e-10
9 +0 +0 +0 +5.767618e-10
10 +0 +0 +0 +3.926777e-10
11 +0 +0 +0 +2.692347e-10
12 +0 +0 +0 +1.775251e-10
13 +0 +0 +0 +1.197360e-10
14 +0 +0 +0 +7.444767e-11
15 +0 +0 +0 +4.986805e-11
16 +0 +0 +0 +3.650539e-11
17 +0 +0 +0 +2.684089e-11
18 +0 +0 +0 +1.886522e-11
19 +0 +0 +0 +1.336230e-11
20 +0 +0 +0 +1.078821e-11
21 +0 +0 +0 +6.612539e-12
22 +0 +0 +0 +5.889010e-12
23 +0 +0 +0 +3.450837e-12
24 +0 +0 +0 +4.020656e-12
25 +0 +0 +0 +3.217784e-12
26 +0 +0 +0 +2.032438e-12
27 +0 +0 +0 +1.180558e-12
28 +0 +0 +0 +7.004265e-13
29 +0 +0 +0 +1.596219e-13
30 +0 +0 +0 -3.183980e-13
31 +0 +0 +0 -1.074498e-12
32 +0 +0 +0 -9.996554e-13
33 +0 +0 +0 -1.060031e-12
34 +0 +0 +0 -1.084899e-13
35 +0 +0 +0 -2.491597e-13
36 +0 +0 +0 -2.007813e-13
37 +0 +0 +0 -2.594301e-13
38 +0 +0 +0 -1.042319e-13
39 +0 +0 +0 -2.914587e-13
40 +0 +0 +0 -2.022930e-13
41 +0 +0 +0 -9.993367e-15
42 +0 +0 +0 -1.021574e-13
43 +0 +0 +0 +2.750695e-13
44 +0 +0 +0 +2.945130e-13
45 +0 +0 +0 +2.407835e-13
46 +0 +0 +0 +4.295768e-13
47 +0 +0 +0 +2.739717e-13
48 +0 +0 +0 +2.523952e-13
49 +0 +0 +0 +9.844486e-14
50 +0 +0 +0 +1.358605e-13
51 +0 +0 +0 +1.502069e-13
52 +0 +0 +0 +2.035823e-13
53 +0 +0 +0 +5.181235e-14
54 +0 +0 +0 +1.171318e-13
55 +0 +0 +0 +7.505560e-14
56 +0 +0 +0 -1.999968e-14
57 +0 +0 +0 -1.222236e-13
58 +0 +0 +0 -5.693314e-14
59 +0 +0 +0 -3.947125e-14
60 +0 +0 +0 -8.675276e-14
61 +0 +0 +0 -6.865563e-14
62 +0 +0 +0 -1.333651e-13
63 +0 +0 +0 -6.548408e-14
