0 +0 +0 +0 +1.390900e-08
1 +0 +0 +0 +2.508793e-08
2 +0 +0 +0 +1.392614e-08
3 +0 +0 +0 +8.265630e-09
4 +0 +0 +0 +5.107772e-09
5 +0 +0 +0 +3.287661e-09
6 +0 +0 +0 +2.172662e-09
7 +0 +0 +0 +1.401655e-09
8 +0 +0 +0 +9.348350e-10
9 +0 +0 +0 +6.203548e-10
10 +0 +0 +0 +4.129802e-10
11 +0 +0 +0 +2.769047e-10
12 +0 +0 +0 +1.920254e-10
13 +0 +0 +0 +1.306893e-10
14 +0 +0 +0 +8.167393e-11
15 +0 +0 +0 +5.422282e-11
16 +0 +0 +0 +3.601821e-11
17 +0 +0 +0 +2.513122e-11
18 +0 +0 +0 +1.737346e-11
19 +0 +0 +0 +1.033389e-11
20 +0 +0 +0 +6.513761e-12
21 +0 +0 +0 +4.281989e-12
22 +0 +0 +0 +1.412820e-12
23 +0 +0 +0 +4.047330e-13
24 +0 +0 +0 +2.902348e-12
25 +0 +0 +0 +2.088751e-12
26 +0 +0 +0 +2.536873e-12
27 +0 +0 +0 +2.253259e-12
28 +0 +0 +0 +1.813021e-12
29 +0 +0 +0 +4.748563e-13
30 +0 +0 +0 +4.989769e-13
31 +0 +0 +0 +6.568306e-13
32 +0 +0 +0 +1.179066e-12
33 +0 +0 +0 +9.618068e-13
34 +0 +0 +0 +1.239599e-13
35 +0 +0 +0 -2.756521e-13
36 +0 +0 +0 -4.193270e-13
37 +0 +0 +0 -5.397300e-13
38 +0 +0 +0 -5.645648e-13
39 +0 +0 +0 -7.629716e-13
40 +0 +0 +0 -4.562601e-13
41 +0 +0 +0 -6.922460e-13
42 +0 +0 +0 -3.401189e-13
43 +0 +0 +0 -1.758475e-13
44 +0 +0 +0 -3.130293e-14
45 +0 +0 +0 +1.468184e-13
46 +0 +0 +0 +1.775552e-13
47 +0 +0 +0 +1.404637e-13
48 +0 +0 +0 +7.762931e-14
49 +0 +0 +0 +2.428963e-14
50 +0 +0 +0 -1.105935e-13
51 +0 +0 +0 -3.810136e-14
52 +0 +0 +0 -1.908900e-14
53 +0 +0 +0 +1.107484e-13
54 +0 +0 +0 +3.329430e-14
55 +0 +0 +0 +3.407207e-14
56 +0 +0 +0 -6.393386e-14
57 +0 +0 +0 +1.971411e-14
58 +0 +0 +0 -4.158061e-14
59 +0 +0 +0 -3.305549e-14
60 +0 +0 +0 +1.538067e-14
61 +0 +0 +0 +2.001188e-14
62 +0 +0 +0 +3.694388e-14
63 +0 +0 +0 +4.265914e-14
