0 +0 +0 +0 +1.428091e-08
1 +0 +0 +0 +2.527918e-08
2 +0 +0 +0 +1.402733e-08
3 +0 +0 +0 +8.412107e-09
4 +0 +0 +0 +5.235934e-09
5 +0 +0 +0 +3.317033e-09
6 +0 +0 +0 +2.117977e-09
7 +0 +0 +0 +1.415256e-09
8 +0 +0 +0 +9.262096e-10
9 +0 +0 +0 +6.260023e-10
10 +0 +0 +0 +4.104180e-10
11 +0 +0 +0 +2.780318e-10
12 +0 +0 +0 +1.817117e-10
13 +0 +0 +0 +1.324340e-10
14 +0 +0 +0 +8.988088e-11
15 +0 +0 +0 +6.397896e-11
16 +0 +0 +0 +4.201052e-11
17 +0 +0 +0 +2.808652e-11
18 +0 +0 +0 +1.715839e-11
19 +0 +0 +0 +1.259166e-11
20 +0 +0 +0 +8.101006e-12
21 +0 +0 +0 +5.758024e-12
22 +0 +0 +0 +5.826867e-12
23 +0 +0 +0 +3.078902e-12
24 +0 +0 +0 -2.874025e-13
25 +0 +0 +0 -4.674376e-13
26 +0 +0 +0 -1.295433e-13
27 +0 +0 +0 -1.022966e-12
28 +0 +0 +0 -1.019879e-13
29 +0 +0 +0 -1.512365e-13
30 +0 +0 +0 +4.132849e-13
31 +0 +0 +0 +1.105473e-12
32 +0 +0 +0 +3.770678e-13
33 +0 +0 +0 +3.670802e-13
34 +0 +0 +0 +2.978760e-13
35 +0 +0 +0 +3.831658e-13
36 +0 +0 +0 +2.744828e-13
37 +0 +0 +0 +1.386684e-13
38 +0 +0 +0 +3.173097e-13
39 +0 +0 +0 +3.016032e-13
40 +0 +0 +0 +1.562260e-13
41 +0 +0 +0 -2.808426e-13
42 +0 +0 +0 -3.482357e-13
43 +0 +0 +0 -5.158675e-13
44 +0 +0 +0 -3.548315e-13
45 +0 +0 +0 -3.192315e-13
46 +0 +0 +0 +3.155854e-14
47 +0 +0 +0 -7.066866e-14
48 +0 +0 +0 -1.196402e-14
49 +0 +0 +0 +8.230522e-14
50 +0 +0 +0 +8.868567e-14
51 +0 +0 +0 +1.720841e-15
52 +0 +0 +0 -9.427314e-14
53 +0 +0 +0 -2.093974e-13
54 +0 +0 +0 -1.449368e-13
55 +0 +0 +0 -1.823123e-13
56 +0 +0 +0 -1.301255e-13
57 +0 +0 +0 -1.367285e-13
58 +0 +0 +0 +4.886768e-14
59 +0 +0 +0 -6.627842e-14
60 +0 +0 +0 -3.666865e-14
61 +0 +0 +0 -2.667663e-14
62 +0 +0 +0 -4.903201e-15
63 +0 +0 +0 -1.466351e-14
