0 +0 +0 +0 +1.269275e-08
1 +0 +0 +0 +2.451084e-08
2 +0 +0 +0 +1.349569e-08
3 +0 +0 +0 +8.004098e-09
4 +0 +0 +0 +5.017456e-09
5 +0 +0 +0 +3.277923e-09
6 +0 +0 +0 +2.054798e-09
7 +0 +0 +0 +1.332220e-09
8 +0 +0 +0 +8.672083e-10
9 +0 +0 +0 +5.759761e-10
10 +0 +0 +0 +3.847472e-10
11 +0 +0 +0 +2.440258e-10
12 +0 +0 +0 +1.658988e-10
13 +0 +0 +0 +1.056659e-10
14 +0 +0 +0 +7.596181e-11
15 +0 +0 +0 +5.610358e-11
16 +0 +0 +0 +4.057520e-11
17 +0 +0 +0 +2.657442e-11
18 +0 +0 +0 +2.057501e-11
19 +0 +0 +0 +1.507390e-11
20 +0 +0 +0 +1.209927e-11
21 +0 +0 +0 +8.374258e-12
22 +0 +0 +0 +6.435199e-12
23 +0 +0 +0 +4.528937e-12
24 +0 +0 +0 +3.683555e-12
25 +0 +0 +0 +1.414767e-12
26 +0 +0 +0 +4.908930e-13
27 +0 +0 +0 +8.765903e-14
28 +0 +0 +0 +1.324888e-14
29 +0 +0 +0 +1.250914e-13
30 +0 +0 +0 +3.735450e-13
31 +0 +0 +0 +7.001752e-13
32 +0 +0 +0 +6.564952e-14
33 +0 +0 +0 -2.839210e-13
34 +0 +0 +0 -1.163304e-13
35 +0 +0 +0 -2.384041e-13
36 +0 +0 +0 -3.968764e-13
37 +0 +0 +0 -1.890249e-13
38 +0 +0 +0 -5.209229e-13
39 +0 +0 +0 -1.374881e-13
40 +0 +0 +0 -1.937789e-13
41 +0 +0 +0 -1.115304e-13
42 +0 +0 +0 -5.584540e-14
43 +0 +0 +0 -1.502388e-13
44 +0 +0 +0 -2.274538e-13
45 +0 +0 +0 -4.126269e-13
46 +0 +0 +0 -5.243842e-13
47 +0 +0 +0 -4.588626e-13
48 +0 +0 +0 -3.962490e-13
49 +0 +0 +0 -3.382828e-13
50 +0 +0 +0 -1.348887e-13
51 +0 +0 +0 -3.292544e-15
52 +0 +0 +0 -9.355625e-14
53 +0 +0 +0 +2.727939e-14
54 +0 +0 +0 -4.934852e-14
55 +0 +0 +0 -1.347498e-13
56 +0 +0 +0 -1.137294e-13
57 +0 +0 +0 -5.698415e-14
58 +0 +0 +0 +4.154199e-14
59 +0 +0 +0 +9.146928e-14
60 +0 +0 +0 +7.521837e-14
61 +0 +0 +0 +7.431713e-14
62 +0 +0 +0 +9.368305e-14
63 +0 +0 +0 +6.302593e-14
