0 +0 +0 +0 +1.351442e-08
1 +0 +0 +0 +2.436426e-08
2 +0 +0 +0 +1.355534e-08
3 +0 +0 +0 +7.924334e-09
4 +0 +0 +0 +4.877506e-09
5 +0 +0 +0 +3.192512e-09
6 +0 +0 +0 +2.062307e-09
7 +0 +0 +0 +1.378303e-09
8 +0 +0 +0 +9.015470e-10
9 +0 +0 +0 +5.974645e-10
10 +0 +0 +0 +3.935539e-10
11 +0 +0 +0 +2.702107e-10
12 +0 +0 +0 +1.816223e-10
13 +0 +0 +0 +1.215336e-10
14 +0 +0 +0 +7.964321e-11
15 +0 +0 +0 +5.414067e-11
16 +0 +0 +0 +3.631881e-11
17 +0 +0 +0 +2.286161e-11
18 +0 +0 +0 +1.507714e-11
19 +0 +0 +0 +8.150562e-12
20 +0 +0 +0 +5.805371e-12
21 +0 +0 +0 +4.564624e-12
22 +0 +0 +0 +2.931647e-12
23 +0 +0 +0 +4.647189e-12
24 +0 +0 +0 +4.186752e-12
25 +0 +0 +0 +2.946279e-12
26 +0 +0 +0 +2.551524e-12
27 +0 +0 +0 +2.429231e-12
28 +0 +0 +0 +2.254468e-12
29 +0 +0 +0 +1.024872e-12
30 +0 +0 +0 +8.364506e-13
31 +0 +0 +0 +5.435247e-13
32 +0 +0 +0 -1.323108e-13
33 +0 +0 +0 -5.324500e-13
34 +0 +0 +0 -5.210916e-13
35 +0 +0 +0 -2.735519e-13
36 +0 +0 +0 -4.683883e-13
37 +0 +0 +0 -2.920576e-14
38 +0 +0 +0 -3.442615e-13
39 +0 +0 +0 -2.458425e-13
40 +0 +0 +0 -3.163443e-15
41 +0 +0 +0 +1.861504e-13
42 +0 +0 +0 +1.362891e-13
43 +0 +0 +0 -1.174380e-13
44 +0 +0 +0 +3.529446e-14
45 +0 +0 +0 +7.714747e-14
46 +0 +0 +0 -1.580673e-13
47 +0 +0 +0 -1.821905e-13
48 +0 +0 +0 -2.635550e-13
49 +0 +0 +0 -4.116512e-13
50 +0 +0 +0 -2.915031e-13
51 +0 +0 +0 -2.342073e-13
52 +0 +0 +0 -2.159467e-13
53 +0 +0 +0 -2.572768e-13
54 +0 +0 +0 -2.117373e-13
55 +0 +0 +0 -1.227760e-13
56 +0 +0 +0 -1.676137e-13
57 +0 +0 +0 -2.431058e-13
58 +0 +0 +0 -2.315952e-13
59 +0 +0 +0 -2.052134e-13
60 +0 +0 +0 -1.913915e-13
61 +0 +0 +0 -8.079963e-14
62 +0 +0 +0 +3.204835e-14
63 +0 +0 +0 +4.497031e-15
