0 +0 +0 +0 +1.338578e-08
1 +0 +0 +0 +2.449374e-08
2 +0 +0 +0 +1.351905e-08
3 +0 +0 +0 +7.942265e-09
4 +0 +0 +0 +4.913876e-09
5 +0 +0 +0 +3.165825e-09
6 +0 +0 +0 +2.083166e-09
7 +0 +0 +0 +1.354427e-09
8 +0 +0 +0 +9.063216e-10
9 +0 +0 +0 +6.024870e-10
10 +0 +0 +0 +4.157919e-10
11 +0 +0 +0 +2.749413e-10
12 +0 +0 +0 +1.772824e-10
13 +0 +0 +0 +1.238965e-10
14 +0 +0 +0 +8.440354e-11
15 +0 +0 +0 +5.434411e-11
16 +0 +0 +0 +3.723780e-11
17 +0 +0 +0 +2.546585e-11
18 +0 +0 +0 +1.739644e-11
19 +0 +0 +0 +1.116241e-11
20 +0 +0 +0 +3.111111e-12
21 +0 +0 +0 +3.211640e-12
22 +0 +0 +0 +1.695362e-12
23 +0 +0 +0 +3.726046e-13
24 +0 +0 +0 -2.380231e-13
25 +0 +0 +0 -1.427143e-12
26 +0 +0 +0 -2.275202e-12
27 +0 +0 +0 -1.991269e-12
28 +0 +0 +0 -1.376029e-12
29 +0 +0 +0 -9.415818e-13
30 +0 +0 +0 -2.549945e-13
31 +0 +0 +0 -7.646235e-13
32 +0 +0 +0 -9.209009e-13
33 +0 +0 +0 -8.561668e-13
34 +0 +0 +0 -5.270893e-13
35 +0 +0 +0 -1.530420e-15
36 +0 +0 +0 -1.213740e-14
37 +0 +0 +0 -1.674807e-15
38 +0 +0 +0 -8.696282e-14
39 +0 +0 +0 -1.843502e-13
40 +0 +0 +0 -1.575156e-15
41 +0 +0 +0 -1.212964e-13
42 +0 +0 +0 +8.724234e-14
43 +0 +0 +0 +1.390841e-13
44 +0 +0 +0 -1.433147e-14
45 +0 +0 +0 +1.376216e-13
46 +0 +0 +0 +2.901526e-14
47 +0 +0 +0 -9.866206e-14
48 +0 +0 +0 -1.228583e-13
49 +0 +0 +0 +1.434144e-13
50 +0 +0 +0 +6.832220e-14
51 +0 +0 +0 +6.893212e-14
52 +0 +0 +0 +7.768839e-14
53 +0 +0 +0 +1.226704e-13
54 +0 +0 +0 +7.092988e-14
55 +0 +0 +0 -3.057669e-14
56 +0 +0 +0 +7.562209e-15
57 +0 +0 +0 -1.128119e-14
58 +0 +0 +0 +1.475774e-15
59 +0 +0 +0 +2.181988e-14
60 +0 +0 +0 -3.750010e-14
61 +0 +0 +0 -6.680828e-14
62 +0 +0 +0 -5.662944e-14
63 +0 +0 +0 -8.925187e-14
