0 +0 +0 +0 +1.404762e-08
1 +0 +0 +0 +2.440271e-08
2 +0 +0 +0 +1.344877e-08
3 +0 +0 +0 +7.961354e-09
4 +0 +0 +0 +4.869964e-09
5 +0 +0 +0 +3.113459e-09
6 +0 +0 +0 +2.013568e-09
7 +0 +0 +0 +1.329411e-09
8 +0 +0 +0 +8.551878e-10
9 +0 +0 +0 +5.962947e-10
10 +0 +0 +0 +3.916037e-10
11 +0 +0 +0 +2.695570e-10
12 +0 +0 +0 +1.896267e-10
13 +0 +0 +0 +1.305758e-10
14 +0 +0 +0 +8.881967e-11
15 +0 +0 +0 +5.948159e-11
16 +0 +0 +0 +4.077561e-11
17 +0 +0 +0 +2.605042e-11
18 +0 +0 +0 +1.784525e-11
19 +0 +0 +0 +1.102350e-11
20 +0 +0 +0 +8.555872e-12
21 +0 +0 +0 +5.891871e-12
22 +0 +0 +0 +4.348988e-12
23 +0 +0 +0 +4.662740e-12
24 +0 +0 +0 +2.516751e-12
25 +0 +0 +0 -6.364210e-14
26 +0 +0 +0 -2.220219e-13
27 +0 +0 +0 +9.951653e-14
28 +0 +0 +0 +4.345954e-13
29 +0 +0 +0 +1.304825e-14
30 +0 +0 +0 +9.596051e-14
31 +0 +0 +0 +5.128963e-15
32 +0 +0 +0 +1.168427e-13
33 +0 +0 +0 +1.604939e-13
34 +0 +0 +0 -1.905368e-13
35 +0 +0 +0 +2.970575e-13
36 +0 +0 +0 -2.090858e-14
37 +0 +0 +0 +2.091210e-13
38 +0 +0 +0 +4.315521e-13
39 +0 +0 +0 +3.177435e-13
40 +0 +0 +0 +1.730451e-13
41 +0 +0 +0 +5.057954e-15
42 +0 +0 +0 +3.308745e-13
43 +0 +0 +0 +3.950965e-13
44 +0 +0 +0 +2.499646e-13
45 +0 +0 +0 +2.601155e-13
46 +0 +0 +0 +4.151642e-13
47 +0 +0 +0 +1.501768e-13
48 +0 +0 +0 +2.189042e-13
49 +0 +0 +0 -4.930164e-14
50 +0 +0 +0 +1.141368e-13
51 +0 +0 +0 -7.876354e-14
52 +0 +0 +0 -1.878629e-14
53 +0 +0 +0 +1.849750e-14
54 +0 +0 +0 +5.127094e-14
55 +0 +0 +0 +4.975531e-15
56 +0 +0 +0 -2.792335e-14
57 +0 +0 +0 +3.365443e-14
58 +0 +0 +0 +6.277795e-14
59 +0 +0 +0 +8.055835e-14
60 +0 +0 +0 +6.267688e-14
61 +0 +0 +0 -2.655319e-14
62 +0 +0 +0 -1.009047e-13
63 +0 +0 +0 -1.531821e-13
