0 +0 +0 +0 +1.250746e-08
1 +0 +0 +0 +2.427564e-08
2 +0 +0 +0 +1.335036e-08
3 +0 +0 +0 +7.841833e-09
4 +0 +0 +0 +5.030127e-09
5 +0 +0 +0 +3.169584e-09
6 +0 +0 +0 +2.019532e-09
7 +0 +0 +0 +1.339255e-09
8 +0 +0 +0 +8.831488e-10
9 +0 +0 +0 +5.919108e-10
10 +0 +0 +0 +3.913252e-10
11 +0 +0 +0 +2.563220e-10
12 +0 +0 +0 +1.703663e-10
13 +0 +0 +0 +1.174128e-10
14 +0 +0 +0 +8.009078e-11
15 +0 +0 +0 +5.344506e-11
16 +0 +0 +0 +3.457555e-11
17 +0 +0 +0 +2.585701e-11
18 +0 +0 +0 +1.777471e-11
19 +0 +0 +0 +1.158030e-11
20 +0 +0 +0 +9.298024e-12
21 +0 +0 +0 +6.711559e-12
22 +0 +0 +0 +4.855058e-12
23 +0 +0 +0 +3.498390e-12
24 +0 +0 +0 +4.460611e-12
25 +0 +0 +0 +2.774904e-12
26 +0 +0 +0 +3.018942e-12
27 +0 +0 +0 +1.642378e-12
28 +0 +0 +0 +1.310778e-12
29 +0 +0 +0 +9.871652e-13
30 +0 +0 +0 +3.349989e-13
31 +0 +0 +0 -3.275774e-14
32 +0 +0 +0 -1.917979e-14
33 +0 +0 +0 +1.206670e-13
34 +0 +0 +0 +2.053226e-13
35 +0 +0 +0 +5.744164e-13
36 +0 +0 +0 +3.868869e-13
37 +0 +0 +0 +3.007763e-13
38 +0 +0 +0 -3.077998e-13
39 +0 +0 +0 -1.094060e-13
40 +0 +0 +0 -2.121241e-13
41 +0 +0 +0 -1.106341e-13
42 +0 +0 +0 -5.185388e-13
43 +0 +0 +0 -4.371827e-13
44 +0 +0 +0 -6.040154e-13
45 +0 +0 +0 -5.251511e-13
46 +0 +0 +0 -4.375396e-13
47 +0 +0 +0 -2.739935e-13
48 +0 +0 +0 -9.372192e-14
49 +0 +0 +0 -3.494896e-14
50 +0 +0 +0 -5.159320e-14
51 +0 +0 +0 -5.893408e-14
52 +0 +0 +0 -9.802981e-14
53 +0 +0 +0 -1.215415e-13
54 +0 +0 +0 -7.701536e-14
55 +0 +0 +0 -7.325373e-14
56 +0 +0 +0 -6.116348e-14
57 +0 +0 +0 -2.459669e-14
58 +0 +0 +0 -7.794368e-15
59 +0 +0 +0 +1.204395e-13
60 +0 +0 +0 +4.313003e-14
61 +0 +0 +0 +1.406652e-14
62 +0 +0 +0 +8.867576e-15
63 +0 +0 +0 -5.532266e-14
