0 +0 +0 +0 +1.416375e-08
1 +0 +0 +0 +2.513840e-08
2 +0 +0 +0 +1.392679e-08
3 +0 +0 +0 +8.203569e-09
4 +0 +0 +0 +4.990340e-09
5 +0 +0 +0 +3.187613e-09
6 +0 +0 +0 +2.089773e-09
7 +0 +0 +0 +1.338403e-09
8 +0 +0 +0 +9.025652e-10
9 +0 +0 +0 +6.060564e-10
10 +0 +0 +0 +4.084621e-10
11 +0 +0 +0 +2.768646e-10
12 +0 +0 +0 +1.895634e-10
13 +0 +0 +0 +1.250426e-10
14 +0 +0 +0 +8.617306e-11
15 +0 +0 +0 +5.846444e-11
16 +0 +0 +0 +3.848071e-11
17 +0 +0 +0 +2.470746e-11
18 +0 +0 +0 +1.795548e-11
19 +0 +0 +0 +1.270390e-11
20 +0 +0 +0 +8.565605e-12
21 +0 +0 +0 +6.616491e-12
22 +0 +0 +0 +3.326059e-12
23 +0 +0 +0 +2.196877e-12
24 +0 +0 +0 +1.164234e-13
25 +0 +0 +0 -1.042770e-12
26 +0 +0 +0 -5.975941e-14
27 +0 +0 +0 -1.106657e-12
28 +0 +0 +0 -7.902127e-13
29 +0 +0 +0 -6.677834e-13
30 +0 +0 +0 -2.193193e-13
31 +0 +0 +0 -2.147487e-13
32 +0 +0 +0 -1.784097e-13
33 +0 +0 +0 +2.816199e-13
34 +0 +0 +0 +6.222396e-13
35 +0 +0 +0 +2.282656e-13
36 +0 +0 +0 -8.960460e-14
37 +0 +0 +0 -4.753089e-14
38 +0 +0 +0 +3.852217e-13
39 +0 +0 +0 +4.860763e-13
40 +0 +0 +0 +2.695819e-13
41 +0 +0 +0 +3.087775e-13
42 +0 +0 +0 +3.169676e-13
43 +0 +0 +0 +4.069381e-13
44 +0 +0 +0 +3.780763e-13
45 +0 +0 +0 +1.371734e-13
46 +0 +0 +0 +8.891496e-14
47 +0 +0 +0 +5.162193e-14
48 +0 +0 +0 +4.338900e-14
49 +0 +0 +0 +1.270459e-13
50 +0 +0 +0 +1.006126e-13
51 +0 +0 +0 +7.210148e-14
52 +0 +0 +0 +1.909827e-13
53 +0 +0 +0 +2.179904e-13
54 +0 +0 +0 +1.719226e-13
55 +0 +0 +0 +2.043307e-13
56 +0 +0 +0 +2.025035e-13
57 +0 +0 +0 +7.116800e-14
58 +0 +0 +0 +5.664325e-14
59 +0 +0 +0 +1.229775e-13
60 +0 +0 +0 -2.048866e-14
61 +0 +0 +0 +6.882987e-14
62 +0 +0 +0 -4.035499e-14
63 +0 +0 +0 -5.397839e-14
