0 +0 +0 +0 +1.274168e-08
1 +0 +0 +0 +2.361727e-08
2 +0 +0 +0 +1.312554e-08
3 +0 +0 +0 +7.697831e-09
4 +0 +0 +0 +4.647873e-09
5 +0 +0 +0 +2.997929e-09
6 +0 +0 +0 +1.937469e-09
7 +0 +0 +0 +1.282852e-09
8 +0 +0 +0 +8.867954e-10
9 +0 +0 +0 +5.747938e-10
10 +0 +0 +0 +3.735582e-10
11 +0 +0 +0 +2.355487e-10
12 +0 +0 +0 +1.590528e-10
13 +0 +0 +0 +1.047103e-10
14 +0 +0 +0 +7.277561e-11
15 +0 +0 +0 +4.861613e-11
16 +0 +0 +0 +3.265126e-11
17 +0 +0 +0 +2.369607e-11
18 +0 +0 +0 +1.811578e-11
19 +0 +0 +0 +1.167385e-11
20 +0 +0 +0 +7.693515e-12
21 +0 +0 +0 +3.697390e-12
22 +0 +0 +0 +3.930586e-12
23 +0 +0 +0 +3.037513e-12
24 +0 +0 +0 +1.544646e-12
25 +0 +0 +0 +1.500531e-12
26 +0 +0 +0 -3.055472e-13
27 +0 +0 +0 +3.679195e-14
28 +0 +0 +0 +2.457480e-13
29 +0 +0 +0 +9.680823e-14
30 +0 +0 +0 -2.373494e-13
31 +0 +0 +0 -9.227503e-15
32 +0 +0 +0 +4.444016e-13
33 +0 +0 +0 +5.905932e-13
34 +0 +0 +0 +7.250174e-13
35 +0 +0 +0 +5.649758e-13
36 +0 +0 +0 +3.914042e-13
37 +0 +0 +0 +4.830539e-13
38 +0 +0 +0 +2.972720e-13
39 +0 +0 +0 +3.935930e-13
40 +0 +0 +0 +4.535179e-13
41 +0 +0 +0 +5.593769e-13
42 +0 +0 +0 +4.891047e-13
43 +0 +0 +0 +5.046658e-13
44 +0 +0 +0 +1.554365e-13
45 +0 +0 +0 +2.124366e-13
46 +0 +0 +0 +1.896837e-13
47 +0 +0 +0 +6.516520e-14
48 +0 +0 +0 +1.419923e-14
49 +0 +0 +0 -3.689637e-14
50 +0 +0 +0 -1.376752e-13
51 +0 +0 +0 -5.942004e-14
52 +0 +0 +0 -1.364722e-13
53 +0 +0 +0 -1.052087e-13
54 +0 +0 +0 -5.218671e-14
55 +0 +0 +0 +2.137111e-14
56 +0 +0 +0 -3.741418e-14
57 +0 +0 +0 -6.001005e-14
58 +0 +0 +0 -3.025470e-14
59 +0 +0 +0 +9.161052e-14
60 +0 +0 +0 +4.459062e-14
61 +0 +0 +0 +8.161631e-14
62 +0 +0 +0 +6.899136e-14
63 +0 +0 +0 +9.078045e-14
