0 +0 +0 +0 +1.264814e-08
1 +0 +0 +0 +2.477063e-08
2 +0 +0 +0 +1.356273e-08
3 +0 +0 +0 +8.190018e-09
4 +0 +0 +0 +4.954640e-09
5 +0 +0 +0 +3.288582e-09
6 +0 +0 +0 +2.089133e-09
7 +0 +0 +0 +1.393932e-09
8 +0 +0 +0 +9.305306e-10
9 +0 +0 +0 +6.305732e-10
10 +0 +0 +0 +4.279626e-10
11 +0 +0 +0 +2.823743e-10
12 +0 +0 +0 +1.920498e-10
13 +0 +0 +0 +1.326912e-10
14 +0 +0 +0 +8.630894e-11
15 +0 +0 +0 +6.134044e-11
16 +0 +0 +0 +3.890767e-11
17 +0 +0 +0 +2.370671e-11
18 +0 +0 +0 +1.645777e-11
19 +0 +0 +0 +1.219529e-11
20 +0 +0 +0 +6.631971e-12
21 +0 +0 +0 +2.703345e-12
22 +0 +0 +0 +2.531430e-13
23 +0 +0 +0 +4.247253e-13
24 +0 +0 +0 +3.293696e-13
25 +0 +0 +0 -1.008057e-12
26 +0 +0 +0 -9.295475e-13
27 +0 +0 +0 -4.308579e-13
28 +0 +0 +0 -6.122484e-13
29 +0 +0 +0 -1.212967e-13
30 +0 +0 +0 -1.628174e-13
31 +0 +0 +0 -4.807016e-13
32 +0 +0 +0 -8.132101e-13
33 +0 +0 +0 -8.427600e-13
34 +0 +0 +0 -3.565253e-13
35 +0 +0 +0 -3.295549e-14
36 +0 +0 +0 +3.677079e-15
37 +0 +0 +0 -1.240697e-13
38 +0 +0 +0 -2.601395e-13
39 +0 +0 +0 -4.374375e-13
40 +0 +0 +0 -4.881264e-13
41 +0 +0 +0 -5.091144e-13
42 +0 +0 +0 -2.384343e-13
43 +0 +0 +0 -2.625401e-13
44 +0 +0 +0 -1.228981e-13
45 +0 +0 +0 -1.198519e-13
46 +0 +0 +0 +2.298755e-14
47 +0 +0 +0 +4.421404e-14
48 +0 +0 +0 -1.673649e-14
49 +0 +0 +0 +2.130603e-13
50 +0 +0 +0 +2.945608e-14
51 +0 +0 +0 -4.427623e-14
52 +0 +0 +0 -5.691511e-14
53 +0 +0 +0 -1.098317e-13
54 +0 +0 +0 -5.302378e-14
55 +0 +0 +0 -4.680877e-14
56 +0 +0 +0 +1.177951e-14
57 +0 +0 +0 +9.699864e-14
58 +0 +0 +0 +2.373975e-14
59 +0 +0 +0 +1.867625e-14
60 +0 +0 +0 -8.056592e-14
61 +0 +0 +0 -1.231830e-13
62 +0 +0 +0 -1.438448e-13
63 +0 +0 +0 -1.792377e-13
