0 +0 +0 +0 +1.317715e-08
1 +0 +0 +0 +2.438873e-08
2 +0 +0 +0 +1.337203e-08
3 +0 +0 +0 +7.910600e-09
4 +0 +0 +0 +4.886671e-09
5 +0 +0 +0 +3.090530e-09
6 +0 +0 +0 +2.009290e-09
7 +0 +0 +0 +1.313507e-09
8 +0 +0 +0 +8.791898e-10
9 +0 +0 +0 +5.824586e-10
10 +0 +0 +0 +3.885193e-10
11 +0 +0 +0 +2.650537e-10
12 +0 +0 +0 +1.803579e-10
13 +0 +0 +0 +1.200090e-10
14 +0 +0 +0 +7.540872e-11
15 +0 +0 +0 +5.431849e-11
16 +0 +0 +0 +3.398409e-11
17 +0 +0 +0 +2.235408e-11
18 +0 +0 +0 +1.490415e-11
19 +0 +0 +0 +1.129777e-11
20 +0 +0 +0 +1.052477e-11
21 +0 +0 +0 +6.350121e-12
22 +0 +0 +0 +5.602210e-12
23 +0 +0 +0 +2.466149e-12
24 +0 +0 +0 +1.897715e-12
25 +0 +0 +0 +1.531192e-12
26 +0 +0 +0 +1.369385e-12
27 +0 +0 +0 +6.748899e-13
28 +0 +0 +0 +2.421627e-14
29 +0 +0 +0 +2.464332e-13
30 +0 +0 +0 +6.712295e-13
31 +0 +0 +0 +5.841725e-13
32 +0 +0 +0 +1.065577e-13
33 +0 +0 +0 +8.143179e-13
34 +0 +0 +0 +7.163466e-13
35 +0 +0 +0 +4.583235e-14
36 +0 +0 +0 -8.608046e-15
37 +0 +0 +0 +1.106889e-13
38 +0 +0 +0 +1.976634e-14
39 +0 +0 +0 +8.913412e-14
40 +0 +0 +0 -8.348582e-14
41 +0 +0 +0 +5.111128e-15
42 +0 +0 +0 -2.521387e-13
43 +0 +0 +0 -1.528568e-13
44 +0 +0 +0 -2.046079e-13
45 +0 +0 +0 -2.966210e-13
46 +0 +0 +0 -6.623522e-14
47 +0 +0 +0 +3.231743e-14
48 +0 +0 +0 -8.377821e-14
49 +0 +0 +0 -4.192288e-14
50 +0 +0 +0 +4.070667e-14
51 +0 +0 +0 +1.458967e-14
52 +0 +0 +0 +8.060369e-14
53 +0 +0 +0 +1.260170e-13
54 +0 +0 +0 +8.806065e-14
55 +0 +0 +0 +3.639571e-14
56 +0 +0 +0 -9.313429e-14
57 +0 +0 +0 +2.832989e-14
58 +0 +0 +0 -6.777242e-14
59 +0 +0 +0 -8.043994e-14
60 +0 +0 +0 +1.374459e-14
61 +0 +0 +0 -6.338562e-14
62 +0 +0 +0 -3.384554e-14
63 +0 +0 +0 -1.047394e-14
