0 +0 +0 +0 +1.285238e-08
1 +0 +0 +0 +2.380355e-08
2 +0 +0 +0 +1.278270e-08
3 +0 +0 +0 +7.497455e-09
4 +0 +0 +0 +4.642511e-09
5 +0 +0 +0 +2.985208e-09
6 +0 +0 +0 +1.932940e-09
7 +0 +0 +0 +1.278845e-09
8 +0 +0 +0 +8.493850e-10
9 +0 +0 +0 +5.562459e-10
10 +0 +0 +0 +3.680004e-10
11 +0 +0 +0 +2.531009e-10
12 +0 +0 +0 +1.626041e-10
13 +0 +0 +0 +1.014054e-10
14 +0 +0 +0 +5.949639e-11
15 +0 +0 +0 +3.592449e-11
16 +0 +0 +0 +2.649291e-11
17 +0 +0 +0 +2.016058e-11
18 +0 +0 +0 +1.544458e-11
19 +0 +0 +0 +1.019950e-11
20 +0 +0 +0 +8.748350e-12
21 +0 +0 +0 +6.360426e-12
22 +0 +0 +0 +5.581559e-12
23 +0 +0 +0 +3.454092e-12
24 +0 +0 +0 +2.762446e-12
25 +0 +0 +0 +2.472609e-12
26 +0 +0 +0 +1.810294e-12
27 +0 +0 +0 +2.011601e-12
28 +0 +0 +0 +1.149097e-12
29 +0 +0 +0 +9.827791e-13
30 +0 +0 +0 +1.301490e-12
31 +0 +0 +0 +1.017258e-12
32 +0 +0 +0 +2.239616e-13
33 +0 +0 +0 +1.980514e-13
34 +0 +0 +0 +2.787020e-13
35 +0 +0 +0 +2.926905e-13
36 +0 +0 +0 -2.884302e-14
37 +0 +0 +0 +9.715067e-14
38 +0 +0 +0 -2.656588e-13
39 +0 +0 +0 -2.953626e-13
40 +0 +0 +0 -2.215197e-13
41 +0 +0 +0 -1.962769e-13
42 +0 +0 +0 -2.288184e-13
43 +0 +0 +0 -2.774462e-13
44 +0 +0 +0 -2.756687e-15
45 +0 +0 +0 +2.732100e-13
46 +0 +0 +0 +2.258315e-13
47 +0 +0 +0 +4.473192e-14
48 +0 +0 +0 -1.955254e-13
49 +0 +0 +0 -2.191158e-13
50 +0 +0 +0 -1.330718e-13
51 +0 +0 +0 -1.178870e-13
52 +0 +0 +0 -9.597776e-14
53 +0 +0 +0 -1.523784e-13
54 +0 +0 +0 -6.683887e-14
55 +0 +0 +0 -1.790515e-13
56 +0 +0 +0 -1.038794e-13
57 +0 +0 +0 +4.054112e-14
58 +0 +0 +0 -4.925363e-15
59 +0 +0 +0 -7.075453e-14
60 +0 +0 +0 -8.570165e-14
61 +0 +0 +0 -9.249697e-14
62 +0 +0 +0 -5.430232e-14
63 +0 +0 +0 -6.650686e-14
