0 +0 +0 +0 +1.234005e-08
1 +0 +0 +0 +2.431932e-08
2 +0 +0 +0 +1.357063e-08
3 +0 +0 +0 +7.960523e-09
4 +0 +0 +0 +4.893671e-09
5 +0 +0 +0 +3.124782e-09
6 +0 +0 +0 +2.031839e-09
7 +0 +0 +0 +1.290457e-09
8 +0 +0 +0 +8.475849e-10
9 +0 +0 +0 +5.575453e-10
10 +0 +0 +0 +3.652831e-10
11 +0 +0 +0 +2.467237e-10
12 +0 +0 +0 +1.572355e-10
13 +0 +0 +0 +1.003603e-10
14 +0 +0 +0 +6.708100e-11
15 +0 +0 +0 +4.452296e-11
16 +0 +0 +0 +3.250500e-11
17 +0 +0 +0 +2.167215e-11
18 +0 +0 +0 +1.833133e-11
19 +0 +0 +0 +9.623247e-12
20 +0 +0 +0 +5.937652e-12
21 +0 +0 +0 +4.723786e-12
22 +0 +0 +0 +3.233516e-12
23 +0 +0 +0 +1.367759e-12
24 +0 +0 +0 -4.458325e-14
25 +0 +0 +0 +1.238398e-12
26 +0 +0 +0 +8.878657e-13
27 +0 +0 +0 +8.017049e-13
28 +0 +0 +0 +9.191962e-13
29 +0 +0 +0 +6.999874e-13
30 +0 +0 +0 +7.595201e-13
31 +0 +0 +0 +8.404301e-13
32 +0 +0 +0 +8.614890e-13
33 +0 +0 +0 +5.676001e-13
34 +0 +0 +0 +1.898659e-13
35 +0 +0 +0 -1.515848e-13
36 +0 +0 +0 -3.374468e-13
37 +0 +0 +0 -6.270249e-13
38 +0 +0 +0 -1.272361e-13
39 +0 +0 +0 -1.139740e-13
40 +0 +0 +0 +8.437540e-14
41 +0 +0 +0 -1.624899e-13
42 +0 +0 +0 -1.323357e-13
43 +0 +0 +0 -8.128941e-14
44 +0 +0 +0 -2.661350e-14
45 +0 +0 +0 +5.090417e-14
46 +0 +0 +0 +8.809031e-14
47 +0 +0 +0 +5.465179e-14
48 +0 +0 +0 +1.120416e-13
49 +0 +0 +0 +7.594198e-14
50 +0 +0 +0 +3.374953e-14
51 +0 +0 +0 -7.488068e-14
52 +0 +0 +0 -7.247006e-14
53 +0 +0 +0 -3.776054e-15
54 +0 +0 +0 -5.196789e-14
55 +0 +0 +0 -1.610146e-13
56 +0 +0 +0 -1.240487e-13
57 +0 +0 +0 -5.364247e-14
58 +0 +0 +0 -1.060839e-14
59 +0 +0 +0 +1.160442e-14
60 +0 +0 +0 +1.566207e-13
61 +0 +0 +0 +8.453978e-14
62 +0 +0 +0 +1.140847e-13
63 +0 +0 +0 +1.568380e-13
