0 +0 +0 +0 +1.272828e-08
1 +0 +0 +0 +2.431868e-08
2 +0 +0 +0 +1.359780e-08
3 +0 +0 +0 +7.833778e-09
4 +0 +0 +0 +4.886206e-09
5 +0 +0 +0 +3.091296e-09
6 +0 +0 +0 +1.998548e-09
7 +0 +0 +0 +1.286334e-09
8 +0 +0 +0 +8.518100e-10
9 +0 +0 +0 +5.639152e-10
10 +0 +0 +0 +3.926465e-10
11 +0 +0 +0 +2.578079e-10
12 +0 +0 +0 +1.650744e-10
13 +0 +0 +0 +1.110687e-10
14 +0 +0 +0 +7.425244e-11
15 +0 +0 +0 +5.095578e-11
16 +0 +0 +0 +3.187723e-11
17 +0 +0 +0 +1.920811e-11
18 +0 +0 +0 +1.238626e-11
19 +0 +0 +0 +1.190457e-11
20 +0 +0 +0 +7.957740e-12
21 +0 +0 +0 +4.121282e-12
22 +0 +0 +0 +2.746113e-12
23 +0 +0 +0 +1.860763e-12
24 +0 +0 +0 +5.204249e-13
25 +0 +0 +0 +5.513633e-13
26 +0 +0 +0 +7.566853e-13
27 +0 +0 +0 +1.096445e-12
28 +0 +0 +0 +3.380145e-13
29 +0 +0 +0 -7.637279e-13
30 +0 +0 +0 -8.334517e-13
31 +0 +0 +0 -8.669100e-13
32 +0 +0 +0 -1.003820e-12
33 +0 +0 +0 -3.908661e-13
34 +0 +0 +0 -7.261264e-14
35 +0 +0 +0 -3.625869e-13
36 +0 +0 +0 -5.959882e-13
37 +0 +0 +0 -6.405171e-13
38 +0 +0 +0 -4.833007e-13
39 +0 +0 +0 -3.148997e-13
40 +0 +0 +0 +1.352453e-13
41 +0 +0 +0 +2.939014e-13
42 +0 +0 +0 +1.433686e-13
43 +0 +0 +0 +1.770478e-13
44 +0 +0 +0 +3.425155e-13
45 +0 +0 +0 +3.696339e-13
46 +0 +0 +0 +3.040302e-13
47 +0 +0 +0 +4.276202e-13
48 +0 +0 +0 +3.348222e-13
49 +0 +0 +0 +2.423623e-13
50 +0 +0 +0 +3.308900e-13
51 +0 +0 +0 +2.225975e-13
52 +0 +0 +0 +1.773616e-13
53 +0 +0 +0 +1.982763e-14
54 +0 +0 +0 +1.145772e-14
55 +0 +0 +0 -4.191880e-14
56 +0 +0 +0 -1.090215e-13
57 +0 +0 +0 -8.094888e-14
58 +0 +0 +0 -6.174548e-14
59 +0 +0 +0 -2.635327e-14
60 +0 +0 +0 +5.509134e-14
61 +0 +0 +0 +1.940800e-14
62 +0 +0 +0 -1.049342e-13
63 +0 +0 +0 -2.211594e-14
