0 +0 +0 +0 +1.307103e-08
1 +0 +0 +0 +2.436768e-08
2 +0 +0 +0 +1.334472e-08
3 +0 +0 +0 +8.007161e-09
4 +0 +0 +0 +4.983358e-09
5 +0 +0 +0 +3.096277e-09
6 +0 +0 +0 +1.998549e-09
7 +0 +0 +0 +1.318543e-09
8 +0 +0 +0 +8.883183e-10
9 +0 +0 +0 +6.106271e-10
10 +0 +0 +0 +4.066296e-10
11 +0 +0 +0 +2.775114e-10
12 +0 +0 +0 +1.868070e-10
13 +0 +0 +0 +1.232018e-10
14 +0 +0 +0 +8.735856e-11
15 +0 +0 +0 +5.795128e-11
16 +0 +0 +0 +3.988381e-11
17 +0 +0 +0 +2.843830e-11
18 +0 +0 +0 +1.984860e-11
19 +0 +0 +0 +1.524378e-11
20 +0 +0 +0 +1.150633e-11
21 +0 +0 +0 +7.739521e-12
22 +0 +0 +0 +7.494931e-12
23 +0 +0 +0 +4.587154e-12
24 +0 +0 +0 +3.106267e-12
25 +0 +0 +0 +1.853825e-12
26 +0 +0 +0 +1.062670e-12
27 +0 +0 +0 +2.296499e-13
28 +0 +0 +0 -5.166505e-14
29 +0 +0 +0 +1.249065e-13
30 +0 +0 +0 -7.216434e-13
31 +0 +0 +0 -8.748776e-13
32 +0 +0 +0 -3.954203e-13
33 +0 +0 +0 -5.011019e-13
34 +0 +0 +0 -7.230648e-14
35 +0 +0 +0 -3.689485e-13
36 +0 +0 +0 -5.474859e-13
37 +0 +0 +0 -5.882943e-13
38 +0 +0 +0 -6.523676e-13
39 +0 +0 +0 +5.274438e-14
40 +0 +0 +0 -1.070173e-13
41 +0 +0 +0 -2.513855e-13
42 +0 +0 +0 -5.453386e-13
43 +0 +0 +0 -5.933553e-13
44 +0 +0 +0 -5.534390e-13
45 +0 +0 +0 -2.959732e-13
46 +0 +0 +0 -2.871748e-13
47 +0 +0 +0 -3.525622e-13
48 +0 +0 +0 -2.771832e-13
49 +0 +0 +0 -2.362087e-13
50 +0 +0 +0 -9.195628e-14
51 +0 +0 +0 -6.355616e-14
52 +0 +0 +0 +5.005137e-14
53 +0 +0 +0 +7.958543e-14
54 +0 +0 +0 +5.367514e-14
55 +0 +0 +0 +6.202354e-14
56 +0 +0 +0 +1.463455e-13
57 +0 +0 +0 +3.349265e-14
58 +0 +0 +0 +5.479428e-14
59 +0 +0 +0 -7.745293e-14
60 +0 +0 +0 -1.186689e-13
61 +0 +0 +0 -8.190700e-14
62 +0 +0 +0 -9.056387e-14
63 +0 +0 +0 -4.295838e-14
