0 +0 +0 +0 +1.307166e-08
1 +0 +0 +0 +2.396719e-08
2 +0 +0 +0 +1.320105e-08
3 +0 +0 +0 +7.619318e-09
4 +0 +0 +0 +4.798923e-09
5 +0 +0 +0 +3.099689e-09
6 +0 +0 +0 +1.978796e-09
7 +0 +0 +0 +1.299153e-09
8 +0 +0 +0 +8.522756e-10
9 +0 +0 +0 +5.774854e-10
10 +0 +0 +0 +3.944079e-10
11 +0 +0 +0 +2.623026e-10
12 +0 +0 +0 +1.739044e-10
13 +0 +0 +0 +1.149795e-10
14 +0 +0 +0 +8.024982e-11
15 +0 +0 +0 +5.476471e-11
16 +0 +0 +0 +3.799757e-11
17 +0 +0 +0 +2.743504e-11
18 +0 +0 +0 +1.640577e-11
19 +0 +0 +0 +9.363062e-12
20 +0 +0 +0 +6.006175e-12
21 +0 +0 +0 +1.594009e-12
22 +0 +0 +0 +5.667269e-13
23 +0 +0 +0 -7.626371e-13
24 +0 +0 +0 +3.892701e-13
25 +0 +0 +0 +3.234388e-13
26 +0 +0 +0 +1.560022e-13
27 +0 +0 +0 -5.730845e-13
28 +0 +0 +0 -6.157136e-13
29 +0 +0 +0 -4.986910e-13
30 +0 +0 +0 -3.027553e-17
31 +0 +0 +0 -8.363900e-13
32 +0 +0 +0 -2.357163e-13
33 +0 +0 +0 -3.838936e-13
34 +0 +0 +0 -4.078588e-13
35 +0 +0 +0 -6.531269e-13
36 +0 +0 +0 -3.392900e-13
37 +0 +0 +0 -1.029906e-13
38 +0 +0 +0 +5.079267e-13
39 +0 +0 +0 +2.710237e-13
40 +0 +0 +0 +4.328074e-13
41 +0 +0 +0 +3.819266e-13
42 +0 +0 +0 +1.855366e-13
43 +0 +0 +0 +6.833539e-14
44 +0 +0 +0 +1.373906e-13
45 +0 +0 +0 +7.992465e-14
46 +0 +0 +0 -5.148273e-14
47 +0 +0 +0 -1.244625e-13
48 +0 +0 +0 -3.872579e-14
49 +0 +0 +0 -3.114053e-14
50 +0 +0 +0 -5.681801e-14
51 +0 +0 +0 -7.100452e-14
52 +0 +0 +0 -3.991006e-14
53 +0 +0 +0 -2.457287e-15
54 +0 +0 +0 +1.693056e-14
55 +0 +0 +0 +8.506223e-14
56 +0 +0 +0 +1.486628e-13
57 +0 +0 +0 +1.399288e-13
58 +0 +0 +0 +8.545758e-14
59 +0 +0 +0 -6.145985e-14
60 +0 +0 +0 -1.694102e-13
61 +0 +0 +0 -1.686286e-13
62 +0 +0 +0 -2.384534e-13
63 +0 +0 +0 -2.785888e-13
