0 +0 +0 +0 +1.394535e-08
1 +0 +0 +0 +2.538413e-08
2 +0 +0 +0 +1.405347e-08
3 +0 +0 +0 +8.181353e-09
4 +0 +0 +0 +5.085870e-09
5 +0 +0 +0 +3.219703e-09
6 +0 +0 +0 +2.165428e-09
7 +0 +0 +0 +1.401464e-09
8 +0 +0 +0 +9.063463e-10
9 +0 +0 +0 +5.979768e-10
10 +0 +0 +0 +4.193253e-10
11 +0 +0 +0 +2.901823e-10
12 +0 +0 +0 +2.012642e-10
13 +0 +0 +0 +1.368865e-10
14 +0 +0 +0 +9.141374e-11
15 +0 +0 +0 +5.778654e-11
16 +0 +0 +0 +4.118528e-11
17 +0 +0 +0 +3.129269e-11
18 +0 +0 +0 +2.006719e-11
19 +0 +0 +0 +1.357420e-11
20 +0 +0 +0 +1.147164e-11
21 +0 +0 +0 +9.733728e-12
22 +0 +0 +0 +8.229590e-12
23 +0 +0 +0 +6.376620e-12
24 +0 +0 +0 +4.470086e-12
25 +0 +0 +0 +3.365865e-12
26 +0 +0 +0 +1.713477e-12
27 +0 +0 +0 +1.270965e-12
28 +0 +0 +0 +1.660314e-12
29 +0 +0 +0 +1.813905e-12
30 +0 +0 +0 +1.592631e-12
31 +0 +0 +0 +8.013172e-13
32 +0 +0 +0 +1.016603e-12
33 +0 +0 +0 +5.091412e-13
34 +0 +0 +0 +4.811997e-13
35 +0 +0 +0 -2.395112e-13
36 +0 +0 +0 +5.308289e-14
37 +0 +0 +0 +2.716786e-13
38 +0 +0 +0 +6.988060e-13
39 +0 +0 +0 +8.866760e-13
40 +0 +0 +0 +8.745980e-13
41 +0 +0 +0 +5.522787e-13
42 +0 +0 +0 +1.763095e-13
43 +0 +0 +0 -2.150189e-13
44 +0 +0 +0 -3.398531e-13
45 +0 +0 +0 -4.446477e-13
46 +0 +0 +0 -2.239926e-13
47 +0 +0 +0 -2.913232e-13
48 +0 +0 +0 +6.508695e-14
49 +0 +0 +0 +1.235807e-13
50 +0 +0 +0 +1.112309e-13
51 +0 +0 +0 +2.094128e-13
52 +0 +0 +0 +2.042633e-13
53 +0 +0 +0 +1.906457e-13
54 +0 +0 +0 +2.179788e-13
55 +0 +0 +0 +1.524006e-13
56 +0 +0 +0 +1.617818e-14
57 +0 +0 +0 +6.191274e-14
58 +0 +0 +0 -1.268617e-14
59 +0 +0 +0 +7.334219e-14
60 +0 +0 +0 +6.949577e-14
61 +0 +0 +0 +1.053180e-13
62 +0 +0 +0 +4.475208e-14
63 +0 +0 +0 +3.836442e-14
