0 +0 +0 +0 +1.350880e-08
1 +0 +0 +0 +2.365244e-08
2 +0 +0 +0 +1.321338e-08
3 +0 +0 +0 +7.636603e-09
4 +0 +0 +0 +4.777053e-09
5 +0 +0 +0 +3.055261e-09
6 +0 +0 +0 +2.051942e-09
7 +0 +0 +0 +1.341582e-09
8 +0 +0 +0 +8.875012e-10
9 +0 +0 +0 +5.884733e-10
10 +0 +0 +0 +3.815576e-10
11 +0 +0 +0 +2.593555e-10
12 +0 +0 +0 +1.742139e-10
13 +0 +0 +0 +1.216894e-10
14 +0 +0 +0 +8.156181e-11
15 +0 +0 +0 +5.766103e-11
16 +0 +0 +0 +3.905849e-11
17 +0 +0 +0 +2.692936e-11
18 +0 +0 +0 +2.140311e-11
19 +0 +0 +0 +1.621358e-11
20 +0 +0 +0 +1.153005e-11
21 +0 +0 +0 +1.084557e-11
22 +0 +0 +0 +5.990565e-12
23 +0 +0 +0 +4.026403e-12
24 +0 +0 +0 +2.079221e-12
25 +0 +0 +0 +1.109981e-12
26 +0 +0 +0 +3.237292e-13
27 +0 +0 +0 +4.963094e-13
28 +0 +0 +0 +1.494252e-13
29 +0 +0 +0 -7.911480e-13
30 +0 +0 +0 +1.294404e-13
31 +0 +0 +0 +3.786107e-14
32 +0 +0 +0 +1.889321e-13
33 +0 +0 +0 -3.518093e-13
34 +0 +0 +0 -2.579966e-13
35 +0 +0 +0 -1.319945e-13
36 +0 +0 +0 -2.366435e-13
37 +0 +0 +0 +5.759954e-14
38 +0 +0 +0 -1.397360e-13
39 +0 +0 +0 -1.786315e-13
40 +0 +0 +0 -2.527391e-13
41 +0 +0 +0 -2.522137e-13
42 +0 +0 +0 -2.881160e-13
43 +0 +0 +0 -3.694525e-13
44 +0 +0 +0 -2.039953e-13
45 +0 +0 +0 -8.386693e-14
46 +0 +0 +0 -1.724741e-13
47 +0 +0 +0 -9.308182e-14
48 +0 +0 +0 -2.078430e-16
49 +0 +0 +0 -6.646044e-14
50 +0 +0 +0 -1.088732e-13
51 +0 +0 +0 -1.588906e-13
52 +0 +0 +0 -7.981414e-14
53 +0 +0 +0 -3.214015e-14
54 +0 +0 +0 -5.357917e-14
55 +0 +0 +0 +4.792994e-14
56 +0 +0 +0 +6.790717e-15
57 +0 +0 +0 -6.499113e-16
58 +0 +0 +0 +2.185523e-14
59 +0 +0 +0 -9.450402e-14
60 +0 +0 +0 -1.045920e-13
61 +0 +0 +0 -4.584732e-15
62 +0 +0 +0 +9.211902e-15
63 +0 +0 +0 +2.267280e-14
