0 +0 +0 +0 +1.316747e-08
1 +0 +0 +0 +2.337897e-08
2 +0 +0 +0 +1.307669e-08
3 +0 +0 +0 +7.699482e-09
4 +0 +0 +0 +4.804570e-09
5 +0 +0 +0 +3.103959e-09
6 +0 +0 +0 +1.989882e-09
7 +0 +0 +0 +1.279732e-09
8 +0 +0 +0 +8.200259e-10
9 +0 +0 +0 +5.375886e-10
10 +0 +0 +0 +3.589194e-10
11 +0 +0 +0 +2.350268e-10
12 +0 +0 +0 +1.485761e-10
13 +0 +0 +0 +9.996856e-11
14 +0 +0 +0 +6.316155e-11
15 +0 +0 +0 +4.284597e-11
16 +0 +0 +0 +2.693162e-11
17 +0 +0 +0 +1.591784e-11
18 +0 +0 +0 +1.291864e-11
19 +0 +0 +0 +8.657843e-12
20 +0 +0 +0 +6.226666e-12
21 +0 +0 +0 +4.400007e-12
22 +0 +0 +0 +5.003033e-12
23 +0 +0 +0 +2.765422e-12
24 +0 +0 +0 +2.132273e-12
25 +0 +0 +0 +1.469192e-12
26 +0 +0 +0 +6.862810e-13
27 +0 +0 +0 +6.473871e-13
28 +0 +0 +0 -3.025648e-13
29 +0 +0 +0 -5.623965e-13
30 +0 +0 +0 -1.040588e-12
31 +0 +0 +0 -8.047661e-13
32 +0 +0 +0 -2.838997e-13
33 +0 +0 +0 -5.148130e-13
34 +0 +0 +0 -3.069242e-13
35 +0 +0 +0 -3.061668e-13
36 +0 +0 +0 -4.985547e-13
37 +0 +0 +0 -4.840807e-13
38 +0 +0 +0 -5.527304e-13
39 +0 +0 +0 -5.675011e-13
40 +0 +0 +0 -5.338073e-13
41 +0 +0 +0 -1.685808e-13
42 +0 +0 +0 -1.609441e-13
43 +0 +0 +0 -2.324621e-15
44 +0 +0 +0 -3.552283e-14
45 +0 +0 +0 -8.569843e-14
46 +0 +0 +0 -4.150583e-14
47 +0 +0 +0 -8.492594e-14
48 +0 +0 +0 -3.090583e-14
49 +0 +0 +0 -2.348149e-13
50 +0 +0 +0 -3.026716e-13
51 +0 +0 +0 -1.716194e-13
52 +0 +0 +0 -2.372160e-13
53 +0 +0 +0 -2.069997e-13
54 +0 +0 +0 -2.852834e-13
55 +0 +0 +0 -2.030163e-13
56 +0 +0 +0 -1.849126e-13
57 +0 +0 +0 -1.228052e-13
58 +0 +0 +0 -1.543385e-13
59 +0 +0 +0 -4.196735e-14
60 +0 +0 +0 -5.707546e-14
61 +0 +0 +0 -2.683836e-15
62 +0 +0 +0 +2.219895e-14
63 +0 +0 +0 +2.743925e-14
