0 +0 +0 +0 +1.332530e-08
1 +0 +0 +0 +2.525491e-08
2 +0 +0 +0 +1.409720e-08
3 +0 +0 +0 +8.277049e-09
4 +0 +0 +0 +5.193388e-09
5 +0 +0 +0 +3.268402e-09
6 +0 +0 +0 +2.124050e-09
7 +0 +0 +0 +1.387200e-09
8 +0 +0 +0 +9.199551e-10
9 +0 +0 +0 +5.887342e-10
10 +0 +0 +0 +3.884153e-10
11 +0 +0 +0 +2.616752e-10
12 +0 +0 +0 +1.796541e-10
13 +0 +0 +0 +1.140567e-10
14 +0 +0 +0 +7.848798e-11
15 +0 +0 +0 +5.216044e-11
16 +0 +0 +0 +3.415259e-11
17 +0 +0 +0 +2.314526e-11
18 +0 +0 +0 +1.636508e-11
19 +0 +0 +0 +1.131772e-11
20 +0 +0 +0 +7.253596e-12
21 +0 +0 +0 +5.145678e-12
22 +0 +0 +0 +3.207795e-12
23 +0 +0 +0 +1.985881e-12
24 +0 +0 +0 -4.560877e-14
25 +0 +0 +0 -1.040495e-13
26 +0 +0 +0 -1.435986e-12
27 +0 +0 +0 -9.254601e-13
28 +0 +0 +0 -2.120398e-12
29 +0 +0 +0 -1.437293e-12
30 +0 +0 +0 -1.946730e-12
31 +0 +0 +0 -1.253710e-12
32 +0 +0 +0 -6.156212e-13
33 +0 +0 +0 -1.253382e-13
34 +0 +0 +0 -2.641366e-13
35 +0 +0 +0 +2.483024e-13
36 +0 +0 +0 +1.923666e-13
37 +0 +0 +0 +3.217369e-13
38 +0 +0 +0 +5.152634e-13
39 +0 +0 +0 +3.312247e-13
40 +0 +0 +0 +2.916210e-13
41 +0 +0 +0 +1.935696e-13
42 +0 +0 +0 +5.249828e-14
43 +0 +0 +0 -1.924239e-13
44 +0 +0 +0 -3.352542e-13
45 +0 +0 +0 -6.291299e-14
46 +0 +0 +0 -1.256350e-13
47 +0 +0 +0 -2.011253e-13
48 +0 +0 +0 -1.650186e-13
49 +0 +0 +0 -1.387048e-13
50 +0 +0 +0 -2.316154e-13
51 +0 +0 +0 -2.726048e-13
52 +0 +0 +0 -1.854895e-13
53 +0 +0 +0 -2.847780e-13
54 +0 +0 +0 -2.889250e-13
55 +0 +0 +0 -2.644566e-13
56 +0 +0 +0 -2.250714e-13
57 +0 +0 +0 -1.622782e-13
58 +0 +0 +0 -1.426097e-13
59 +0 +0 +0 -7.821725e-14
60 +0 +0 +0 -1.673785e-13
61 +0 +0 +0 -1.835024e-13
62 +0 +0 +0 -8.682060e-14
63 +0 +0 +0 -3.876197e-14
