0 +0 +0 +0 +1.314348e-08
1 +0 +0 +0 +2.436606e-08
2 +0 +0 +0 +1.348788e-08
3 +0 +0 +0 +7.797569e-09
4 +0 +0 +0 +4.866748e-09
5 +0 +0 +0 +3.121166e-09
6 +0 +0 +0 +2.014944e-09
7 +0 +0 +0 +1.357469e-09
8 +0 +0 +0 +9.138490e-10
9 +0 +0 +0 +6.018826e-10
10 +0 +0 +0 +4.163459e-10
11 +0 +0 +0 +2.906003e-10
12 +0 +0 +0 +1.942896e-10
13 +0 +0 +0 +1.382217e-10
14 +0 +0 +0 +9.166014e-11
15 +0 +0 +0 +6.187208e-11
16 +0 +0 +0 +4.173054e-11
17 +0 +0 +0 +2.993747e-11
18 +0 +0 +0 +2.058555e-11
19 +0 +0 +0 +1.389592e-11
20 +0 +0 +0 +9.922754e-12
21 +0 +0 +0 +5.454495e-12
22 +0 +0 +0 +2.301430e-12
23 +0 +0 +0 +5.328343e-13
24 +0 +0 +0 -3.536450e-14
25 +0 +0 +0 -7.517139e-13
26 +0 +0 +0 -1.040715e-12
27 +0 +0 +0 -2.089876e-12
28 +0 +0 +0 -2.243146e-12
29 +0 +0 +0 -1.941332e-12
30 +0 +0 +0 -2.185428e-12
31 +0 +0 +0 -1.438254e-12
32 +0 +0 +0 -1.429981e-12
33 +0 +0 +0 -8.262773e-13
34 +0 +0 +0 -9.028293e-13
35 +0 +0 +0 -7.353651e-14
36 +0 +0 +0 -3.555093e-13
37 +0 +0 +0 -7.596841e-14
38 +0 +0 +0 -9.461193e-14
39 +0 +0 +0 -4.076763e-13
40 +0 +0 +0 -3.017838e-13
41 +0 +0 +0 -2.956367e-13
42 +0 +0 +0 -2.122664e-13
43 +0 +0 +0 -2.205683e-13
44 +0 +0 +0 -6.248107e-14
45 +0 +0 +0 +2.587814e-14
46 +0 +0 +0 +4.743148e-14
47 +0 +0 +0 +1.632499e-13
48 +0 +0 +0 +7.561629e-14
49 +0 +0 +0 -6.901068e-14
50 +0 +0 +0 -9.598861e-14
51 +0 +0 +0 -1.235516e-13
52 +0 +0 +0 -5.387829e-14
53 +0 +0 +0 -5.109589e-14
54 +0 +0 +0 -7.742232e-15
55 +0 +0 +0 -8.381539e-14
56 +0 +0 +0 -3.711324e-14
57 +0 +0 +0 -1.295976e-13
58 +0 +0 +0 +1.003229e-14
59 +0 +0 +0 +3.482454e-15
60 +0 +0 +0 -8.455125e-15
61 +0 +0 +0 -1.018058e-13
62 +0 +0 +0 -1.412209e-13
63 +0 +0 +0 -1.418740e-13
