0 +0 +0 +0 +1.387442e-08
1 +0 +0 +0 +2.425070e-08
2 +0 +0 +0 +1.326694e-08
3 +0 +0 +0 +7.750255e-09
4 +0 +0 +0 +4.746402e-09
5 +0 +0 +0 +2.984710e-09
6 +0 +0 +0 +1.974448e-09
7 +0 +0 +0 +1.336077e-09
8 +0 +0 +0 +8.848876e-10
9 +0 +0 +0 +6.021531e-10
10 +0 +0 +0 +3.990640e-10
11 +0 +0 +0 +2.658264e-10
12 +0 +0 +0 +1.845827e-10
13 +0 +0 +0 +1.231404e-10
14 +0 +0 +0 +8.149671e-11
15 +0 +0 +0 +5.629468e-11
16 +0 +0 +0 +3.799252e-11
17 +0 +0 +0 +2.691452e-11
18 +0 +0 +0 +1.658971e-11
19 +0 +0 +0 +1.013347e-11
20 +0 +0 +0 +6.785439e-12
21 +0 +0 +0 +3.601481e-12
22 +0 +0 +0 +3.314970e-12
23 +0 +0 +0 +2.465522e-12
24 +0 +0 +0 +2.326695e-12
25 +0 +0 +0 +2.915769e-12
26 +0 +0 +0 +3.547388e-12
27 +0 +0 +0 +2.389388e-12
28 +0 +0 +0 +1.285277e-12
29 +0 +0 +0 +1.411039e-12
30 +0 +0 +0 +9.787775e-13
31 +0 +0 +0 +8.344462e-13
32 +0 +0 +0 +7.322340e-13
33 +0 +0 +0 +6.730979e-13
34 +0 +0 +0 +2.084925e-13
35 +0 +0 +0 +1.634507e-13
36 +0 +0 +0 -1.056175e-13
37 +0 +0 +0 +1.110789e-13
38 +0 +0 +0 +2.896132e-13
39 +0 +0 +0 +2.130566e-13
40 +0 +0 +0 +3.771366e-13
41 +0 +0 +0 +2.449202e-13
42 +0 +0 +0 +3.036112e-13
43 +0 +0 +0 +1.676081e-13
44 +0 +0 +0 +3.439444e-13
45 +0 +0 +0 +4.078908e-13
46 +0 +0 +0 +5.174933e-13
47 +0 +0 +0 +2.873329e-13
48 +0 +0 +0 +5.382631e-14
49 +0 +0 +0 -4.657529e-14
50 +0 +0 +0 -5.678108e-14
51 +0 +0 +0 -2.059366e-14
52 +0 +0 +0 +3.689944e-14
53 +0 +0 +0 -1.225262e-14
54 +0 +0 +0 +6.446622e-14
55 +0 +0 +0 +5.216208e-14
56 +0 +0 +0 +1.493917e-13
57 +0 +0 +0 +2.229169e-13
58 +0 +0 +0 +1.746492e-13
59 +0 +0 +0 +9.653991e-14
60 +0 +0 +0 +1.400411e-13
61 +0 +0 +0 +3.462760e-14
62 +0 +0 +0 +3.820688e-15
63 +0 +0 +0 -8.354120e-15
