0 +0 +0 +0 +1.302323e-08
1 +0 +0 +0 +2.425345e-08
2 +0 +0 +0 +1.324313e-08
3 +0 +0 +0 +7.904565e-09
4 +0 +0 +0 +4.792555e-09
5 +0 +0 +0 +3.105825e-09
6 +0 +0 +0 +2.007122e-09
7 +0 +0 +0 +1.298233e-09
8 +0 +0 +0 +8.673513e-10
9 +0 +0 +0 +5.903570e-10
10 +0 +0 +0 +3.804062e-10
11 +0 +0 +0 +2.451646e-10
12 +0 +0 +0 +1.595750e-10
13 +0 +0 +0 +1.023185e-10
14 +0 +0 +0 +7.276179e-11
15 +0 +0 +0 +5.044993e-11
16 +0 +0 +0 +3.411703e-11
17 +0 +0 +0 +2.180852e-11
18 +0 +0 +0 +1.578960e-11
19 +0 +0 +0 +1.161088e-11
20 +0 +0 +0 +8.579841e-12
21 +0 +0 +0 +5.432104e-12
22 +0 +0 +0 +4.327935e-12
23 +0 +0 +0 +3.321127e-12
24 +0 +0 +0 +2.694978e-12
25 +0 +0 +0 +3.423649e-13
26 +0 +0 +0 -5.448533e-13
27 +0 +0 +0 -1.153950e-12
28 +0 +0 +0 -1.084354e-12
29 +0 +0 +0 -1.254632e-12
30 +0 +0 +0 -1.032381e-12
31 +0 +0 +0 -1.456372e-12
32 +0 +0 +0 -7.422581e-13
33 +0 +0 +0 -5.510273e-13
34 +0 +0 +0 -1.162298e-12
35 +0 +0 +0 -6.722795e-13
36 +0 +0 +0 -3.004918e-13
37 +0 +0 +0 -4.018033e-13
38 +0 +0 +0 -7.919585e-13
39 +0 +0 +0 -6.823179e-13
40 +0 +0 +0 -6.365712e-13
41 +0 +0 +0 -2.427300e-13
42 +0 +0 +0 -1.072170e-13
43 +0 +0 +0 +1.284098e-14
44 +0 +0 +0 -4.795244e-14
45 +0 +0 +0 -2.798156e-13
46 +0 +0 +0 -3.788255e-13
47 +0 +0 +0 -2.983855e-13
48 +0 +0 +0 -1.970371e-13
49 +0 +0 +0 -2.838074e-13
50 +0 +0 +0 -2.584541e-13
51 +0 +0 +0 -3.338446e-13
52 +0 +0 +0 -3.355622e-13
53 +0 +0 +0 -2.727289e-13
54 +0 +0 +0 -1.581614e-13
55 +0 +0 +0 -1.693761e-13
56 +0 +0 +0 -9.252062e-14
57 +0 +0 +0 -5.845499e-14
58 +0 +0 +0 -1.100044e-13
59 +0 +0 +0 -8.193656e-14
60 +0 +0 +0 -3.868575e-14
61 +0 +0 +0 -5.765281e-14
62 +0 +0 +0 -3.812869e-14
63 +0 +0 +0 +7.437495e-14
