0 +0 +0 +0 +1.340723e-08
1 +0 +0 +0 +2.444416e-08
2 +0 +0 +0 +1.340782e-08
3 +0 +0 +0 +7.944331e-09
4 +0 +0 +0 +5.009732e-09
5 +0 +0 +0 +3.169692e-09
6 +0 +0 +0 +2.088080e-09
7 +0 +0 +0 +1.355081e-09
8 +0 +0 +0 +9.143966e-10
9 +0 +0 +0 +6.235927e-10
10 +0 +0 +0 +4.257544e-10
11 +0 +0 +0 +3.026985e-10
12 +0 +0 +0 +2.104203e-10
13 +0 +0 +0 +1.402965e-10
14 +0 +0 +0 +9.585512e-11
15 +0 +0 +0 +6.175788e-11
16 +0 +0 +0 +3.802224e-11
17 +0 +0 +0 +2.511861e-11
18 +0 +0 +0 +1.785460e-11
19 +0 +0 +0 +1.428249e-11
20 +0 +0 +0 +7.547419e-12
21 +0 +0 +0 +4.711727e-12
22 +0 +0 +0 +2.924456e-12
23 +0 +0 +0 +2.108863e-12
24 +0 +0 +0 +1.047919e-13
25 +0 +0 +0 -1.028520e-12
26 +0 +0 +0 -1.245016e-12
27 +0 +0 +0 -1.199192e-12
28 +0 +0 +0 -1.483093e-12
29 +0 +0 +0 -1.421829e-12
30 +0 +0 +0 -1.635877e-12
31 +0 +0 +0 -1.110980e-12
32 +0 +0 +0 -1.267806e-12
33 +0 +0 +0 -8.434678e-13
34 +0 +0 +0 -5.072078e-13
35 +0 +0 +0 -4.203925e-13
36 +0 +0 +0 -9.986326e-14
37 +0 +0 +0 -1.018865e-14
38 +0 +0 +0 +1.625015e-13
39 +0 +0 +0 +2.743545e-14
40 +0 +0 +0 +2.796082e-15
41 +0 +0 +0 +1.638719e-14
42 +0 +0 +0 +2.579632e-14
43 +0 +0 +0 +3.139407e-14
44 +0 +0 +0 +1.308960e-13
45 +0 +0 +0 +1.442145e-13
46 +0 +0 +0 +1.631888e-13
47 +0 +0 +0 +6.662634e-16
48 +0 +0 +0 -1.420802e-14
49 +0 +0 +0 +7.713252e-14
50 +0 +0 +0 +9.128552e-14
51 +0 +0 +0 +5.687441e-14
52 +0 +0 +0 -2.962559e-14
53 +0 +0 +0 +1.036969e-13
54 +0 +0 +0 +1.193404e-13
55 +0 +0 +0 +1.087253e-13
56 +0 +0 +0 -3.091915e-14
57 +0 +0 +0 -2.968335e-14
58 +0 +0 +0 -7.979720e-14
59 +0 +0 +0 -1.293942e-13
60 +0 +0 +0 -9.172717e-14
61 +0 +0 +0 -9.933711e-14
62 +0 +0 +0 -7.813500e-14
63 +0 +0 +0 -7.768028e-14
