0 +0 +0 +0 +1.246691e-08
1 +0 +0 +0 +2.507492e-08
2 +0 +0 +0 +1.388554e-08
3 +0 +0 +0 +7.994309e-09
4 +0 +0 +0 +5.121018e-09
5 +0 +0 +0 +3.234187e-09
6 +0 +0 +0 +2.130218e-09
7 +0 +0 +0 +1.396095e-09
8 +0 +0 +0 +9.501542e-10
9 +0 +0 +0 +6.315717e-10
10 +0 +0 +0 +4.220344e-10
11 +0 +0 +0 +2.929967e-10
12 +0 +0 +0 +1.924413e-10
13 +0 +0 +0 +1.327803e-10
14 +0 +0 +0 +9.496519e-11
15 +0 +0 +0 +6.581959e-11
16 +0 +0 +0 +4.342342e-11
17 +0 +0 +0 +3.259571e-11
18 +0 +0 +0 +2.091998e-11
19 +0 +0 +0 +1.108426e-11
20 +0 +0 +0 +8.415693e-12
21 +0 +0 +0 +4.333166e-12
22 +0 +0 +0 +2.480028e-12
23 +0 +0 +0 +1.450091e-12
24 +0 +0 +0 +2.650190e-13
25 +0 +0 +0 -5.420094e-13
26 +0 +0 +0 -1.081554e-12
27 +0 +0 +0 -1.616489e-12
28 +0 +0 +0 -8.913227e-13
29 +0 +0 +0 -1.847773e-13
30 +0 +0 +0 +2.311919e-13
31 +0 +0 +0 -8.006767e-15
32 +0 +0 +0 +5.530663e-14
33 +0 +0 +0 +4.974453e-13
34 +0 +0 +0 +8.586944e-13
35 +0 +0 +0 +7.274713e-13
36 +0 +0 +0 +6.446226e-13
37 +0 +0 +0 +7.831975e-13
38 +0 +0 +0 +5.849091e-13
39 +0 +0 +0 +6.982884e-13
40 +0 +0 +0 +5.199223e-13
41 +0 +0 +0 +7.561910e-13
42 +0 +0 +0 +4.853621e-13
43 +0 +0 +0 +4.200610e-13
44 +0 +0 +0 +2.324905e-13
45 +0 +0 +0 +4.135853e-13
46 +0 +0 +0 +2.488990e-13
47 +0 +0 +0 +6.373907e-14
48 +0 +0 +0 +2.165820e-13
49 +0 +0 +0 +1.430695e-13
50 +0 +0 +0 +1.197850e-13
51 +0 +0 +0 +1.840990e-13
52 +0 +0 +0 +1.629045e-13
53 +0 +0 +0 +2.005749e-13
54 +0 +0 +0 +1.605147e-13
55 +0 +0 +0 +1.271015e-13
56 +0 +0 +0 +6.996897e-14
57 +0 +0 +0 +4.170820e-14
58 +0 +0 +0 -1.535256e-14
59 +0 +0 +0 -2.435887e-14
60 +0 +0 +0 -9.068426e-14
61 +0 +0 +0 -1.114887e-13
62 +0 +0 +0 +2.437201e-14
63 +0 +0 +0 -2.420619e-14
