0 +0 +0 +0 +1.361477e-08
1 +0 +0 +0 +2.410022e-08
2 +0 +0 +0 +1.355125e-08
3 +0 +0 +0 +7.993279e-09
4 +0 +0 +0 +4.945297e-09
5 +0 +0 +0 +3.188958e-09
6 +0 +0 +0 +2.107179e-09
7 +0 +0 +0 +1.345704e-09
8 +0 +0 +0 +8.864446e-10
9 +0 +0 +0 +6.045916e-10
10 +0 +0 +0 +3.931174e-10
11 +0 +0 +0 +2.611178e-10
12 +0 +0 +0 +1.782058e-10
13 +0 +0 +0 +1.218472e-10
14 +0 +0 +0 +8.282333e-11
15 +0 +0 +0 +5.774115e-11
16 +0 +0 +0 +3.937178e-11
17 +0 +0 +0 +2.654757e-11
18 +0 +0 +0 +1.858320e-11
19 +0 +0 +0 +1.330235e-11
20 +0 +0 +0 +8.667117e-12
21 +0 +0 +0 +6.809577e-12
22 +0 +0 +0 +6.549791e-12
23 +0 +0 +0 +5.028977e-12
24 +0 +0 +0 +3.853049e-12
25 +0 +0 +0 +2.229613e-12
26 +0 +0 +0 +1.882918e-12
27 +0 +0 +0 +1.211166e-12
28 +0 +0 +0 +1.038427e-12
29 +0 +0 +0 +1.521653e-12
30 +0 +0 +0 +1.314346e-12
31 +0 +0 +0 +1.724856e-12
32 +0 +0 +0 +1.193230e-12
33 +0 +0 +0 +2.710413e-13
34 +0 +0 +0 +2.271307e-13
35 +0 +0 +0 +4.637422e-13
36 +0 +0 +0 +7.947013e-13
37 +0 +0 +0 +1.045851e-12
38 +0 +0 +0 +2.219717e-13
39 +0 +0 +0 +3.262452e-13
40 +0 +0 +0 +4.926901e-14
41 +0 +0 +0 +2.189604e-13
42 +0 +0 +0 +1.324385e-13
43 +0 +0 +0 +2.750185e-13
44 +0 +0 +0 +2.568964e-13
45 +0 +0 +0 +1.619070e-13
46 +0 +0 +0 +3.099085e-14
47 +0 +0 +0 -1.218455e-13
48 +0 +0 +0 -1.331430e-13
49 +0 +0 +0 -1.311537e-13
50 +0 +0 +0 +4.099345e-14
51 +0 +0 +0 +1.146119e-14
52 +0 +0 +0 -2.132429e-15
53 +0 +0 +0 +3.597574e-14
54 +0 +0 +0 -2.354931e-14
55 +0 +0 +0 -5.436375e-14
56 +0 +0 +0 -4.497215e-14
57 +0 +0 +0 +7.501511e-14
58 +0 +0 +0 +1.419376e-13
59 +0 +0 +0 +1.271523e-13
60 +0 +0 +0 +8.954065e-14
61 +0 +0 +0 +1.069242e-13
62 +0 +0 +0 +5.515808e-14
63 +0 +0 +0 +4.368153e-14
