0 +0 +0 +0 +1.299986e-08
1 +0 +0 +0 +2.413887e-08
2 +0 +0 +0 +1.370933e-08
3 +0 +0 +0 +7.817123e-09
4 +0 +0 +0 +4.803617e-09
5 +0 +0 +0 +3.147543e-09
6 +0 +0 +0 +2.043467e-09
7 +0 +0 +0 +1.309061e-09
8 +0 +0 +0 +8.789828e-10
9 +0 +0 +0 +5.785590e-10
10 +0 +0 +0 +3.895483e-10
11 +0 +0 +0 +2.626018e-10
12 +0 +0 +0 +1.801744e-10
13 +0 +0 +0 +1.236107e-10
14 +0 +0 +0 +8.717957e-11
15 +0 +0 +0 +6.090559e-11
16 +0 +0 +0 +4.588285e-11
17 +0 +0 +0 +3.167689e-11
18 +0 +0 +0 +2.222730e-11
19 +0 +0 +0 +1.629773e-11
20 +0 +0 +0 +1.307863e-11
21 +0 +0 +0 +9.087579e-12
22 +0 +0 +0 +6.857196e-12
23 +0 +0 +0 +4.425812e-12
24 +0 +0 +0 +2.852219e-12
25 +0 +0 +0 +1.364825e-12
26 +0 +0 +0 +7.946124e-13
27 +0 +0 +0 +3.557858e-13
28 +0 +0 +0 +3.749404e-13
29 +0 +0 +0 +1.418550e-13
30 +0 +0 +0 +6.656790e-13
31 +0 +0 +0 +1.045525e-12
32 +0 +0 +0 +6.545903e-13
33 +0 +0 +0 +7.075868e-13
34 +0 +0 +0 +5.196062e-13
35 +0 +0 +0 +3.007166e-13
36 +0 +0 +0 -2.537625e-14
37 +0 +0 +0 -1.729115e-13
38 +0 +0 +0 -6.161108e-13
39 +0 +0 +0 -2.497156e-13
40 +0 +0 +0 -3.554280e-13
41 +0 +0 +0 -2.565466e-13
42 +0 +0 +0 -2.756724e-13
43 +0 +0 +0 -2.462812e-13
44 +0 +0 +0 -3.452257e-13
45 +0 +0 +0 -6.063109e-13
46 +0 +0 +0 -4.339945e-13
47 +0 +0 +0 -4.416576e-13
48 +0 +0 +0 -3.687439e-13
49 +0 +0 +0 -2.490524e-13
50 +0 +0 +0 -2.552616e-13
51 +0 +0 +0 -2.095454e-13
52 +0 +0 +0 -1.703696e-13
53 +0 +0 +0 -1.227817e-13
54 +0 +0 +0 -8.425549e-14
55 +0 +0 +0 +5.981998e-14
56 +0 +0 +0 +2.541087e-14
57 +0 +0 +0 -1.114416e-13
58 +0 +0 +0 -1.669751e-13
59 +0 +0 +0 -6.387824e-14
60 +0 +0 +0 +6.835475e-16
61 +0 +0 +0 -1.661723e-14
62 +0 +0 +0 -1.004476e-13
63 +0 +0 +0 -1.908029e-14
