0 +0 +0 +0 +1.307562e-08
1 +0 +0 +0 +2.395021e-08
2 +0 +0 +0 +1.331737e-08
3 +0 +0 +0 +7.959082e-09
4 +0 +0 +0 +4.884624e-09
5 +0 +0 +0 +3.116919e-09
6 +0 +0 +0 +2.035689e-09
7 +0 +0 +0 +1.318018e-09
8 +0 +0 +0 +8.754988e-10
9 +0 +0 +0 +5.659098e-10
10 +0 +0 +0 +3.798376e-10
11 +0 +0 +0 +2.520049e-10
12 +0 +0 +0 +1.759742e-10
13 +0 +0 +0 +1.158002e-10
14 +0 +0 +0 +8.104658e-11
15 +0 +0 +0 +5.561789e-11
16 +0 +0 +0 +3.974674e-11
17 +0 +0 +0 +2.546841e-11
18 +0 +0 +0 +1.294779e-11
19 +0 +0 +0 +9.425398e-12
20 +0 +0 +0 +6.753210e-12
21 +0 +0 +0 +4.289546e-12
22 +0 +0 +0 +2.613194e-12
23 +0 +0 +0 +2.905735e-12
24 +0 +0 +0 +1.516606e-12
25 +0 +0 +0 +6.734694e-13
26 +0 +0 +0 +4.428039e-13
27 +0 +0 +0 +1.634188e-12
28 +0 +0 +0 +1.674136e-12
29 +0 +0 +0 +1.128856e-12
30 +0 +0 +0 +1.262410e-12
31 +0 +0 +0 +1.533550e-12
32 +0 +0 +0 +1.646654e-12
33 +0 +0 +0 +1.565506e-12
34 +0 +0 +0 +1.159182e-12
35 +0 +0 +0 +6.604384e-13
36 +0 +0 +0 +6.009529e-13
37 +0 +0 +0 +3.469992e-13
38 +0 +0 +0 +7.170610e-14
39 +0 +0 +0 +1.708566e-13
40 +0 +0 +0 +1.108314e-13
41 +0 +0 +0 +2.164944e-13
42 +0 +0 +0 +3.306075e-13
43 +0 +0 +0 +2.847901e-13
44 +0 +0 +0 +1.098513e-13
45 +0 +0 +0 +1.257492e-13
46 +0 +0 +0 +2.728197e-13
47 +0 +0 +0 +2.129484e-13
48 +0 +0 +0 +5.819751e-14
49 +0 +0 +0 -1.465835e-14
50 +0 +0 +0 -9.856173e-14
51 +0 +0 +0 -3.153963e-14
52 +0 +0 +0 -8.427267e-14
53 +0 +0 +0 -9.534050e-14
54 +0 +0 +0 -1.544211e-13
55 +0 +0 +0 -1.808362e-13
56 +0 +0 +0 -1.308924e-13
57 +0 +0 +0 -1.692811e-13
58 +0 +0 +0 -2.085046e-13
59 +0 +0 +0 -1.888973e-13
60 +0 +0 +0 -1.958065e-13
61 +0 +0 +0 -1.389343e-13
62 +0 +0 +0 -1.808236e-13
63 +0 +0 +0 -1.629932e-13
