0 +0 +0 +0 +1.251352e-08
1 +0 +0 +0 +2.393480e-08
2 +0 +0 +0 +1.327288e-08
3 +0 +0 +0 +8.062566e-09
4 +0 +0 +0 +4.880549e-09
5 +0 +0 +0 +3.167257e-09
6 +0 +0 +0 +2.057987e-09
7 +0 +0 +0 +1.342108e-09
8 +0 +0 +0 +9.044493e-10
9 +0 +0 +0 +5.981839e-10
10 +0 +0 +0 +3.972710e-10
11 +0 +0 +0 +2.701756e-10
12 +0 +0 +0 +1.843743e-10
13 +0 +0 +0 +1.277584e-10
14 +0 +0 +0 +8.354852e-11
15 +0 +0 +0 +5.848392e-11
16 +0 +0 +0 +3.695690e-11
17 +0 +0 +0 +2.200499e-11
18 +0 +0 +0 +1.674690e-11
19 +0 +0 +0 +1.198208e-11
20 +0 +0 +0 +9.061367e-12
21 +0 +0 +0 +5.748625e-12
22 +0 +0 +0 +4.940731e-12
23 +0 +0 +0 +3.362329e-12
24 +0 +0 +0 +3.511954e-12
25 +0 +0 +0 +2.576109e-12
26 +0 +0 +0 +3.383266e-13
27 +0 +0 +0 +8.314602e-13
28 +0 +0 +0 -3.502645e-13
29 +0 +0 +0 +6.758088e-13
30 +0 +0 +0 +8.139076e-13
31 +0 +0 +0 +5.837052e-13
32 +0 +0 +0 +3.091928e-13
33 +0 +0 +0 -3.110319e-13
34 +0 +0 +0 +9.124405e-14
35 +0 +0 +0 -1.692124e-13
36 +0 +0 +0 -1.309703e-13
37 +0 +0 +0 -2.137515e-13
38 +0 +0 +0 -3.080039e-13
39 +0 +0 +0 -2.716944e-13
40 +0 +0 +0 -3.430362e-13
41 +0 +0 +0 -8.744211e-14
42 +0 +0 +0 +1.273022e-13
43 +0 +0 +0 +3.018741e-13
44 +0 +0 +0 +2.654935e-13
45 +0 +0 +0 +3.206541e-14
46 +0 +0 +0 +1.632775e-13
47 +0 +0 +0 -1.176274e-14
48 +0 +0 +0 -1.848831e-14
49 +0 +0 +0 -1.222029e-13
50 +0 +0 +0 -1.066550e-13
51 +0 +0 +0 -1.189256e-13
52 +0 +0 +0 -8.570248e-14
53 +0 +0 +0 -9.266067e-14
54 +0 +0 +0 -2.098982e-13
55 +0 +0 +0 -5.994523e-14
56 +0 +0 +0 -5.416211e-15
57 +0 +0 +0 -7.129768e-14
58 +0 +0 +0 -6.394789e-14
59 +0 +0 +0 +2.036597e-14
60 +0 +0 +0 +1.854793e-14
61 +0 +0 +0 -1.639917e-14
62 +0 +0 +0 -1.131327e-14
63 +0 +0 +0 -3.046361e-14
