0 +0 +0 +0 +1.283481e-08
1 +0 +0 +0 +2.417434e-08
2 +0 +0 +0 +1.343218e-08
3 +0 +0 +0 +7.777259e-09
4 +0 +0 +0 +4.862952e-09
5 +0 +0 +0 +3.026330e-09
6 +0 +0 +0 +2.003179e-09
7 +0 +0 +0 +1.298434e-09
8 +0 +0 +0 +8.517441e-10
9 +0 +0 +0 +5.778141e-10
10 +0 +0 +0 +3.892280e-10
11 +0 +0 +0 +2.589996e-10
12 +0 +0 +0 +1.831587e-10
13 +0 +0 +0 +1.195600e-10
14 +0 +0 +0 +7.976267e-11
15 +0 +0 +0 +5.244377e-11
16 +0 +0 +0 +3.601472e-11
17 +0 +0 +0 +2.409787e-11
18 +0 +0 +0 +1.845622e-11
19 +0 +0 +0 +1.147247e-11
20 +0 +0 +0 +7.415231e-12
21 +0 +0 +0 +7.059764e-12
22 +0 +0 +0 +5.013695e-12
23 +0 +0 +0 +3.114895e-12
24 +0 +0 +0 +2.406302e-12
25 +0 +0 +0 +4.174358e-13
26 +0 +0 +0 +1.864349e-12
27 +0 +0 +0 +3.760835e-13
28 +0 +0 +0 +9.248701e-13
29 +0 +0 +0 +3.346039e-13
30 +0 +0 +0 +7.446988e-13
31 +0 +0 +0 +9.194888e-13
32 +0 +0 +0 +4.253659e-13
33 +0 +0 +0 +4.879662e-13
34 +0 +0 +0 +4.377081e-13
35 +0 +0 +0 +5.962615e-13
36 +0 +0 +0 +9.351113e-13
37 +0 +0 +0 +7.414323e-13
38 +0 +0 +0 +6.197486e-13
39 +0 +0 +0 +8.695222e-13
40 +0 +0 +0 +9.877426e-13
41 +0 +0 +0 +6.994233e-13
42 +0 +0 +0 +7.545277e-13
43 +0 +0 +0 +5.786940e-13
44 +0 +0 +0 +3.655601e-13
45 +0 +0 +0 +3.786159e-13
46 +0 +0 +0 +7.223712e-14
47 +0 +0 +0 -5.990022e-14
48 +0 +0 +0 -1.627524e-13
49 +0 +0 +0 -1.062348e-13
50 +0 +0 +0 -1.637579e-13
51 +0 +0 +0 -1.563101e-13
52 +0 +0 +0 -2.121682e-13
53 +0 +0 +0 -2.203523e-13
54 +0 +0 +0 -1.708975e-13
55 +0 +0 +0 -4.785203e-15
56 +0 +0 +0 +8.446642e-15
57 +0 +0 +0 +1.909283e-14
58 +0 +0 +0 +3.219417e-14
59 +0 +0 +0 -4.773305e-14
60 +0 +0 +0 -4.515173e-14
61 +0 +0 +0 -1.344209e-13
62 +0 +0 +0 -6.346726e-14
63 +0 +0 +0 -1.354144e-13
