0 +0 +0 +0 +1.326766e-08
1 +0 +0 +0 +2.415722e-08
2 +0 +0 +0 +1.376081e-08
3 +0 +0 +0 +7.957576e-09
4 +0 +0 +0 +4.860027e-09
5 +0 +0 +0 +3.055112e-09
6 +0 +0 +0 +2.010260e-09
7 +0 +0 +0 +1.317485e-09
8 +0 +0 +0 +8.873048e-10
9 +0 +0 +0 +5.662566e-10
10 +0 +0 +0 +3.680883e-10
11 +0 +0 +0 +2.480123e-10
12 +0 +0 +0 +1.663095e-10
13 +0 +0 +0 +1.082926e-10
14 +0 +0 +0 +6.442060e-11
15 +0 +0 +0 +4.466981e-11
16 +0 +0 +0 +2.868879e-11
17 +0 +0 +0 +2.188883e-11
18 +0 +0 +0 +1.388660e-11
19 +0 +0 +0 +1.238210e-11
20 +0 +0 +0 +1.067109e-11
21 +0 +0 +0 +7.766003e-12
22 +0 +0 +0 +7.082016e-12
23 +0 +0 +0 +4.164741e-12
24 +0 +0 +0 +2.380110e-12
25 +0 +0 +0 +2.871991e-12
26 +0 +0 +0 +1.898314e-12
27 +0 +0 +0 +2.077549e-12
28 +0 +0 +0 +1.427242e-12
29 +0 +0 +0 +1.521628e-12
30 +0 +0 +0 +2.097131e-12
31 +0 +0 +0 +1.016233e-12
32 +0 +0 +0 +3.971619e-13
33 +0 +0 +0 -1.198579e-13
34 +0 +0 +0 -3.428504e-13
35 +0 +0 +0 -4.595191e-13
36 +0 +0 +0 -2.574191e-13
37 +0 +0 +0 -1.000262e-13
38 +0 +0 +0 -1.795438e-13
39 +0 +0 +0 +1.280256e-13
40 +0 +0 +0 +1.365927e-13
41 +0 +0 +0 +2.799535e-13
42 +0 +0 +0 -7.032252e-15
43 +0 +0 +0 +7.656785e-14
44 +0 +0 +0 +1.910654e-14
45 +0 +0 +0 +1.148997e-13
46 +0 +0 +0 +1.767120e-13
47 +0 +0 +0 -4.106937e-14
48 +0 +0 +0 -9.942502e-14
49 +0 +0 +0 -1.049057e-13
50 +0 +0 +0 +4.673409e-14
51 +0 +0 +0 +8.110640e-14
52 +0 +0 +0 +3.614884e-16
53 +0 +0 +0 -9.519887e-14
54 +0 +0 +0 -5.098171e-14
55 +0 +0 +0 +5.318804e-14
56 +0 +0 +0 +1.098317e-13
57 +0 +0 +0 +1.312214e-13
58 +0 +0 +0 +1.109032e-13
59 +0 +0 +0 +9.225417e-14
60 +0 +0 +0 +6.001393e-14
61 +0 +0 +0 +6.286934e-14
62 +0 +0 +0 +4.517335e-14
63 +0 +0 +0 +4.508335e-14
