0 +0 +0 +0 +1.254762e-08
1 +0 +0 +0 +2.348002e-08
2 +0 +0 +0 +1.298844e-08
3 +0 +0 +0 +7.711500e-09
4 +0 +0 +0 +4.774954e-09
5 +0 +0 +0 +3.031170e-09
6 +0 +0 +0 +1.974780e-09
7 +0 +0 +0 +1.283359e-09
8 +0 +0 +0 +8.653099e-10
9 +0 +0 +0 +5.616873e-10
10 +0 +0 +0 +3.819832e-10
11 +0 +0 +0 +2.678983e-10
12 +0 +0 +0 +1.810002e-10
13 +0 +0 +0 +1.269645e-10
14 +0 +0 +0 +8.875308e-11
15 +0 +0 +0 +6.178437e-11
16 +0 +0 +0 +4.422399e-11
17 +0 +0 +0 +3.348976e-11
18 +0 +0 +0 +2.359212e-11
19 +0 +0 +0 +1.739915e-11
20 +0 +0 +0 +1.200116e-11
21 +0 +0 +0 +6.802010e-12
22 +0 +0 +0 +5.849634e-12
23 +0 +0 +0 +3.456351e-12
24 +0 +0 +0 +3.206580e-12
25 +0 +0 +0 +1.502409e-12
26 +0 +0 +0 +1.498490e-12
27 +0 +0 +0 +9.315287e-13
28 +0 +0 +0 +4.173204e-13
29 +0 +0 +0 -1.497548e-13
30 +0 +0 +0 +2.179870e-13
31 +0 +0 +0 -4.931952e-14
32 +0 +0 +0 -8.710346e-14
33 +0 +0 +0 -2.537959e-13
34 +0 +0 +0 -2.324020e-13
35 +0 +0 +0 -2.788498e-13
36 +0 +0 +0 -1.039139e-13
37 +0 +0 +0 +3.219135e-13
38 +0 +0 +0 +3.840205e-13
39 +0 +0 +0 +6.845265e-13
40 +0 +0 +0 +3.048335e-13
41 +0 +0 +0 +3.400461e-13
42 +0 +0 +0 +2.027512e-13
43 +0 +0 +0 +5.709048e-14
44 +0 +0 +0 +1.730665e-13
45 +0 +0 +0 +1.852609e-13
46 +0 +0 +0 +2.258505e-13
47 +0 +0 +0 +8.767749e-14
48 +0 +0 +0 -2.964725e-14
49 +0 +0 +0 -5.509950e-14
50 +0 +0 +0 +7.245829e-14
51 +0 +0 +0 +2.337111e-15
52 +0 +0 +0 +4.054812e-14
53 +0 +0 +0 +1.986812e-13
54 +0 +0 +0 +1.176291e-13
55 +0 +0 +0 +7.230195e-14
56 +0 +0 +0 +1.066948e-13
57 +0 +0 +0 +1.025835e-13
58 +0 +0 +0 +4.706365e-15
59 +0 +0 +0 +2.302550e-14
60 +0 +0 +0 -1.578216e-14
61 +0 +0 +0 -7.278276e-14
62 +0 +0 +0 -4.153716e-14
63 +0 +0 +0 +2.975290e-14
