0 +0 +0 +0 +1.320229e-08
1 +0 +0 +0 +2.350788e-08
2 +0 +0 +0 +1.314677e-08
3 +0 +0 +0 +7.542051e-09
4 +0 +0 +0 +4.621796e-09
5 +0 +0 +0 +2.984090e-09
6 +0 +0 +0 +1.932997e-09
7 +0 +0 +0 +1.260078e-09
8 +0 +0 +0 +8.277605e-10
9 +0 +0 +0 +5.317599e-10
10 +0 +0 +0 +3.510598e-10
11 +0 +0 +0 +2.395720e-10
12 +0 +0 +0 +1.569441e-10
13 +0 +0 +0 +1.066043e-10
14 +0 +0 +0 +7.373441e-11
15 +0 +0 +0 +4.973673e-11
16 +0 +0 +0 +3.456981e-11
17 +0 +0 +0 +2.234099e-11
18 +0 +0 +0 +1.434811e-11
19 +0 +0 +0 +1.008756e-11
20 +0 +0 +0 +7.685456e-12
21 +0 +0 +0 +5.082821e-12
22 +0 +0 +0 +4.381303e-12
23 +0 +0 +0 +3.483695e-12
24 +0 +0 +0 +1.808077e-12
25 +0 +0 +0 +3.897510e-13
26 +0 +0 +0 +1.009106e-12
27 +0 +0 +0 +5.309579e-13
28 +0 +0 +0 +1.014207e-12
29 +0 +0 +0 +1.083880e-12
30 +0 +0 +0 +1.207096e-12
31 +0 +0 +0 +1.065289e-12
32 +0 +0 +0 +8.315770e-13
33 +0 +0 +0 +4.679066e-13
34 +0 +0 +0 +5.073933e-13
35 +0 +0 +0 +1.603002e-13
36 +0 +0 +0 +6.032650e-13
37 +0 +0 +0 +5.437307e-13
38 +0 +0 +0 +6.326292e-13
39 +0 +0 +0 +3.288848e-13
40 +0 +0 +0 +2.099366e-13
41 +0 +0 +0 +6.657643e-14
42 +0 +0 +0 -6.332028e-14
43 +0 +0 +0 +3.467728e-15
44 +0 +0 +0 -1.323085e-13
45 +0 +0 +0 -2.527338e-13
46 +0 +0 +0 -1.456019e-13
47 +0 +0 +0 -1.082883e-13
48 +0 +0 +0 -7.226864e-14
49 +0 +0 +0 -1.657019e-13
50 +0 +0 +0 -1.204176e-13
51 +0 +0 +0 -6.684760e-15
52 +0 +0 +0 -1.207375e-13
53 +0 +0 +0 -1.181898e-13
54 +0 +0 +0 -1.371212e-13
55 +0 +0 +0 -1.901029e-13
56 +0 +0 +0 -6.375376e-14
57 +0 +0 +0 -8.771858e-14
58 +0 +0 +0 -8.135439e-15
59 +0 +0 +0 -4.626485e-17
60 +0 +0 +0 -3.182330e-14
61 +0 +0 +0 -2.232560e-14
62 +0 +0 +0 +3.073651e-14
63 +0 +0 +0 +1.087285e-13
