0 +0 +0 +0 +1.315374e-08
1 +0 +0 +0 +2.349366e-08
2 +0 +0 +0 +1.326191e-08
3 +0 +0 +0 +7.833982e-09
4 +0 +0 +0 +4.734699e-09
5 +0 +0 +0 +3.038783e-09
6 +0 +0 +0 +2.009914e-09
7 +0 +0 +0 +1.297560e-09
8 +0 +0 +0 +8.668019e-10
9 +0 +0 +0 +5.888425e-10
10 +0 +0 +0 +3.957423e-10
11 +0 +0 +0 +2.560052e-10
12 +0 +0 +0 +1.722726e-10
13 +0 +0 +0 +1.132488e-10
14 +0 +0 +0 +7.243092e-11
15 +0 +0 +0 +5.283383e-11
16 +0 +0 +0 +3.143309e-11
17 +0 +0 +0 +2.617258e-11
18 +0 +0 +0 +1.446060e-11
19 +0 +0 +0 +9.151169e-12
20 +0 +0 +0 +5.259961e-12
21 +0 +0 +0 +4.296013e-12
22 +0 +0 +0 +1.276407e-12
23 +0 +0 +0 -9.059382e-13
24 +0 +0 +0 -1.477057e-12
25 +0 +0 +0 -1.565867e-12
26 +0 +0 +0 -5.822549e-13
27 +0 +0 +0 -2.862855e-13
28 +0 +0 +0 +6.265549e-13
29 +0 +0 +0 +1.208469e-12
30 +0 +0 +0 +5.154676e-13
31 +0 +0 +0 +6.653673e-13
32 +0 +0 +0 +4.771649e-13
33 +0 +0 +0 +1.287039e-12
34 +0 +0 +0 +1.071600e-12
35 +0 +0 +0 +9.812889e-13
36 +0 +0 +0 +7.639477e-13
37 +0 +0 +0 +7.825747e-13
38 +0 +0 +0 +4.399315e-13
39 +0 +0 +0 +5.171288e-13
40 +0 +0 +0 +3.876257e-13
41 +0 +0 +0 +5.745999e-13
42 +0 +0 +0 +5.344200e-14
43 +0 +0 +0 +1.171937e-13
44 +0 +0 +0 +1.341094e-14
45 +0 +0 +0 -3.103699e-14
46 +0 +0 +0 -7.761552e-14
47 +0 +0 +0 -1.669491e-13
48 +0 +0 +0 -1.276008e-13
49 +0 +0 +0 -2.183571e-13
50 +0 +0 +0 -6.821183e-14
51 +0 +0 +0 -1.762287e-13
52 +0 +0 +0 -1.120860e-13
53 +0 +0 +0 -1.931056e-13
54 +0 +0 +0 -1.113234e-13
55 +0 +0 +0 -1.092698e-13
56 +0 +0 +0 +3.862763e-14
57 +0 +0 +0 -7.003815e-14
58 +0 +0 +0 +3.688916e-14
59 +0 +0 +0 +1.040057e-13
60 +0 +0 +0 -4.778933e-14
61 +0 +0 +0 -1.453637e-13
62 +0 +0 +0 -1.988930e-13
63 +0 +0 +0 -8.470520e-14
