0 +0 +0 +0 +1.368092e-08
1 +0 +0 +0 +2.484419e-08
2 +0 +0 +0 +1.400819e-08
3 +0 +0 +0 +8.317122e-09
4 +0 +0 +0 +5.185909e-09
5 +0 +0 +0 +3.335342e-09
6 +0 +0 +0 +2.164917e-09
7 +0 +0 +0 +1.388784e-09
8 +0 +0 +0 +9.237945e-10
9 +0 +0 +0 +5.949973e-10
10 +0 +0 +0 +3.924931e-10
11 +0 +0 +0 +2.710239e-10
12 +0 +0 +0 +1.826916e-10
13 +0 +0 +0 +1.214621e-10
14 +0 +0 +0 +8.152788e-11
15 +0 +0 +0 +5.013687e-11
16 +0 +0 +0 +3.778699e-11
17 +0 +0 +0 +2.545345e-11
18 +0 +0 +0 +1.765741e-11
19 +0 +0 +0 +1.348284e-11
20 +0 +0 +0 +8.508080e-12
21 +0 +0 +0 +6.725000e-12
22 +0 +0 +0 +3.504830e-12
23 +0 +0 +0 +3.722370e-12
24 +0 +0 +0 +3.626575e-12
25 +0 +0 +0 +1.338613e-12
26 +0 +0 +0 +1.421813e-12
27 +0 +0 +0 +1.485417e-12
28 +0 +0 +0 +1.726573e-12
29 +0 +0 +0 +1.623683e-12
30 +0 +0 +0 +8.943640e-13
31 +0 +0 +0 +6.284656e-13
32 +0 +0 +0 +1.350709e-13
33 +0 +0 +0 +3.200144e-13
34 +0 +0 +0 +1.560643e-13
35 +0 +0 +0 +4.706110e-13
36 +0 +0 +0 +9.436644e-14
37 +0 +0 +0 +1.489271e-13
38 +0 +0 +0 +2.246261e-13
39 +0 +0 +0 +5.603835e-13
40 +0 +0 +0 +1.739665e-13
41 +0 +0 +0 +6.491945e-14
42 +0 +0 +0 -2.144354e-13
43 +0 +0 +0 -1.012759e-13
44 +0 +0 +0 -1.350264e-13
45 +0 +0 +0 -2.087218e-13
46 +0 +0 +0 -1.625804e-13
47 +0 +0 +0 -1.431751e-13
48 +0 +0 +0 +1.418903e-14
49 +0 +0 +0 -1.286867e-13
50 +0 +0 +0 -1.523662e-13
51 +0 +0 +0 -1.759399e-13
52 +0 +0 +0 -1.986239e-13
53 +0 +0 +0 -1.426913e-13
54 +0 +0 +0 -9.256336e-14
55 +0 +0 +0 -1.425939e-13
56 +0 +0 +0 -1.695681e-13
57 +0 +0 +0 -1.812136e-13
58 +0 +0 +0 -2.332515e-13
59 +0 +0 +0 -2.422274e-13
60 +0 +0 +0 -8.952665e-14
61 +0 +0 +0 -5.334475e-14
62 +0 +0 +0 -2.961003e-14
63 +0 +0 +0 +7.155377e-14
