0 +0 +0 +0 +1.274868e-08
1 +0 +0 +0 +2.331057e-08
2 +0 +0 +0 +1.319926e-08
3 +0 +0 +0 +7.811443e-09
4 +0 +0 +0 +4.748732e-09
5 +0 +0 +0 +3.102690e-09
6 +0 +0 +0 +2.029161e-09
7 +0 +0 +0 +1.308642e-09
8 +0 +0 +0 +8.711548e-10
9 +0 +0 +0 +5.809387e-10
10 +0 +0 +0 +3.926776e-10
11 +0 +0 +0 +2.612936e-10
12 +0 +0 +0 +1.829874e-10
13 +0 +0 +0 +1.195551e-10
14 +0 +0 +0 +8.436479e-11
15 +0 +0 +0 +6.163764e-11
16 +0 +0 +0 +3.928733e-11
17 +0 +0 +0 +2.763523e-11
18 +0 +0 +0 +1.959920e-11
19 +0 +0 +0 +1.299126e-11
20 +0 +0 +0 +1.008250e-11
21 +0 +0 +0 +6.934432e-12
22 +0 +0 +0 +3.971194e-12
23 +0 +0 +0 +4.919692e-12
24 +0 +0 +0 +4.042041e-12
25 +0 +0 +0 +3.298621e-12
26 +0 +0 +0 +1.700121e-12
27 +0 +0 +0 +1.600474e-12
28 +0 +0 +0 +8.769783e-13
29 +0 +0 +0 +5.026419e-13
30 +0 +0 +0 +7.879256e-13
31 +0 +0 +0 +1.031124e-12
32 +0 +0 +0 +1.093061e-12
33 +0 +0 +0 +4.508388e-13
34 +0 +0 +0 +1.152502e-13
35 +0 +0 +0 +4.168160e-13
36 +0 +0 +0 +4.768432e-13
37 +0 +0 +0 +9.078650e-13
38 +0 +0 +0 +6.375991e-13
39 +0 +0 +0 +3.263910e-13
40 +0 +0 +0 +2.082767e-13
41 +0 +0 +0 +2.395844e-13
42 +0 +0 +0 +3.532641e-14
43 +0 +0 +0 -1.210592e-13
44 +0 +0 +0 -1.102473e-13
45 +0 +0 +0 +8.248753e-14
46 +0 +0 +0 -1.555131e-13
47 +0 +0 +0 -2.281778e-13
48 +0 +0 +0 -1.860268e-13
49 +0 +0 +0 -5.008440e-14
50 +0 +0 +0 -7.184856e-14
51 +0 +0 +0 -3.373781e-14
52 +0 +0 +0 -3.222357e-14
53 +0 +0 +0 -1.000278e-13
54 +0 +0 +0 +7.910867e-14
55 +0 +0 +0 -1.079542e-14
56 +0 +0 +0 +5.403089e-14
57 +0 +0 +0 +6.812586e-14
58 +0 +0 +0 +1.152548e-13
59 +0 +0 +0 +1.311527e-13
60 +0 +0 +0 +9.792518e-14
61 +0 +0 +0 +1.035860e-14
62 +0 +0 +0 +1.801732e-14
63 +0 +0 +0 +4.342542e-14
