0 +0 +0 +0 +1.271090e-08
1 +0 +0 +0 +2.452729e-08
2 +0 +0 +0 +1.377359e-08
3 +0 +0 +0 +7.951541e-09
4 +0 +0 +0 +4.928092e-09
5 +0 +0 +0 +3.091134e-09
6 +0 +0 +0 +1.980367e-09
7 +0 +0 +0 +1.315832e-09
8 +0 +0 +0 +8.500525e-10
9 +0 +0 +0 +5.453756e-10
10 +0 +0 +0 +3.513920e-10
11 +0 +0 +0 +2.531531e-10
12 +0 +0 +0 +1.730137e-10
13 +0 +0 +0 +1.181095e-10
14 +0 +0 +0 +7.846157e-11
15 +0 +0 +0 +5.427792e-11
16 +0 +0 +0 +3.537269e-11
17 +0 +0 +0 +2.337421e-11
18 +0 +0 +0 +1.715087e-11
19 +0 +0 +0 +1.167541e-11
20 +0 +0 +0 +6.737812e-12
21 +0 +0 +0 +5.317748e-12
22 +0 +0 +0 +2.946975e-12
23 +0 +0 +0 +3.230044e-12
24 +0 +0 +0 +2.421618e-12
25 +0 +0 +0 +1.726406e-12
26 +0 +0 +0 +1.823580e-13
27 +0 +0 +0 +1.297957e-13
28 +0 +0 +0 -5.967020e-13
29 +0 +0 +0 +7.466397e-13
30 +0 +0 +0 +2.452887e-13
31 +0 +0 +0 +1.475866e-13
32 +0 +0 +0 -1.407511e-14
33 +0 +0 +0 +2.997296e-14
34 +0 +0 +0 +5.678011e-13
35 +0 +0 +0 +2.473554e-13
36 +0 +0 +0 +2.972984e-13
37 +0 +0 +0 +2.575445e-13
38 +0 +0 +0 -1.587579e-13
39 +0 +0 +0 -3.293683e-13
40 +0 +0 +0 -1.916344e-13
41 +0 +0 +0 -3.605480e-13
42 +0 +0 +0 -2.722849e-13
43 +0 +0 +0 -1.563719e-13
44 +0 +0 +0 -2.168916e-13
45 +0 +0 +0 -3.625574e-13
46 +0 +0 +0 -1.039704e-13
47 +0 +0 +0 -3.062403e-13
48 +0 +0 +0 -1.434387e-13
49 +0 +0 +0 -7.820747e-14
50 +0 +0 +0 -8.288404e-14
51 +0 +0 +0 -1.160484e-13
52 +0 +0 +0 -7.972838e-14
53 +0 +0 +0 -8.828608e-14
54 +0 +0 +0 -1.587289e-13
55 +0 +0 +0 -9.967906e-14
56 +0 +0 +0 +3.240425e-14
57 +0 +0 +0 -1.117016e-13
58 +0 +0 +0 -5.979630e-14
59 +0 +0 +0 -6.930445e-14
60 +0 +0 +0 -2.267325e-14
61 +0 +0 +0 -1.122882e-15
62 +0 +0 +0 -7.269803e-14
63 +0 +0 +0 -7.053905e-14
