0 +0 +0 +0 +1.365821e-08
1 +0 +0 +0 +2.434041e-08
2 +0 +0 +0 +1.352590e-08
3 +0 +0 +0 +7.946956e-09
4 +0 +0 +0 +4.941861e-09
5 +0 +0 +0 +3.154212e-09
6 +0 +0 +0 +2.097359e-09
7 +0 +0 +0 +1.383082e-09
8 +0 +0 +0 +9.257004e-10
9 +0 +0 +0 +6.284550e-10
10 +0 +0 +0 +4.323647e-10
11 +0 +0 +0 +3.016539e-10
12 +0 +0 +0 +1.989272e-10
13 +0 +0 +0 +1.412519e-10
14 +0 +0 +0 +9.943432e-11
15 +0 +0 +0 +7.033089e-11
16 +0 +0 +0 +4.947493e-11
17 +0 +0 +0 +3.483548e-11
18 +0 +0 +0 +2.390615e-11
19 +0 +0 +0 +1.885214e-11
20 +0 +0 +0 +1.057926e-11
21 +0 +0 +0 +8.188589e-12
22 +0 +0 +0 +6.127016e-12
23 +0 +0 +0 +3.662231e-12
24 +0 +0 +0 +1.033537e-12
25 +0 +0 +0 +5.199683e-13
26 +0 +0 +0 +6.151267e-13
27 +0 +0 +0 +4.089995e-13
28 +0 +0 +0 -2.323568e-13
29 +0 +0 +0 +3.728069e-13
30 +0 +0 +0 +3.739675e-13
31 +0 +0 +0 +7.594592e-13
32 +0 +0 +0 +1.075707e-12
33 +0 +0 +0 +1.079545e-12
34 +0 +0 +0 +4.897077e-13
35 +0 +0 +0 +2.489181e-13
36 +0 +0 +0 +2.385348e-13
37 +0 +0 +0 -1.820415e-13
38 +0 +0 +0 +1.150568e-13
39 +0 +0 +0 -3.437960e-14
40 +0 +0 +0 +4.727540e-16
41 +0 +0 +0 +1.267444e-13
42 +0 +0 +0 +1.233468e-13
43 +0 +0 +0 +8.554242e-14
44 +0 +0 +0 +3.921814e-14
45 +0 +0 +0 +1.624771e-14
46 +0 +0 +0 +4.461292e-15
47 +0 +0 +0 +6.015598e-14
48 +0 +0 +0 -2.925748e-14
49 +0 +0 +0 -1.419582e-13
50 +0 +0 +0 +8.341554e-15
51 +0 +0 +0 -1.650550e-14
52 +0 +0 +0 -3.041563e-15
53 +0 +0 +0 -2.115892e-14
54 +0 +0 +0 +3.056851e-14
55 +0 +0 +0 +5.104503e-14
56 +0 +0 +0 +1.209019e-13
57 +0 +0 +0 +1.598908e-13
58 +0 +0 +0 +1.712295e-13
59 +0 +0 +0 +1.441207e-13
60 +0 +0 +0 +1.171485e-13
61 +0 +0 +0 +1.136820e-13
62 +0 +0 +0 +1.076503e-13
63 +0 +0 +0 +9.680043e-14
