0 +0 +0 +0 +1.327840e-08
1 +0 +0 +0 +2.460533e-08
2 +0 +0 +0 +1.380608e-08
3 +0 +0 +0 +7.937373e-09
4 +0 +0 +0 +4.893123e-09
5 +0 +0 +0 +3.195401e-09
6 +0 +0 +0 +2.076864e-09
7 +0 +0 +0 +1.338078e-09
8 +0 +0 +0 +8.786742e-10
9 +0 +0 +0 +5.655312e-10
10 +0 +0 +0 +3.710951e-10
11 +0 +0 +0 +2.435918e-10
12 +0 +0 +0 +1.642795e-10
13 +0 +0 +0 +1.045294e-10
14 +0 +0 +0 +7.428236e-11
15 +0 +0 +0 +4.816479e-11
16 +0 +0 +0 +3.515871e-11
17 +0 +0 +0 +1.983459e-11
18 +0 +0 +0 +1.165150e-11
19 +0 +0 +0 +8.414705e-12
20 +0 +0 +0 +6.594216e-12
21 +0 +0 +0 +4.113611e-12
22 +0 +0 +0 +1.530604e-12
23 +0 +0 +0 +2.577957e-12
24 +0 +0 +0 +1.010354e-12
25 +0 +0 +0 +3.188994e-13
26 +0 +0 +0 +6.624502e-13
27 +0 +0 +0 -3.471977e-14
28 +0 +0 +0 +1.904937e-14
29 +0 +0 +0 -3.296697e-13
30 +0 +0 +0 -3.553838e-13
31 +0 +0 +0 -5.787457e-13
32 +0 +0 +0 -8.558290e-14
33 +0 +0 +0 -1.968558e-13
34 +0 +0 +0 -1.535184e-13
35 +0 +0 +0 -2.001727e-13
36 +0 +0 +0 -4.107723e-14
37 +0 +0 +0 -1.719903e-13
38 +0 +0 +0 -3.478567e-15
39 +0 +0 +0 +3.187987e-13
40 +0 +0 +0 +4.787253e-13
41 +0 +0 +0 +4.797765e-13
42 +0 +0 +0 +3.997764e-13
43 +0 +0 +0 +2.119354e-13
44 +0 +0 +0 +8.634481e-15
45 +0 +0 +0 -7.970423e-14
46 +0 +0 +0 +5.804735e-14
47 +0 +0 +0 +1.363429e-13
48 +0 +0 +0 +1.010844e-13
49 +0 +0 +0 -1.062366e-13
50 +0 +0 +0 -1.020487e-13
51 +0 +0 +0 +1.251153e-13
52 +0 +0 +0 +7.149191e-14
53 +0 +0 +0 +1.611194e-13
54 +0 +0 +0 +2.250554e-13
55 +0 +0 +0 +2.595466e-14
56 +0 +0 +0 +3.928335e-14
57 +0 +0 +0 -4.592840e-14
58 +0 +0 +0 -1.795653e-13
59 +0 +0 +0 -1.166453e-13
60 +0 +0 +0 -1.144140e-13
61 +0 +0 +0 -5.240334e-14
62 +0 +0 +0 -1.200858e-13
63 +0 +0 +0 -5.215517e-14
