0 +0 +0 +0 +1.362077e-08
1 +0 +0 +0 +2.494502e-08
2 +0 +0 +0 +1.385520e-08
3 +0 +0 +0 +8.318261e-09
4 +0 +0 +0 +5.198421e-09
5 +0 +0 +0 +3.276147e-09
6 +0 +0 +0 +2.108813e-09
7 +0 +0 +0 +1.382963e-09
8 +0 +0 +0 +8.954531e-10
9 +0 +0 +0 +5.881660e-10
10 +0 +0 +0 +4.004861e-10
11 +0 +0 +0 +2.667007e-10
12 +0 +0 +0 +1.812064e-10
13 +0 +0 +0 +1.166866e-10
14 +0 +0 +0 +8.322016e-11
15 +0 +0 +0 +5.437902e-11
16 +0 +0 +0 +3.510024e-11
17 +0 +0 +0 +2.393832e-11
18 +0 +0 +0 +1.606551e-11
19 +0 +0 +0 +1.192943e-11
20 +0 +0 +0 +9.939766e-12
21 +0 +0 +0 +7.612085e-12
22 +0 +0 +0 +3.843568e-12
23 +0 +0 +0 +1.898163e-12
24 +0 +0 +0 +5.517825e-13
25 +0 +0 +0 -1.152404e-13
26 +0 +0 +0 -2.950760e-13
27 +0 +0 +0 -7.170805e-13
28 +0 +0 +0 -1.166007e-12
29 +0 +0 +0 -6.513305e-13
30 +0 +0 +0 -1.677492e-13
31 +0 +0 +0 -6.440609e-13
32 +0 +0 +0 -8.150088e-13
33 +0 +0 +0 -9.533057e-13
34 +0 +0 +0 -5.156980e-13
35 +0 +0 +0 -6.894362e-13
36 +0 +0 +0 -5.947663e-13
37 +0 +0 +0 -3.136493e-13
38 +0 +0 +0 -3.597840e-13
39 +0 +0 +0 -5.278900e-13
40 +0 +0 +0 -6.899164e-13
41 +0 +0 +0 -5.618944e-13
42 +0 +0 +0 -4.267898e-13
43 +0 +0 +0 -1.857285e-13
44 +0 +0 +0 +1.628665e-14
45 +0 +0 +0 -9.953954e-14
46 +0 +0 +0 -3.809063e-13
47 +0 +0 +0 -3.052878e-13
48 +0 +0 +0 -1.624067e-13
49 +0 +0 +0 -6.282611e-14
50 +0 +0 +0 -1.027874e-13
51 +0 +0 +0 -1.880285e-13
52 +0 +0 +0 -1.025429e-13
53 +0 +0 +0 -1.039023e-13
54 +0 +0 +0 -2.707761e-13
55 +0 +0 +0 -1.682030e-13
56 +0 +0 +0 -1.915222e-13
57 +0 +0 +0 -1.173935e-13
58 +0 +0 +0 +4.061051e-14
59 +0 +0 +0 +3.378623e-14
60 +0 +0 +0 -3.064916e-14
61 +0 +0 +0 -5.648309e-15
62 +0 +0 +0 +4.886610e-14
63 +0 +0 +0 +6.989696e-14
