0 +0 +0 +0 +1.291818e-08
1 +0 +0 +0 +2.406750e-08
2 +0 +0 +0 +1.338192e-08
3 +0 +0 +0 +7.845000e-09
4 +0 +0 +0 +4.921958e-09
5 +0 +0 +0 +3.055476e-09
6 +0 +0 +0 +1.974246e-09
7 +0 +0 +0 +1.240234e-09
8 +0 +0 +0 +8.324273e-10
9 +0 +0 +0 +5.458465e-10
10 +0 +0 +0 +3.704832e-10
11 +0 +0 +0 +2.409785e-10
12 +0 +0 +0 +1.559431e-10
13 +0 +0 +0 +1.054242e-10
14 +0 +0 +0 +6.812779e-11
15 +0 +0 +0 +4.752242e-11
16 +0 +0 +0 +3.490566e-11
17 +0 +0 +0 +2.313386e-11
18 +0 +0 +0 +1.779138e-11
19 +0 +0 +0 +1.055286e-11
20 +0 +0 +0 +9.498567e-12
21 +0 +0 +0 +7.455379e-12
22 +0 +0 +0 +4.821305e-12
23 +0 +0 +0 +3.904842e-12
24 +0 +0 +0 +2.545385e-12
25 +0 +0 +0 +2.574657e-12
26 +0 +0 +0 +1.404534e-12
27 +0 +0 +0 +1.163144e-12
28 +0 +0 +0 +1.236399e-12
29 +0 +0 +0 +8.948462e-13
30 +0 +0 +0 +6.523711e-13
31 +0 +0 +0 +1.616799e-13
32 +0 +0 +0 +3.487527e-13
33 +0 +0 +0 -6.384552e-13
34 +0 +0 +0 -4.355351e-13
35 +0 +0 +0 -2.532591e-13
36 +0 +0 +0 -2.673401e-13
37 +0 +0 +0 -1.125422e-13
38 +0 +0 +0 -2.161828e-13
39 +0 +0 +0 -2.380362e-13
40 +0 +0 +0 -1.634514e-13
41 +0 +0 +0 -2.159588e-13
42 +0 +0 +0 -1.999504e-13
43 +0 +0 +0 -9.554510e-14
44 +0 +0 +0 -2.327084e-14
45 +0 +0 +0 -1.927926e-13
46 +0 +0 +0 -3.271969e-13
47 +0 +0 +0 -4.000600e-13
48 +0 +0 +0 -2.369462e-13
49 +0 +0 +0 -1.257829e-13
50 +0 +0 +0 -1.119368e-13
51 +0 +0 +0 -8.802434e-14
52 +0 +0 +0 -2.148159e-13
53 +0 +0 +0 -1.673591e-13
54 +0 +0 +0 -1.538771e-13
55 +0 +0 +0 -3.496878e-14
56 +0 +0 +0 +6.185219e-14
57 +0 +0 +0 +6.746615e-14
58 +0 +0 +0 +4.625294e-14
59 +0 +0 +0 -6.539637e-15
60 +0 +0 +0 -7.368637e-14
61 +0 +0 +0 -3.427895e-14
62 +0 +0 +0 -3.499860e-14
63 +0 +0 +0 -1.042019e-14
