0 +0 +0 +0 +1.307394e-08
1 +0 +0 +0 +2.397727e-08
2 +0 +0 +0 +1.344389e-08
3 +0 +0 +0 +8.048679e-09
4 +0 +0 +0 +5.047009e-09
5 +0 +0 +0 +3.267329e-09
6 +0 +0 +0 +2.186202e-09
7 +0 +0 +0 +1.412932e-09
8 +0 +0 +0 +9.280510e-10
9 +0 +0 +0 +5.910599e-10
10 +0 +0 +0 +3.994184e-10
11 +0 +0 +0 +2.649161e-10
12 +0 +0 +0 +1.751733e-10
13 +0 +0 +0 +1.144062e-10
14 +0 +0 +0 +8.171286e-11
15 +0 +0 +0 +5.442074e-11
16 +0 +0 +0 +3.338847e-11
17 +0 +0 +0 +2.460711e-11
18 +0 +0 +0 +1.608266e-11
19 +0 +0 +0 +1.046047e-11
20 +0 +0 +0 +6.837254e-12
21 +0 +0 +0 +3.279745e-12
22 +0 +0 +0 +2.857550e-12
23 +0 +0 +0 +7.058884e-13
24 +0 +0 +0 +3.936133e-13
25 +0 +0 +0 +6.408812e-13
26 +0 +0 +0 +9.518285e-13
27 +0 +0 +0 -9.424029e-13
28 +0 +0 +0 -2.769788e-13
29 +0 +0 +0 -2.093257e-13
30 +0 +0 +0 -6.021441e-13
31 +0 +0 +0 +2.596207e-13
32 +0 +0 +0 +2.666607e-13
33 +0 +0 +0 +2.695251e-13
34 +0 +0 +0 -1.598991e-13
35 +0 +0 +0 -6.447966e-13
36 +0 +0 +0 -6.002733e-13
37 +0 +0 +0 -3.863365e-13
38 +0 +0 +0 -3.748877e-13
39 +0 +0 +0 -5.831460e-13
40 +0 +0 +0 -4.051606e-13
41 +0 +0 +0 +3.081490e-14
42 +0 +0 +0 +3.440204e-13
43 +0 +0 +0 +2.129774e-13
44 +0 +0 +0 +2.954830e-13
45 +0 +0 +0 +1.912758e-13
46 +0 +0 +0 +6.655356e-14
47 +0 +0 +0 -2.144093e-14
48 +0 +0 +0 -8.296796e-14
49 +0 +0 +0 +1.225117e-14
50 +0 +0 +0 +1.532647e-13
51 +0 +0 +0 +5.901831e-14
52 +0 +0 +0 +9.411754e-14
53 +0 +0 +0 +8.407067e-14
54 +0 +0 +0 +4.525618e-14
55 +0 +0 +0 -4.659803e-16
56 +0 +0 +0 +6.920935e-14
57 +0 +0 +0 -3.717028e-14
58 +0 +0 +0 +2.111444e-14
59 +0 +0 +0 +1.489353e-13
60 +0 +0 +0 +1.215797e-13
61 +0 +0 +0 +7.385215e-14
62 +0 +0 +0 +1.360551e-13
63 +0 +0 +0 +1.839211e-13
