0 +0 +0 +0 +1.272968e-08
1 +0 +0 +0 +2.379851e-08
2 +0 +0 +0 +1.320481e-08
3 +0 +0 +0 +7.920317e-09
4 +0 +0 +0 +4.883816e-09
5 +0 +0 +0 +3.102817e-09
6 +0 +0 +0 +2.064968e-09
7 +0 +0 +0 +1.350409e-09
8 +0 +0 +0 +8.711352e-10
9 +0 +0 +0 +5.788665e-10
10 +0 +0 +0 +3.934014e-10
11 +0 +0 +0 +2.543018e-10
12 +0 +0 +0 +1.679900e-10
13 +0 +0 +0 +1.099840e-10
14 +0 +0 +0 +7.308216e-11
15 +0 +0 +0 +5.545590e-11
16 +0 +0 +0 +3.832330e-11
17 +0 +0 +0 +2.522731e-11
18 +0 +0 +0 +1.688455e-11
19 +0 +0 +0 +1.209893e-11
20 +0 +0 +0 +7.931413e-12
21 +0 +0 +0 +5.766760e-12
22 +0 +0 +0 +3.282850e-12
23 +0 +0 +0 +3.086509e-12
24 +0 +0 +0 +2.084041e-12
25 +0 +0 +0 +2.057659e-12
26 +0 +0 +0 +2.383730e-12
27 +0 +0 +0 +1.337330e-12
28 +0 +0 +0 -4.363425e-14
29 +0 +0 +0 +1.913825e-13
30 +0 +0 +0 +7.506616e-13
31 +0 +0 +0 +1.348029e-13
32 +0 +0 +0 -2.552467e-13
33 +0 +0 +0 +2.271372e-13
34 +0 +0 +0 -1.573302e-16
35 +0 +0 +0 +1.086267e-13
36 +0 +0 +0 -2.093027e-13
37 +0 +0 +0 -3.729253e-13
38 +0 +0 +0 -2.308960e-14
39 +0 +0 +0 -3.549560e-14
40 +0 +0 +0 +1.469820e-13
41 +0 +0 +0 -7.698489e-14
42 +0 +0 +0 -1.786370e-13
43 +0 +0 +0 -2.110000e-13
44 +0 +0 +0 -2.162712e-13
45 +0 +0 +0 -1.145939e-13
46 +0 +0 +0 -8.928888e-14
47 +0 +0 +0 -2.297284e-13
48 +0 +0 +0 -2.058633e-13
49 +0 +0 +0 -4.871816e-14
50 +0 +0 +0 -2.681331e-14
51 +0 +0 +0 +1.199801e-13
52 +0 +0 +0 +8.267155e-14
53 +0 +0 +0 +1.364817e-13
54 +0 +0 +0 -4.607768e-14
55 +0 +0 +0 -7.331225e-14
56 +0 +0 +0 -3.830682e-14
57 +0 +0 +0 -1.052069e-13
58 +0 +0 +0 +4.439549e-14
59 +0 +0 +0 +8.424580e-14
60 +0 +0 +0 +3.410976e-14
61 +0 +0 +0 +7.321607e-14
62 +0 +0 +0 +1.128292e-13
63 +0 +0 +0 +9.123374e-14
