0 +0 +0 +0 +1.398120e-08
1 +0 +0 +0 +2.536341e-08
2 +0 +0 +0 +1.416917e-08
3 +0 +0 +0 +8.243713e-09
4 +0 +0 +0 +5.071288e-09
5 +0 +0 +0 +3.264053e-09
6 +0 +0 +0 +2.100962e-09
7 +0 +0 +0 +1.376000e-09
8 +0 +0 +0 +9.253319e-10
9 +0 +0 +0 +6.022603e-10
10 +0 +0 +0 +4.102127e-10
11 +0 +0 +0 +2.767520e-10
12 +0 +0 +0 +1.807451e-10
13 +0 +0 +0 +1.307371e-10
14 +0 +0 +0 +9.342765e-11
15 +0 +0 +0 +6.072108e-11
16 +0 +0 +0 +4.006528e-11
17 +0 +0 +0 +2.647236e-11
18 +0 +0 +0 +1.836778e-11
19 +0 +0 +0 +1.099544e-11
20 +0 +0 +0 +5.850458e-12
21 +0 +0 +0 +2.411442e-12
22 +0 +0 +0 +7.539347e-13
23 +0 +0 +0 +1.211255e-12
24 +0 +0 +0 +2.429325e-12
25 +0 +0 +0 +2.649268e-12
26 +0 +0 +0 +1.465669e-12
27 +0 +0 +0 +1.009593e-12
28 +0 +0 +0 +1.023893e-12
29 +0 +0 +0 +2.266739e-14
30 +0 +0 +0 +4.818986e-13
31 +0 +0 +0 +5.085068e-13
32 +0 +0 +0 +5.415001e-13
33 +0 +0 +0 +5.870677e-13
34 +0 +0 +0 +6.417396e-13
35 +0 +0 +0 +8.823292e-13
36 +0 +0 +0 +7.813527e-13
37 +0 +0 +0 +1.191813e-12
38 +0 +0 +0 +7.089711e-13
39 +0 +0 +0 +9.993820e-13
40 +0 +0 +0 +7.210289e-13
41 +0 +0 +0 +4.934708e-13
42 +0 +0 +0 +3.713466e-13
43 +0 +0 +0 +2.225024e-13
44 +0 +0 +0 +1.031653e-13
45 +0 +0 +0 -1.897560e-13
46 +0 +0 +0 -2.018005e-13
47 +0 +0 +0 -4.014285e-14
48 +0 +0 +0 -1.391873e-13
49 +0 +0 +0 +1.588890e-13
50 +0 +0 +0 +1.524016e-13
51 +0 +0 +0 +1.802852e-13
52 +0 +0 +0 +1.740920e-13
53 +0 +0 +0 +1.958878e-13
54 +0 +0 +0 +2.374341e-13
55 +0 +0 +0 +3.145116e-13
56 +0 +0 +0 +2.174638e-13
57 +0 +0 +0 +1.271636e-13
58 +0 +0 +0 +9.172688e-14
59 +0 +0 +0 +1.021225e-13
60 +0 +0 +0 +2.064193e-14
61 +0 +0 +0 -3.083382e-14
62 +0 +0 +0 +1.223685e-13
63 +0 +0 +0 -3.133953e-15
