0 +0 +0 +0 +1.283135e-08
1 +0 +0 +0 +2.432500e-08
2 +0 +0 +0 +1.354753e-08
3 +0 +0 +0 +7.740557e-09
4 +0 +0 +0 +4.786013e-09
5 +0 +0 +0 +3.012149e-09
6 +0 +0 +0 +1.941260e-09
7 +0 +0 +0 +1.279808e-09
8 +0 +0 +0 +8.375689e-10
9 +0 +0 +0 +5.351846e-10
10 +0 +0 +0 +3.642671e-10
11 +0 +0 +0 +2.409147e-10
12 +0 +0 +0 +1.645079e-10
13 +0 +0 +0 +1.016881e-10
14 +0 +0 +0 +7.466253e-11
15 +0 +0 +0 +5.423753e-11
16 +0 +0 +0 +3.889076e-11
17 +0 +0 +0 +2.628803e-11
18 +0 +0 +0 +2.017557e-11
19 +0 +0 +0 +1.378203e-11
20 +0 +0 +0 +1.075589e-11
21 +0 +0 +0 +6.502347e-12
22 +0 +0 +0 +5.434153e-12
23 +0 +0 +0 +3.615030e-12
24 +0 +0 +0 +2.055513e-12
25 +0 +0 +0 +1.822192e-12
26 +0 +0 +0 +1.377500e-12
27 +0 +0 +0 +9.656098e-13
28 +0 +0 +0 +4.017698e-13
29 +0 +0 +0 -4.613040e-13
30 +0 +0 +0 -6.701857e-13
31 +0 +0 +0 -6.095304e-13
32 +0 +0 +0 -3.710306e-13
33 +0 +0 +0 -9.669637e-13
34 +0 +0 +0 -1.241469e-12
35 +0 +0 +0 -1.015336e-12
36 +0 +0 +0 -4.103741e-13
37 +0 +0 +0 -1.159000e-13
38 +0 +0 +0 -3.841238e-13
39 +0 +0 +0 -6.939070e-13
40 +0 +0 +0 -5.324711e-13
41 +0 +0 +0 -1.052093e-13
42 +0 +0 +0 -1.969645e-13
43 +0 +0 +0 -2.134854e-15
44 +0 +0 +0 +1.603886e-13
45 +0 +0 +0 -1.818084e-13
46 +0 +0 +0 -2.713465e-13
47 +0 +0 +0 -4.012214e-13
48 +0 +0 +0 -1.551907e-13
49 +0 +0 +0 -2.130873e-13
50 +0 +0 +0 -1.503543e-13
51 +0 +0 +0 -2.303629e-13
52 +0 +0 +0 -2.263212e-13
53 +0 +0 +0 -2.327391e-13
54 +0 +0 +0 -2.453558e-13
55 +0 +0 +0 -3.436966e-13
56 +0 +0 +0 -1.693178e-13
57 +0 +0 +0 -1.244235e-13
58 +0 +0 +0 -1.849538e-13
59 +0 +0 +0 -3.658963e-14
60 +0 +0 +0 +9.430668e-15
61 +0 +0 +0 +1.262969e-13
62 +0 +0 +0 +1.557370e-13
63 +0 +0 +0 +1.253329e-13
