0 +0 +0 +0 +1.344488e-08
1 +0 +0 +0 +2.473219e-08
2 +0 +0 +0 +1.362323e-08
3 +0 +0 +0 +8.018152e-09
4 +0 +0 +0 +5.059734e-09
5 +0 +0 +0 +3.307426e-09
6 +0 +0 +0 +2.135998e-09
7 +0 +0 +0 +1.422218e-09
8 +0 +0 +0 +9.517609e-10
9 +0 +0 +0 +6.300473e-10
10 +0 +0 +0 +4.304894e-10
11 +0 +0 +0 +2.951053e-10
12 +0 +0 +0 +1.975481e-10
13 +0 +0 +0 +1.331885e-10
14 +0 +0 +0 +9.280636e-11
15 +0 +0 +0 +5.957376e-11
16 +0 +0 +0 +4.198339e-11
17 +0 +0 +0 +3.118755e-11
18 +0 +0 +0 +2.278965e-11
19 +0 +0 +0 +1.576783e-11
20 +0 +0 +0 +8.702439e-12
21 +0 +0 +0 +4.942009e-12
22 +0 +0 +0 +2.157356e-12
23 +0 +0 +0 +1.279825e-13
24 +0 +0 +0 -7.657141e-13
25 +0 +0 +0 -3.262249e-13
26 +0 +0 +0 -1.395984e-12
27 +0 +0 +0 -9.891923e-13
28 +0 +0 +0 -1.207731e-12
29 +0 +0 +0 -7.750223e-13
30 +0 +0 +0 -1.128148e-12
31 +0 +0 +0 -1.699102e-13
32 +0 +0 +0 +1.955678e-14
33 +0 +0 +0 +1.681457e-13
34 +0 +0 +0 -8.171591e-14
35 +0 +0 +0 -1.862312e-13
36 +0 +0 +0 +2.887381e-14
37 +0 +0 +0 +1.509346e-13
38 +0 +0 +0 +3.173581e-13
39 +0 +0 +0 +4.163266e-13
40 +0 +0 +0 +2.896071e-13
41 +0 +0 +0 +1.623283e-13
42 +0 +0 +0 +3.133664e-13
43 +0 +0 +0 +2.329331e-13
44 +0 +0 +0 +7.195287e-14
45 +0 +0 +0 +1.426502e-13
46 +0 +0 +0 +1.739501e-13
47 +0 +0 +0 +1.453551e-13
48 +0 +0 +0 -5.943759e-15
49 +0 +0 +0 -1.732996e-13
50 +0 +0 +0 -3.117659e-13
51 +0 +0 +0 -3.038811e-13
52 +0 +0 +0 -3.630983e-13
53 +0 +0 +0 -3.197244e-13
54 +0 +0 +0 -1.735636e-13
55 +0 +0 +0 -1.719719e-13
56 +0 +0 +0 -1.604437e-13
57 +0 +0 +0 -2.229826e-13
58 +0 +0 +0 -1.154196e-13
59 +0 +0 +0 -7.721475e-14
60 +0 +0 +0 -1.252195e-13
61 +0 +0 +0 -1.134423e-13
62 +0 +0 +0 -6.839482e-15
63 +0 +0 +0 +8.081072e-14
