0 +0 +0 +0 +1.273123e-08
1 +0 +0 +0 +2.458503e-08
2 +0 +0 +0 +1.355513e-08
3 +0 +0 +0 +8.029683e-09
4 +0 +0 +0 +5.000490e-09
5 +0 +0 +0 +3.308939e-09
6 +0 +0 +0 +2.089557e-09
7 +0 +0 +0 +1.365536e-09
8 +0 +0 +0 +9.356295e-10
9 +0 +0 +0 +6.309594e-10
10 +0 +0 +0 +4.141650e-10
11 +0 +0 +0 +2.695295e-10
12 +0 +0 +0 +1.901490e-10
13 +0 +0 +0 +1.288599e-10
14 +0 +0 +0 +8.464338e-11
15 +0 +0 +0 +5.754301e-11
16 +0 +0 +0 +3.874795e-11
17 +0 +0 +0 +2.483066e-11
18 +0 +0 +0 +1.571767e-11
19 +0 +0 +0 +7.466562e-12
20 +0 +0 +0 +7.782763e-12
21 +0 +0 +0 +4.064829e-12
22 +0 +0 +0 +3.265950e-12
23 +0 +0 +0 +1.476603e-12
24 +0 +0 +0 +1.705303e-12
25 +0 +0 +0 +1.437740e-12
26 +0 +0 +0 +1.326371e-12
27 +0 +0 +0 +4.886356e-13
28 +0 +0 +0 +2.575628e-13
29 +0 +0 +0 -6.790608e-13
30 +0 +0 +0 -5.193733e-14
31 +0 +0 +0 -2.126210e-13
32 +0 +0 +0 -6.431194e-13
33 +0 +0 +0 -5.387533e-13
34 +0 +0 +0 -9.376840e-13
35 +0 +0 +0 -1.011795e-12
36 +0 +0 +0 -5.051749e-13
37 +0 +0 +0 -1.036148e-13
38 +0 +0 +0 -2.541898e-13
39 +0 +0 +0 +1.183404e-13
40 +0 +0 +0 +6.001366e-14
41 +0 +0 +0 +3.735168e-13
42 +0 +0 +0 +1.141179e-13
43 +0 +0 +0 +2.283422e-13
44 +0 +0 +0 +5.205054e-14
45 +0 +0 +0 +7.511616e-14
46 +0 +0 +0 -1.040240e-13
47 +0 +0 +0 -2.053839e-13
48 +0 +0 +0 -2.280932e-13
49 +0 +0 +0 -1.348503e-13
50 +0 +0 +0 -1.723219e-13
51 +0 +0 +0 -1.512453e-13
52 +0 +0 +0 -2.400962e-13
53 +0 +0 +0 -3.076727e-13
54 +0 +0 +0 -2.510116e-13
55 +0 +0 +0 -2.641059e-13
56 +0 +0 +0 -1.889167e-13
57 +0 +0 +0 -1.357468e-13
58 +0 +0 +0 -5.750532e-14
59 +0 +0 +0 -5.238169e-14
60 +0 +0 +0 -7.006481e-14
61 +0 +0 +0 -2.628705e-14
62 +0 +0 +0 +1.436526e-14
63 +0 +0 +0 +2.975174e-14
