0 +0 +0 +0 +1.347159e-08
1 +0 +0 +0 +2.495407e-08
2 +0 +0 +0 +1.397192e-08
3 +0 +0 +0 +8.129695e-09
4 +0 +0 +0 +4.956256e-09
5 +0 +0 +0 +3.249145e-09
6 +0 +0 +0 +2.081776e-09
7 +0 +0 +0 +1.370514e-09
8 +0 +0 +0 +9.003796e-10
9 +0 +0 +0 +5.952027e-10
10 +0 +0 +0 +4.060198e-10
11 +0 +0 +0 +2.650724e-10
12 +0 +0 +0 +1.856626e-10
13 +0 +0 +0 +1.264543e-10
14 +0 +0 +0 +9.137962e-11
15 +0 +0 +0 +6.483259e-11
16 +0 +0 +0 +4.251629e-11
17 +0 +0 +0 +3.313210e-11
18 +0 +0 +0 +2.250647e-11
19 +0 +0 +0 +1.934970e-11
20 +0 +0 +0 +1.142091e-11
21 +0 +0 +0 +9.794854e-12
22 +0 +0 +0 +6.704387e-12
23 +0 +0 +0 +6.293286e-12
24 +0 +0 +0 +4.754296e-12
25 +0 +0 +0 +2.904280e-12
26 +0 +0 +0 +3.395506e-12
27 +0 +0 +0 +3.559059e-12
28 +0 +0 +0 +2.742545e-12
29 +0 +0 +0 +2.407090e-12
30 +0 +0 +0 +7.763529e-13
31 +0 +0 +0 +1.130088e-12
32 +0 +0 +0 +1.235612e-12
33 +0 +0 +0 +1.632633e-12
34 +0 +0 +0 +1.343735e-12
35 +0 +0 +0 +1.216862e-12
36 +0 +0 +0 +7.156834e-13
37 +0 +0 +0 +7.414515e-13
38 +0 +0 +0 +7.287592e-13
39 +0 +0 +0 +6.456530e-13
40 +0 +0 +0 +6.140149e-13
41 +0 +0 +0 +5.636543e-13
42 +0 +0 +0 +2.072554e-13
43 +0 +0 +0 -5.015862e-14
44 +0 +0 +0 -2.665243e-13
45 +0 +0 +0 -1.617475e-13
46 +0 +0 +0 -3.228718e-13
47 +0 +0 +0 -2.777113e-13
48 +0 +0 +0 -7.964607e-14
49 +0 +0 +0 +1.188378e-13
50 +0 +0 +0 -3.165588e-14
51 +0 +0 +0 +1.198478e-14
52 +0 +0 +0 +3.803976e-14
53 +0 +0 +0 +9.937441e-14
54 +0 +0 +0 +1.472005e-13
55 +0 +0 +0 +1.891992e-13
56 +0 +0 +0 +9.369790e-14
57 +0 +0 +0 +1.271667e-13
58 +0 +0 +0 +2.086251e-14
59 +0 +0 +0 -3.455158e-14
60 +0 +0 +0 +4.865098e-14
61 +0 +0 +0 +3.349979e-14
62 +0 +0 +0 +4.028233e-14
63 +0 +0 +0 -2.921019e-14
