0 +0 +0 +0 +1.331278e-08
1 +0 +0 +0 +2.407757e-08
2 +0 +0 +0 +1.356252e-08
3 +0 +0 +0 +8.025003e-09
4 +0 +0 +0 +4.972386e-09
5 +0 +0 +0 +3.169191e-09
6 +0 +0 +0 +1.991177e-09
7 +0 +0 +0 +1.273964e-09
8 +0 +0 +0 +8.299299e-10
9 +0 +0 +0 +5.670219e-10
10 +0 +0 +0 +3.756804e-10
11 +0 +0 +0 +2.533527e-10
12 +0 +0 +0 +1.644163e-10
13 +0 +0 +0 +1.048374e-10
14 +0 +0 +0 +6.909423e-11
15 +0 +0 +0 +4.633958e-11
16 +0 +0 +0 +3.103001e-11
17 +0 +0 +0 +2.026084e-11
18 +0 +0 +0 +1.454285e-11
19 +0 +0 +0 +6.128781e-12
20 +0 +0 +0 +3.175565e-12
21 +0 +0 +0 +1.615053e-13
22 +0 +0 +0 -6.513660e-13
23 +0 +0 +0 -2.052244e-12
24 +0 +0 +0 -1.843517e-12
25 +0 +0 +0 -2.878935e-13
26 +0 +0 +0 +2.404405e-13
27 +0 +0 +0 -2.741814e-13
28 +0 +0 +0 -5.516904e-14
29 +0 +0 +0 +5.544239e-13
30 +0 +0 +0 -2.630629e-13
31 +0 +0 +0 -9.449343e-14
32 +0 +0 +0 +4.691436e-13
33 +0 +0 +0 +5.339028e-13
34 +0 +0 +0 +4.339276e-13
35 +0 +0 +0 +4.233550e-14
36 +0 +0 +0 -9.820808e-14
37 +0 +0 +0 -2.356102e-14
38 +0 +0 +0 -2.098305e-13
39 +0 +0 +0 -3.183277e-13
40 +0 +0 +0 -7.061278e-13
41 +0 +0 +0 -6.439482e-13
42 +0 +0 +0 -3.519773e-13
43 +0 +0 +0 -3.410682e-13
44 +0 +0 +0 -3.646686e-13
45 +0 +0 +0 -2.608052e-13
46 +0 +0 +0 -3.603221e-13
47 +0 +0 +0 -2.815102e-13
48 +0 +0 +0 -3.887186e-13
49 +0 +0 +0 -3.138154e-13
50 +0 +0 +0 -2.925918e-13
51 +0 +0 +0 -2.363040e-13
52 +0 +0 +0 -1.726858e-13
53 +0 +0 +0 -3.956632e-14
54 +0 +0 +0 -3.772500e-15
55 +0 +0 +0 -1.281868e-13
56 +0 +0 +0 -1.326057e-13
57 +0 +0 +0 -6.194897e-14
58 +0 +0 +0 +2.455006e-14
59 +0 +0 +0 +1.106859e-13
60 +0 +0 +0 +6.481177e-14
61 +0 +0 +0 +1.723271e-14
62 +0 +0 +0 +1.605093e-15
63 +0 +0 +0 +2.891760e-14
