0 +0 +0 +0 +1.404212e-08
1 +0 +0 +0 +2.555346e-08
2 +0 +0 +0 +1.416024e-08
3 +0 +0 +0 +8.392106e-09
4 +0 +0 +0 +5.017418e-09
5 +0 +0 +0 +3.152647e-09
6 +0 +0 +0 +2.025034e-09
7 +0 +0 +0 +1.337746e-09
8 +0 +0 +0 +8.866548e-10
9 +0 +0 +0 +5.776278e-10
10 +0 +0 +0 +3.821094e-10
11 +0 +0 +0 +2.528744e-10
12 +0 +0 +0 +1.664126e-10
13 +0 +0 +0 +1.122612e-10
14 +0 +0 +0 +7.223673e-11
15 +0 +0 +0 +4.991455e-11
16 +0 +0 +0 +3.440691e-11
17 +0 +0 +0 +2.101932e-11
18 +0 +0 +0 +1.330767e-11
19 +0 +0 +0 +7.578373e-12
20 +0 +0 +0 +4.615214e-12
21 +0 +0 +0 +2.555063e-12
22 +0 +0 +0 -1.891681e-13
23 +0 +0 +0 +5.304051e-13
24 +0 +0 +0 -9.461571e-13
25 +0 +0 +0 -6.965015e-13
26 +0 +0 +0 -7.049405e-13
27 +0 +0 +0 -1.924106e-12
28 +0 +0 +0 -1.789499e-12
29 +0 +0 +0 -1.063691e-12
30 +0 +0 +0 -1.482264e-13
31 +0 +0 +0 +6.081547e-15
32 +0 +0 +0 +1.425323e-13
33 +0 +0 +0 -1.446948e-13
34 +0 +0 +0 +1.083775e-13
35 +0 +0 +0 +1.929647e-13
36 +0 +0 +0 +1.011413e-13
37 +0 +0 +0 +3.144849e-13
38 +0 +0 +0 -3.941038e-14
39 +0 +0 +0 -2.820437e-13
40 +0 +0 +0 -1.827868e-13
41 +0 +0 +0 -2.678018e-13
42 +0 +0 +0 -4.035820e-13
43 +0 +0 +0 -5.033847e-13
44 +0 +0 +0 -6.452812e-13
45 +0 +0 +0 -4.272679e-13
46 +0 +0 +0 -4.920152e-13
47 +0 +0 +0 -1.871348e-13
48 +0 +0 +0 +4.942410e-14
49 +0 +0 +0 +1.390101e-13
50 +0 +0 +0 +3.732697e-13
51 +0 +0 +0 +4.107792e-13
52 +0 +0 +0 +2.497389e-13
53 +0 +0 +0 +1.768229e-13
54 +0 +0 +0 +1.098112e-13
55 +0 +0 +0 +1.615042e-13
56 +0 +0 +0 +8.965524e-14
57 +0 +0 +0 +1.708545e-13
58 +0 +0 +0 +1.860654e-13
59 +0 +0 +0 +1.631427e-13
60 +0 +0 +0 +1.351336e-13
61 +0 +0 +0 +1.745408e-13
62 +0 +0 +0 +1.415206e-13
63 +0 +0 +0 +9.465801e-14
