0 +0 +0 +0 +1.306703e-08
1 +0 +0 +0 +2.539434e-08
2 +0 +0 +0 +1.428421e-08
3 +0 +0 +0 +8.587598e-09
4 +0 +0 +0 +5.331430e-09
5 +0 +0 +0 +3.338040e-09
6 +0 +0 +0 +2.172136e-09
7 +0 +0 +0 +1.424562e-09
8 +0 +0 +0 +9.566407e-10
9 +0 +0 +0 +6.434928e-10
10 +0 +0 +0 +4.365110e-10
11 +0 +0 +0 +2.932475e-10
12 +0 +0 +0 +1.899284e-10
13 +0 +0 +0 +1.314444e-10
14 +0 +0 +0 +8.753371e-11
15 +0 +0 +0 +6.352221e-11
16 +0 +0 +0 +4.321480e-11
17 +0 +0 +0 +2.959979e-11
18 +0 +0 +0 +1.589714e-11
19 +0 +0 +0 +1.029832e-11
20 +0 +0 +0 +5.215309e-12
21 +0 +0 +0 +3.042501e-12
22 +0 +0 +0 +2.713060e-12
23 +0 +0 +0 +9.171772e-13
24 +0 +0 +0 -3.917441e-13
25 +0 +0 +0 -1.372135e-13
26 +0 +0 +0 -7.470293e-13
27 +0 +0 +0 -3.308298e-13
28 +0 +0 +0 -3.808651e-13
29 +0 +0 +0 -7.207309e-13
30 +0 +0 +0 -9.704535e-13
31 +0 +0 +0 -1.160674e-12
32 +0 +0 +0 -9.685368e-13
33 +0 +0 +0 -6.117256e-13
34 +0 +0 +0 -3.654897e-13
35 +0 +0 +0 -5.306062e-13
36 +0 +0 +0 -6.857122e-13
37 +0 +0 +0 -1.185435e-13
38 +0 +0 +0 -9.879883e-14
39 +0 +0 +0 +2.327095e-14
40 +0 +0 +0 +3.053482e-13
41 +0 +0 +0 +2.937028e-13
42 +0 +0 +0 +3.225748e-13
43 +0 +0 +0 +1.777953e-13
44 +0 +0 +0 +1.028707e-13
45 +0 +0 +0 +2.846841e-14
46 +0 +0 +0 +2.886726e-14
47 +0 +0 +0 +3.526769e-14
48 +0 +0 +0 +9.483005e-14
49 +0 +0 +0 +6.158485e-14
50 +0 +0 +0 -5.988895e-14
51 +0 +0 +0 +1.108610e-13
52 +0 +0 +0 +7.224990e-14
53 +0 +0 +0 +1.925118e-13
54 +0 +0 +0 +3.146012e-13
55 +0 +0 +0 +1.197044e-13
56 +0 +0 +0 +1.769865e-13
57 +0 +0 +0 +6.909004e-14
58 +0 +0 +0 +1.577700e-13
59 +0 +0 +0 +1.238918e-13
60 +0 +0 +0 -1.705167e-14
61 +0 +0 +0 -1.661997e-14
62 +0 +0 +0 -4.331495e-14
63 +0 +0 +0 -5.019782e-14
