0 +0 +0 +0 +1.312754e-08
1 +0 +0 +0 +2.410535e-08
2 +0 +0 +0 +1.362501e-08
3 +0 +0 +0 +8.152814e-09
4 +0 +0 +0 +4.976359e-09
5 +0 +0 +0 +3.167349e-09
6 +0 +0 +0 +2.050481e-09
7 +0 +0 +0 +1.322099e-09
8 +0 +0 +0 +8.945937e-10
9 +0 +0 +0 +6.063321e-10
10 +0 +0 +0 +4.084899e-10
11 +0 +0 +0 +2.662401e-10
12 +0 +0 +0 +1.845599e-10
13 +0 +0 +0 +1.247467e-10
14 +0 +0 +0 +8.084565e-11
15 +0 +0 +0 +5.712125e-11
16 +0 +0 +0 +3.750189e-11
17 +0 +0 +0 +2.694768e-11
18 +0 +0 +0 +1.692609e-11
19 +0 +0 +0 +1.256151e-11
20 +0 +0 +0 +8.923765e-12
21 +0 +0 +0 +5.580747e-12
22 +0 +0 +0 +2.822646e-12
23 +0 +0 +0 +2.771923e-12
24 +0 +0 +0 +7.204133e-13
25 +0 +0 +0 +1.900408e-13
26 +0 +0 +0 +6.175595e-13
27 +0 +0 +0 +1.965358e-13
28 +0 +0 +0 -8.575443e-14
29 +0 +0 +0 -7.857402e-13
30 +0 +0 +0 -1.563349e-12
31 +0 +0 +0 -6.604536e-13
32 +0 +0 +0 -3.910276e-13
33 +0 +0 +0 -7.647551e-13
34 +0 +0 +0 -6.206038e-13
35 +0 +0 +0 -4.573567e-13
36 +0 +0 +0 -2.065515e-13
37 +0 +0 +0 +4.963935e-14
38 +0 +0 +0 -1.849742e-13
39 +0 +0 +0 -2.257009e-13
40 +0 +0 +0 -2.829900e-13
41 +0 +0 +0 -3.303496e-13
42 +0 +0 +0 -3.533458e-13
43 +0 +0 +0 -3.768228e-13
44 +0 +0 +0 -3.275037e-13
45 +0 +0 +0 -4.305557e-13
46 +0 +0 +0 -1.687671e-13
47 +0 +0 +0 -2.243718e-13
48 +0 +0 +0 -1.811610e-13
49 +0 +0 +0 -3.600837e-13
50 +0 +0 +0 -4.445662e-13
51 +0 +0 +0 -2.397777e-13
52 +0 +0 +0 -1.270065e-13
53 +0 +0 +0 -2.562620e-13
54 +0 +0 +0 -2.067356e-13
55 +0 +0 +0 -1.461562e-13
56 +0 +0 +0 -1.443725e-13
57 +0 +0 +0 -1.383695e-13
58 +0 +0 +0 -2.850701e-14
59 +0 +0 +0 +6.126824e-14
60 +0 +0 +0 +1.322197e-13
61 +0 +0 +0 +1.804209e-13
62 +0 +0 +0 +1.263300e-13
63 +0 +0 +0 +5.100581e-14
