0 +0 +0 +0 +1.186050e-08
1 +0 +0 +0 +2.325332e-08
2 +0 +0 +0 +1.288247e-08
3 +0 +0 +0 +7.462784e-09
4 +0 +0 +0 +4.586347e-09
5 +0 +0 +0 +2.921407e-09
6 +0 +0 +0 +1.975538e-09
7 +0 +0 +0 +1.301404e-09
8 +0 +0 +0 +8.348825e-10
9 +0 +0 +0 +5.504894e-10
10 +0 +0 +0 +3.743600e-10
11 +0 +0 +0 +2.466046e-10
12 +0 +0 +0 +1.709297e-10
13 +0 +0 +0 +1.133144e-10
14 +0 +0 +0 +7.473690e-11
15 +0 +0 +0 +4.712478e-11
16 +0 +0 +0 +3.072529e-11
17 +0 +0 +0 +1.833765e-11
18 +0 +0 +0 +1.160296e-11
19 +0 +0 +0 +5.862217e-12
20 +0 +0 +0 +3.437656e-12
21 +0 +0 +0 +1.510467e-12
22 +0 +0 +0 +7.281715e-13
23 +0 +0 +0 +7.662019e-15
24 +0 +0 +0 -2.910607e-13
25 +0 +0 +0 +9.072287e-13
26 +0 +0 +0 +1.133335e-12
27 +0 +0 +0 +1.508050e-12
28 +0 +0 +0 +7.927324e-13
29 +0 +0 +0 +9.427776e-13
30 +0 +0 +0 +2.259734e-13
31 +0 +0 +0 -4.418616e-13
32 +0 +0 +0 -4.897070e-13
33 +0 +0 +0 -5.488482e-13
34 +0 +0 +0 -4.705384e-13
35 +0 +0 +0 -2.134637e-13
36 +0 +0 +0 -2.372278e-13
37 +0 +0 +0 -1.904302e-13
38 +0 +0 +0 +3.608654e-14
39 +0 +0 +0 +1.142450e-13
40 +0 +0 +0 +3.770612e-13
41 +0 +0 +0 +1.728131e-13
42 +0 +0 +0 -2.776381e-14
43 +0 +0 +0 +4.767688e-14
44 +0 +0 +0 -5.929443e-14
45 +0 +0 +0 -1.531580e-13
46 +0 +0 +0 +1.255784e-14
47 +0 +0 +0 +7.262058e-14
48 +0 +0 +0 -1.286768e-13
49 +0 +0 +0 +7.752090e-15
50 +0 +0 +0 +5.136521e-14
51 +0 +0 +0 +4.012160e-14
52 +0 +0 +0 +4.669810e-14
53 +0 +0 +0 +6.897139e-14
54 +0 +0 +0 +9.297985e-14
55 +0 +0 +0 +4.210712e-14
56 +0 +0 +0 +2.719893e-14
57 +0 +0 +0 +2.887313e-15
58 +0 +0 +0 +7.165068e-14
59 +0 +0 +0 +9.234758e-14
60 +0 +0 +0 -3.837517e-14
61 +0 +0 +0 -1.304177e-13
62 +0 +0 +0 -6.770948e-14
63 +0 +0 +0 -5.660332e-14
