0 +0 +0 +0 +1.392849e-08
1 +0 +0 +0 +2.621288e-08
2 +0 +0 +0 +1.454572e-08
3 +0 +0 +0 +8.433211e-09
4 +0 +0 +0 +5.259059e-09
5 +0 +0 +0 +3.345050e-09
6 +0 +0 +0 +2.208922e-09
7 +0 +0 +0 +1.446833e-09
8 +0 +0 +0 +9.688135e-10
9 +0 +0 +0 +6.372964e-10
10 +0 +0 +0 +4.265369e-10
11 +0 +0 +0 +2.767159e-10
12 +0 +0 +0 +1.885263e-10
13 +0 +0 +0 +1.272471e-10
14 +0 +0 +0 +7.582055e-11
15 +0 +0 +0 +4.705329e-11
16 +0 +0 +0 +3.273579e-11
17 +0 +0 +0 +1.927024e-11
18 +0 +0 +0 +1.193493e-11
19 +0 +0 +0 +7.491642e-12
20 +0 +0 +0 +7.300013e-12
21 +0 +0 +0 +7.206143e-12
22 +0 +0 +0 +3.747292e-12
23 +0 +0 +0 +2.907549e-12
24 +0 +0 +0 +8.416412e-13
25 +0 +0 +0 +1.935510e-12
26 +0 +0 +0 +7.569175e-13
27 +0 +0 +0 +1.276898e-12
28 +0 +0 +0 +2.762884e-13
29 +0 +0 +0 -5.566113e-13
30 +0 +0 +0 -4.538310e-13
31 +0 +0 +0 -4.493094e-13
32 +0 +0 +0 -3.680921e-13
33 +0 +0 +0 +3.324373e-13
34 +0 +0 +0 +9.995071e-14
35 +0 +0 +0 -1.441190e-13
36 +0 +0 +0 +6.086945e-14
37 +0 +0 +0 -1.069207e-14
38 +0 +0 +0 +1.442503e-13
39 +0 +0 +0 +1.499126e-13
40 +0 +0 +0 -1.121116e-14
41 +0 +0 +0 +2.323776e-13
42 +0 +0 +0 +4.464398e-15
43 +0 +0 +0 +9.961632e-14
44 +0 +0 +0 +9.595985e-14
45 +0 +0 +0 -2.505602e-13
46 +0 +0 +0 -3.664152e-13
47 +0 +0 +0 -4.730045e-13
48 +0 +0 +0 -4.215834e-13
49 +0 +0 +0 -2.839662e-13
50 +0 +0 +0 -1.628418e-13
51 +0 +0 +0 -2.688418e-14
52 +0 +0 +0 -8.325679e-14
53 +0 +0 +0 -9.985522e-14
54 +0 +0 +0 -2.477384e-14
55 +0 +0 +0 +6.445305e-14
56 +0 +0 +0 +4.171359e-14
57 +0 +0 +0 +3.217034e-14
58 +0 +0 +0 -2.574742e-14
59 +0 +0 +0 +4.657593e-14
60 +0 +0 +0 +3.745511e-14
61 +0 +0 +0 +2.839756e-14
62 +0 +0 +0 +4.007505e-14
63 +0 +0 +0 +2.376272e-14
