0 +0 +0 +0 +1.307596e-08
1 +0 +0 +0 +2.524226e-08
2 +0 +0 +0 +1.380646e-08
3 +0 +0 +0 +7.904616e-09
4 +0 +0 +0 +4.833289e-09
5 +0 +0 +0 +3.120347e-09
6 +0 +0 +0 +2.063159e-09
7 +0 +0 +0 +1.330147e-09
8 +0 +0 +0 +8.751907e-10
9 +0 +0 +0 +5.719730e-10
10 +0 +0 +0 +3.915165e-10
11 +0 +0 +0 +2.659312e-10
12 +0 +0 +0 +1.771043e-10
13 +0 +0 +0 +1.159364e-10
14 +0 +0 +0 +7.498270e-11
15 +0 +0 +0 +5.343492e-11
16 +0 +0 +0 +3.651128e-11
17 +0 +0 +0 +2.500609e-11
18 +0 +0 +0 +1.861330e-11
19 +0 +0 +0 +9.827964e-12
20 +0 +0 +0 +8.086457e-12
21 +0 +0 +0 +5.088669e-12
22 +0 +0 +0 +3.119320e-12
23 +0 +0 +0 +3.108109e-12
24 +0 +0 +0 +2.710664e-12
25 +0 +0 +0 +2.395278e-12
26 +0 +0 +0 +2.081350e-12
27 +0 +0 +0 +4.913249e-13
28 +0 +0 +0 -8.133786e-13
29 +0 +0 +0 -4.392637e-13
30 +0 +0 +0 -6.477746e-13
31 +0 +0 +0 -4.560011e-13
32 +0 +0 +0 -1.068891e-12
33 +0 +0 +0 -1.670941e-12
34 +0 +0 +0 -1.561923e-12
35 +0 +0 +0 -1.220068e-12
36 +0 +0 +0 -1.276343e-12
37 +0 +0 +0 -9.159766e-13
38 +0 +0 +0 -3.002173e-13
39 +0 +0 +0 -2.290456e-13
40 +0 +0 +0 -2.185258e-13
41 +0 +0 +0 -4.126298e-13
42 +0 +0 +0 -3.092701e-13
43 +0 +0 +0 -4.869447e-13
44 +0 +0 +0 -4.596621e-13
45 +0 +0 +0 -4.064510e-13
46 +0 +0 +0 -6.089428e-13
47 +0 +0 +0 -3.591690e-13
48 +0 +0 +0 -4.436313e-13
49 +0 +0 +0 -3.217982e-13
50 +0 +0 +0 -1.560441e-13
51 +0 +0 +0 -2.492564e-13
52 +0 +0 +0 -2.002124e-13
53 +0 +0 +0 -1.065117e-14
54 +0 +0 +0 +3.366216e-14
55 +0 +0 +0 +1.509346e-13
56 +0 +0 +0 +2.110101e-13
57 +0 +0 +0 +7.442438e-14
58 +0 +0 +0 +1.572027e-13
59 +0 +0 +0 +1.670308e-13
60 +0 +0 +0 +1.132690e-13
61 +0 +0 +0 +3.812744e-14
62 +0 +0 +0 +5.798228e-14
63 +0 +0 +0 +5.531390e-14
