0 +0 +0 +0 +1.255644e-08
1 +0 +0 +0 +2.332346e-08
2 +0 +0 +0 +1.276644e-08
3 +0 +0 +0 +7.433702e-09
4 +0 +0 +0 +4.720746e-09
5 +0 +0 +0 +2.958821e-09
6 +0 +0 +0 +1.937771e-09
7 +0 +0 +0 +1.266936e-09
8 +0 +0 +0 +8.315555e-10
9 +0 +0 +0 +5.568019e-10
10 +0 +0 +0 +3.864561e-10
11 +0 +0 +0 +2.549911e-10
12 +0 +0 +0 +1.709960e-10
13 +0 +0 +0 +1.144430e-10
14 +0 +0 +0 +7.708822e-11
15 +0 +0 +0 +4.599415e-11
16 +0 +0 +0 +2.914932e-11
17 +0 +0 +0 +1.947355e-11
18 +0 +0 +0 +9.682752e-12
19 +0 +0 +0 +6.515547e-12
20 +0 +0 +0 +4.351908e-12
21 +0 +0 +0 +3.880562e-12
22 +0 +0 +0 +3.061427e-12
23 +0 +0 +0 +1.314445e-12
24 +0 +0 +0 +1.505305e-12
25 +0 +0 +0 +1.133235e-12
26 +0 +0 +0 +1.084617e-12
27 +0 +0 +0 +1.414062e-12
28 +0 +0 +0 +3.130257e-13
29 +0 +0 +0 +1.129008e-13
30 +0 +0 +0 +6.432654e-14
31 +0 +0 +0 -1.735935e-13
32 +0 +0 +0 -5.326134e-13
33 +0 +0 +0 -8.634769e-13
34 +0 +0 +0 -4.166405e-13
35 +0 +0 +0 -3.686218e-13
36 +0 +0 +0 -3.116010e-13
37 +0 +0 +0 -6.129276e-13
38 +0 +0 +0 -2.773121e-13
39 +0 +0 +0 -1.811448e-13
40 +0 +0 +0 -1.831030e-13
41 +0 +0 +0 -1.639415e-13
42 +0 +0 +0 -8.895328e-14
43 +0 +0 +0 -1.717057e-13
44 +0 +0 +0 -1.369097e-13
45 +0 +0 +0 -7.220341e-14
46 +0 +0 +0 +7.689679e-16
47 +0 +0 +0 +7.449805e-14
48 +0 +0 +0 +4.312637e-14
49 +0 +0 +0 +2.441116e-14
50 +0 +0 +0 +2.038497e-13
51 +0 +0 +0 +3.194001e-13
52 +0 +0 +0 +3.002872e-13
53 +0 +0 +0 +3.856143e-13
54 +0 +0 +0 +4.150784e-13
55 +0 +0 +0 +3.791194e-13
56 +0 +0 +0 +3.260299e-13
57 +0 +0 +0 +2.088866e-13
58 +0 +0 +0 +2.131272e-13
59 +0 +0 +0 +2.165123e-13
60 +0 +0 +0 +1.883168e-13
61 +0 +0 +0 +9.424040e-14
62 +0 +0 +0 +7.196051e-14
63 +0 +0 +0 +8.089105e-14
