0 +0 +0 +0 +1.361764e-08
1 +0 +0 +0 +2.494522e-08
2 +0 +0 +0 +1.383773e-08
3 +0 +0 +0 +8.168443e-09
4 +0 +0 +0 +4.920364e-09
5 +0 +0 +0 +3.149486e-09
6 +0 +0 +0 +2.073167e-09
7 +0 +0 +0 +1.375583e-09
8 +0 +0 +0 +9.318424e-10
9 +0 +0 +0 +6.317318e-10
10 +0 +0 +0 +4.212923e-10
11 +0 +0 +0 +2.927830e-10
12 +0 +0 +0 +2.029319e-10
13 +0 +0 +0 +1.351118e-10
14 +0 +0 +0 +9.862127e-11
15 +0 +0 +0 +6.369516e-11
16 +0 +0 +0 +3.750870e-11
17 +0 +0 +0 +2.784094e-11
18 +0 +0 +0 +1.916750e-11
19 +0 +0 +0 +1.232243e-11
20 +0 +0 +0 +7.878549e-12
21 +0 +0 +0 +6.334051e-12
22 +0 +0 +0 +5.272251e-12
23 +0 +0 +0 +4.693381e-12
24 +0 +0 +0 +3.535010e-12
25 +0 +0 +0 +2.366048e-12
26 +0 +0 +0 +2.213957e-12
27 +0 +0 +0 +1.467366e-12
28 +0 +0 +0 +4.793412e-13
29 +0 +0 +0 +5.171959e-13
30 +0 +0 +0 +3.147943e-13
31 +0 +0 +0 +1.944266e-13
32 +0 +0 +0 +1.885502e-13
33 +0 +0 +0 -2.516435e-15
34 +0 +0 +0 -7.375393e-14
35 +0 +0 +0 -5.193543e-13
36 +0 +0 +0 -3.660843e-13
37 +0 +0 +0 -4.962563e-13
38 +0 +0 +0 -1.744043e-13
39 +0 +0 +0 -3.690167e-13
40 +0 +0 +0 -4.297757e-13
41 +0 +0 +0 +1.000370e-14
42 +0 +0 +0 -2.808625e-14
43 +0 +0 +0 +2.381520e-13
44 +0 +0 +0 +2.178610e-13
45 +0 +0 +0 +2.921819e-13
46 +0 +0 +0 +2.544043e-13
47 +0 +0 +0 -4.126093e-14
48 +0 +0 +0 +8.292920e-14
49 +0 +0 +0 -9.518453e-14
50 +0 +0 +0 +3.244003e-14
51 +0 +0 +0 +4.627220e-14
52 +0 +0 +0 -1.452633e-14
53 +0 +0 +0 +7.452424e-14
54 +0 +0 +0 +9.205261e-14
55 +0 +0 +0 -3.201489e-14
56 +0 +0 +0 -1.631485e-13
57 +0 +0 +0 -4.891942e-15
58 +0 +0 +0 -2.008316e-14
59 +0 +0 +0 -2.626432e-14
60 +0 +0 +0 +5.662902e-15
61 +0 +0 +0 +6.228267e-15
62 +0 +0 +0 -1.134638e-14
63 +0 +0 +0 +1.658645e-15
