0 +0 +0 +0 +1.273045e-08
1 +0 +0 +0 +2.325667e-08
2 +0 +0 +0 +1.302800e-08
3 +0 +0 +0 +7.542290e-09
4 +0 +0 +0 +4.655450e-09
5 +0 +0 +0 +3.005723e-09
6 +0 +0 +0 +2.000090e-09
7 +0 +0 +0 +1.303829e-09
8 +0 +0 +0 +8.657822e-10
9 +0 +0 +0 +5.799788e-10
10 +0 +0 +0 +3.967213e-10
11 +0 +0 +0 +2.702825e-10
12 +0 +0 +0 +1.851910e-10
13 +0 +0 +0 +1.261199e-10
14 +0 +0 +0 +8.623379e-11
15 +0 +0 +0 +5.931229e-11
16 +0 +0 +0 +3.910905e-11
17 +0 +0 +0 +2.983241e-11
18 +0 +0 +0 +2.224872e-11
19 +0 +0 +0 +1.688520e-11
20 +0 +0 +0 +1.188003e-11
21 +0 +0 +0 +8.798085e-12
22 +0 +0 +0 +4.926602e-12
23 +0 +0 +0 +3.603595e-12
24 +0 +0 +0 +2.557135e-12
25 +0 +0 +0 +2.896043e-12
26 +0 +0 +0 +2.104672e-12
27 +0 +0 +0 +1.291396e-12
28 +0 +0 +0 +9.186473e-13
29 +0 +0 +0 +4.037949e-14
30 +0 +0 +0 -2.072668e-13
31 +0 +0 +0 -4.538201e-13
32 +0 +0 +0 -9.122229e-13
33 +0 +0 +0 -2.552969e-13
34 +0 +0 +0 -4.234662e-13
35 +0 +0 +0 -5.107035e-13
36 +0 +0 +0 -5.439291e-13
37 +0 +0 +0 -4.024453e-14
38 +0 +0 +0 -5.213976e-14
39 +0 +0 +0 +1.526124e-13
40 +0 +0 +0 +2.945886e-13
41 +0 +0 +0 +1.831693e-13
42 +0 +0 +0 +1.220555e-13
43 +0 +0 +0 +1.271386e-13
44 +0 +0 +0 +1.746211e-13
45 +0 +0 +0 +2.078176e-13
46 +0 +0 +0 +1.203066e-13
47 +0 +0 +0 +1.975176e-13
48 +0 +0 +0 +7.198598e-15
49 +0 +0 +0 +7.370291e-14
50 +0 +0 +0 +1.761076e-13
51 +0 +0 +0 -4.142415e-14
52 +0 +0 +0 -2.061397e-13
53 +0 +0 +0 -2.056052e-13
54 +0 +0 +0 -2.971429e-13
55 +0 +0 +0 -1.527380e-13
56 +0 +0 +0 -1.156436e-13
57 +0 +0 +0 -8.354200e-14
58 +0 +0 +0 -6.647212e-14
59 +0 +0 +0 +1.024664e-14
60 +0 +0 +0 +7.696592e-14
61 +0 +0 +0 +1.887480e-13
62 +0 +0 +0 +1.698546e-13
63 +0 +0 +0 +1.813018e-13
