0 +0 +0 +0 +1.354348e-08
1 +0 +0 +0 +2.368552e-08
2 +0 +0 +0 +1.309852e-08
3 +0 +0 +0 +7.783849e-09
4 +0 +0 +0 +4.847450e-09
5 +0 +0 +0 +3.065733e-09
6 +0 +0 +0 +1.975736e-09
7 +0 +0 +0 +1.258490e-09
8 +0 +0 +0 +8.110781e-10
9 +0 +0 +0 +5.298069e-10
10 +0 +0 +0 +3.512994e-10
11 +0 +0 +0 +2.435324e-10
12 +0 +0 +0 +1.613656e-10
13 +0 +0 +0 +1.068979e-10
14 +0 +0 +0 +7.143554e-11
15 +0 +0 +0 +5.025726e-11
16 +0 +0 +0 +3.783385e-11
17 +0 +0 +0 +2.556873e-11
18 +0 +0 +0 +1.937988e-11
19 +0 +0 +0 +1.296570e-11
20 +0 +0 +0 +7.157099e-12
21 +0 +0 +0 +4.125857e-12
22 +0 +0 +0 +4.088322e-12
23 +0 +0 +0 +3.953232e-12
24 +0 +0 +0 +3.052438e-12
25 +0 +0 +0 +2.188478e-12
26 +0 +0 +0 +3.339598e-12
27 +0 +0 +0 +3.662415e-12
28 +0 +0 +0 +2.230961e-12
29 +0 +0 +0 +2.062760e-12
30 +0 +0 +0 +1.228315e-12
31 +0 +0 +0 +7.162904e-13
32 +0 +0 +0 +1.590337e-13
33 +0 +0 +0 +2.960344e-13
34 +0 +0 +0 +5.790188e-14
35 +0 +0 +0 -2.828625e-13
36 +0 +0 +0 +2.117151e-13
37 +0 +0 +0 +3.254636e-13
38 +0 +0 +0 +7.132323e-13
39 +0 +0 +0 +7.869530e-13
40 +0 +0 +0 +6.802126e-13
41 +0 +0 +0 +3.062450e-13
42 +0 +0 +0 +3.134739e-13
43 +0 +0 +0 +1.719794e-13
44 +0 +0 +0 +8.693459e-14
45 +0 +0 +0 +1.805756e-13
46 +0 +0 +0 +1.431607e-13
47 +0 +0 +0 +5.539517e-14
48 +0 +0 +0 -1.810539e-13
49 +0 +0 +0 -2.680912e-13
50 +0 +0 +0 -1.693710e-13
51 +0 +0 +0 -7.681968e-14
52 +0 +0 +0 -7.691103e-15
53 +0 +0 +0 +8.624897e-14
54 +0 +0 +0 +6.693344e-14
55 +0 +0 +0 +1.474137e-13
56 +0 +0 +0 +1.136141e-13
57 +0 +0 +0 +3.984029e-14
58 +0 +0 +0 +1.429775e-13
59 +0 +0 +0 +7.918687e-14
60 +0 +0 +0 +9.091827e-14
61 +0 +0 +0 +6.084085e-14
62 +0 +0 +0 +5.093955e-14
63 +0 +0 +0 -2.396724e-14
