0 +0 +0 +0 +1.291893e-08
1 +0 +0 +0 +2.437463e-08
2 +0 +0 +0 +1.360979e-08
3 +0 +0 +0 +7.940715e-09
4 +0 +0 +0 +5.053232e-09
5 +0 +0 +0 +3.309582e-09
6 +0 +0 +0 +2.185336e-09
7 +0 +0 +0 +1.437150e-09
8 +0 +0 +0 +9.567053e-10
9 +0 +0 +0 +6.590608e-10
10 +0 +0 +0 +4.535687e-10
11 +0 +0 +0 +2.977075e-10
12 +0 +0 +0 +2.020926e-10
13 +0 +0 +0 +1.434220e-10
14 +0 +0 +0 +9.137424e-11
15 +0 +0 +0 +5.341622e-11
16 +0 +0 +0 +4.084231e-11
17 +0 +0 +0 +2.879820e-11
18 +0 +0 +0 +2.214639e-11
19 +0 +0 +0 +1.241454e-11
20 +0 +0 +0 +6.603619e-12
21 +0 +0 +0 +5.316190e-12
22 +0 +0 +0 +2.666154e-12
23 +0 +0 +0 +9.595387e-13
24 +0 +0 +0 -1.141197e-12
25 +0 +0 +0 -4.280890e-13
26 +0 +0 +0 +6.592475e-13
27 +0 +0 +0 +1.163910e-12
28 +0 +0 +0 +8.396599e-13
29 +0 +0 +0 +6.803417e-13
30 +0 +0 +0 -1.397631e-13
31 +0 +0 +0 -3.229440e-13
32 +0 +0 +0 -5.226370e-13
33 +0 +0 +0 -1.437359e-13
34 +0 +0 +0 -3.838988e-13
35 +0 +0 +0 +5.324776e-14
36 +0 +0 +0 -1.376837e-13
37 +0 +0 +0 -3.580144e-14
38 +0 +0 +0 -2.389739e-13
39 +0 +0 +0 -2.560150e-13
40 +0 +0 +0 -3.069196e-14
41 +0 +0 +0 -1.168428e-13
42 +0 +0 +0 +2.620831e-14
43 +0 +0 +0 +1.908562e-14
44 +0 +0 +0 +6.314973e-14
45 +0 +0 +0 -2.139916e-13
46 +0 +0 +0 -2.862369e-13
47 +0 +0 +0 -3.033491e-13
48 +0 +0 +0 -1.487249e-13
49 +0 +0 +0 +4.176251e-14
50 +0 +0 +0 -4.553706e-14
51 +0 +0 +0 -1.528110e-13
52 +0 +0 +0 -4.326043e-14
53 +0 +0 +0 -8.702164e-14
54 +0 +0 +0 -1.181836e-13
55 +0 +0 +0 -1.239312e-14
56 +0 +0 +0 +5.348557e-14
57 +0 +0 +0 +3.168446e-14
58 +0 +0 +0 +6.882086e-14
59 +0 +0 +0 +1.279405e-16
60 +0 +0 +0 -6.047608e-14
61 +0 +0 +0 -1.046807e-13
62 +0 +0 +0 -9.752917e-14
63 +0 +0 +0 -6.056816e-14
