0 +0 +0 +0 +1.360208e-08
1 +0 +0 +0 +2.455821e-08
2 +0 +0 +0 +1.364089e-08
3 +0 +0 +0 +8.057215e-09
4 +0 +0 +0 +5.065283e-09
5 +0 +0 +0 +3.241026e-09
6 +0 +0 +0 +2.087162e-09
7 +0 +0 +0 +1.390978e-09
8 +0 +0 +0 +9.285907e-10
9 +0 +0 +0 +6.277732e-10
10 +0 +0 +0 +4.280758e-10
11 +0 +0 +0 +2.879066e-10
12 +0 +0 +0 +1.927330e-10
13 +0 +0 +0 +1.324317e-10
14 +0 +0 +0 +9.374374e-11
15 +0 +0 +0 +6.393695e-11
16 +0 +0 +0 +4.260853e-11
17 +0 +0 +0 +3.060318e-11
18 +0 +0 +0 +2.152673e-11
19 +0 +0 +0 +1.474280e-11
20 +0 +0 +0 +8.230159e-12
21 +0 +0 +0 +4.377867e-12
22 +0 +0 +0 +5.074638e-12
23 +0 +0 +0 +1.398102e-12
24 +0 +0 +0 +1.331120e-12
25 +0 +0 +0 +1.044261e-12
26 +0 +0 +0 -2.066450e-13
27 +0 +0 +0 -5.263612e-13
28 +0 +0 +0 -1.406105e-12
29 +0 +0 +0 -1.420647e-12
30 +0 +0 +0 -9.241093e-13
31 +0 +0 +0 -6.102143e-13
32 +0 +0 +0 +1.974939e-13
33 +0 +0 +0 -8.736269e-14
34 +0 +0 +0 -3.497972e-13
35 +0 +0 +0 -1.343038e-13
36 +0 +0 +0 +8.897963e-14
37 +0 +0 +0 +3.469150e-13
38 +0 +0 +0 +5.935878e-13
39 +0 +0 +0 +8.463436e-13
40 +0 +0 +0 +9.099271e-13
41 +0 +0 +0 +3.970732e-13
42 +0 +0 +0 +1.318077e-13
43 +0 +0 +0 +7.274623e-14
44 +0 +0 +0 +4.982064e-15
45 +0 +0 +0 -6.388054e-14
46 +0 +0 +0 -2.297964e-13
47 +0 +0 +0 -4.303963e-13
48 +0 +0 +0 -4.151418e-13
49 +0 +0 +0 -2.845025e-13
50 +0 +0 +0 -2.320183e-13
51 +0 +0 +0 -1.282984e-13
52 +0 +0 +0 +1.663635e-14
53 +0 +0 +0 -9.131304e-14
54 +0 +0 +0 -1.304281e-13
55 +0 +0 +0 -7.561454e-14
56 +0 +0 +0 +3.414046e-14
57 +0 +0 +0 -2.257614e-14
58 +0 +0 +0 +7.856702e-14
59 +0 +0 +0 +1.247247e-13
60 +0 +0 +0 +1.227849e-13
61 +0 +0 +0 +1.391911e-13
62 +0 +0 +0 +1.622387e-13
63 +0 +0 +0 +6.682261e-14
