0 +0 +0 +0 +1.352834e-08
1 +0 +0 +0 +2.467832e-08
2 +0 +0 +0 +1.393842e-08
3 +0 +0 +0 +8.247751e-09
4 +0 +0 +0 +5.089033e-09
5 +0 +0 +0 +3.215980e-09
6 +0 +0 +0 +2.073164e-09
7 +0 +0 +0 +1.343425e-09
8 +0 +0 +0 +8.998897e-10
9 +0 +0 +0 +5.916663e-10
10 +0 +0 +0 +4.031895e-10
11 +0 +0 +0 +2.695679e-10
12 +0 +0 +0 +1.800839e-10
13 +0 +0 +0 +1.229869e-10
14 +0 +0 +0 +9.047482e-11
15 +0 +0 +0 +6.360025e-11
16 +0 +0 +0 +3.845293e-11
17 +0 +0 +0 +2.559511e-11
18 +0 +0 +0 +1.624451e-11
19 +0 +0 +0 +1.326396e-11
20 +0 +0 +0 +9.679192e-12
21 +0 +0 +0 +4.743160e-12
22 +0 +0 +0 +3.234841e-12
23 +0 +0 +0 +3.700604e-12
24 +0 +0 +0 +1.658276e-12
25 +0 +0 +0 +1.994773e-13
26 +0 +0 +0 +1.977648e-13
27 +0 +0 +0 -9.656370e-14
28 +0 +0 +0 -1.373704e-13
29 +0 +0 +0 +3.980529e-13
30 +0 +0 +0 +4.822208e-13
31 +0 +0 +0 -3.902010e-14
32 +0 +0 +0 -6.947447e-14
33 +0 +0 +0 +5.133857e-13
34 +0 +0 +0 +3.726559e-13
35 +0 +0 +0 +4.258183e-14
36 +0 +0 +0 -4.298214e-13
37 +0 +0 +0 -1.259027e-14
38 +0 +0 +0 -1.206411e-14
39 +0 +0 +0 -1.187901e-13
40 +0 +0 +0 -6.400967e-14
41 +0 +0 +0 -2.977019e-13
42 +0 +0 +0 -2.250694e-13
43 +0 +0 +0 -3.175028e-13
44 +0 +0 +0 -2.248798e-13
45 +0 +0 +0 -1.186444e-13
46 +0 +0 +0 -1.837780e-13
47 +0 +0 +0 -2.552409e-13
48 +0 +0 +0 -1.691055e-13
49 +0 +0 +0 -1.658008e-14
50 +0 +0 +0 +1.403423e-13
51 +0 +0 +0 +3.554802e-14
52 +0 +0 +0 +3.421513e-14
53 +0 +0 +0 +6.813295e-14
54 +0 +0 +0 -6.031030e-14
55 +0 +0 +0 -5.570089e-14
56 +0 +0 +0 -7.709916e-14
57 +0 +0 +0 -1.026027e-13
58 +0 +0 +0 -1.257457e-13
59 +0 +0 +0 -7.342894e-14
60 +0 +0 +0 -6.196402e-14
61 +0 +0 +0 -1.738624e-14
62 +0 +0 +0 +9.782942e-15
63 +0 +0 +0 +2.051369e-15
