0 +0 +0 +0 +1.341876e-08
1 +0 +0 +0 +2.499436e-08
2 +0 +0 +0 +1.385115e-08
3 +0 +0 +0 +7.904412e-09
4 +0 +0 +0 +4.924288e-09
5 +0 +0 +0 +3.095245e-09
6 +0 +0 +0 +2.002301e-09
7 +0 +0 +0 +1.324283e-09
8 +0 +0 +0 +8.893578e-10
9 +0 +0 +0 +5.841545e-10
10 +0 +0 +0 +3.810210e-10
11 +0 +0 +0 +2.521484e-10
12 +0 +0 +0 +1.728300e-10
13 +0 +0 +0 +1.080890e-10
14 +0 +0 +0 +7.745780e-11
15 +0 +0 +0 +5.373111e-11
16 +0 +0 +0 +3.614508e-11
17 +0 +0 +0 +2.564063e-11
18 +0 +0 +0 +2.028674e-11
19 +0 +0 +0 +1.294536e-11
20 +0 +0 +0 +8.562792e-12
21 +0 +0 +0 +7.047393e-12
22 +0 +0 +0 +4.988716e-12
23 +0 +0 +0 +3.823168e-12
24 +0 +0 +0 +4.124561e-12
25 +0 +0 +0 +2.936648e-12
26 +0 +0 +0 +2.749142e-12
27 +0 +0 +0 +2.732817e-12
28 +0 +0 +0 +2.169580e-12
29 +0 +0 +0 +2.276495e-12
30 +0 +0 +0 +1.520767e-12
31 +0 +0 +0 +6.679496e-13
32 +0 +0 +0 +6.177712e-13
33 +0 +0 +0 +1.702629e-13
34 +0 +0 +0 -2.873756e-13
35 +0 +0 +0 -3.136962e-13
36 +0 +0 +0 -3.720817e-13
37 +0 +0 +0 -3.575749e-13
38 +0 +0 +0 -4.213121e-13
39 +0 +0 +0 -5.159326e-13
40 +0 +0 +0 -5.368648e-13
41 +0 +0 +0 +6.514774e-14
42 +0 +0 +0 +1.707755e-14
43 +0 +0 +0 -2.925823e-13
44 +0 +0 +0 -7.630637e-14
45 +0 +0 +0 -1.831105e-13
46 +0 +0 +0 -2.927318e-13
47 +0 +0 +0 -8.461721e-14
48 +0 +0 +0 -1.261263e-13
49 +0 +0 +0 -7.466489e-14
50 +0 +0 +0 +9.780802e-14
51 +0 +0 +0 +7.716616e-14
52 +0 +0 +0 +7.790976e-14
53 +0 +0 +0 +1.908378e-13
54 +0 +0 +0 +2.471539e-13
55 +0 +0 +0 +2.519358e-13
56 +0 +0 +0 +1.470211e-13
57 +0 +0 +0 +3.313033e-14
58 +0 +0 +0 +5.046659e-14
59 +0 +0 +0 -5.995434e-14
60 +0 +0 +0 -2.098161e-14
61 +0 +0 +0 -2.200785e-14
62 +0 +0 +0 +7.601902e-14
63 +0 +0 +0 +7.047341e-14
