0 +0 +0 +0 +1.296797e-08
1 +0 +0 +0 +2.378755e-08
2 +0 +0 +0 +1.342772e-08
3 +0 +0 +0 +7.731046e-09
4 +0 +0 +0 +4.853490e-09
5 +0 +0 +0 +3.115064e-09
6 +0 +0 +0 +2.021089e-09
7 +0 +0 +0 +1.341771e-09
8 +0 +0 +0 +9.041095e-10
9 +0 +0 +0 +6.112158e-10
10 +0 +0 +0 +4.196231e-10
11 +0 +0 +0 +2.837053e-10
12 +0 +0 +0 +1.981308e-10
13 +0 +0 +0 +1.348891e-10
14 +0 +0 +0 +9.420317e-11
15 +0 +0 +0 +6.364698e-11
16 +0 +0 +0 +4.664488e-11
17 +0 +0 +0 +2.988867e-11
18 +0 +0 +0 +2.153417e-11
19 +0 +0 +0 +1.604427e-11
20 +0 +0 +0 +9.508862e-12
21 +0 +0 +0 +5.317041e-12
22 +0 +0 +0 +2.035346e-12
23 +0 +0 +0 +5.159337e-13
24 +0 +0 +0 -1.588539e-12
25 +0 +0 +0 -1.428910e-12
26 +0 +0 +0 -1.355927e-12
27 +0 +0 +0 -7.012392e-13
28 +0 +0 +0 -1.386061e-12
29 +0 +0 +0 -1.978514e-12
30 +0 +0 +0 -1.764110e-12
31 +0 +0 +0 -1.459986e-12
32 +0 +0 +0 -1.068739e-12
33 +0 +0 +0 -2.669756e-13
34 +0 +0 +0 +2.695023e-13
35 +0 +0 +0 +2.539395e-13
36 +0 +0 +0 -8.362562e-14
37 +0 +0 +0 -3.739486e-14
38 +0 +0 +0 -3.690358e-13
39 +0 +0 +0 +2.827540e-13
40 +0 +0 +0 +3.064948e-13
41 +0 +0 +0 +8.153665e-14
42 +0 +0 +0 -2.190363e-13
43 +0 +0 +0 -3.710265e-13
44 +0 +0 +0 -1.825045e-13
45 +0 +0 +0 -1.277301e-13
46 +0 +0 +0 +2.864697e-13
47 +0 +0 +0 +1.296230e-14
48 +0 +0 +0 +1.107801e-13
49 +0 +0 +0 +8.152912e-14
50 +0 +0 +0 +4.069894e-14
51 +0 +0 +0 +6.376552e-14
52 +0 +0 +0 +1.449281e-13
53 +0 +0 +0 +1.314753e-13
54 +0 +0 +0 +1.588257e-13
55 +0 +0 +0 +9.414354e-14
56 +0 +0 +0 +1.671209e-13
57 +0 +0 +0 +1.500510e-13
58 +0 +0 +0 +1.748406e-13
59 +0 +0 +0 +2.017441e-13
60 +0 +0 +0 +8.331185e-14
61 +0 +0 +0 +5.585235e-14
62 +0 +0 +0 +7.120163e-14
63 +0 +0 +0 +1.582091e-13
