0 +0 +0 +0 +1.277052e-08
1 +0 +0 +0 +2.565645e-08
2 +0 +0 +0 +1.397485e-08
3 +0 +0 +0 +8.191088e-09
4 +0 +0 +0 +5.180884e-09
5 +0 +0 +0 +3.304382e-09
6 +0 +0 +0 +2.126955e-09
7 +0 +0 +0 +1.368447e-09
8 +0 +0 +0 +9.218402e-10
9 +0 +0 +0 +6.168240e-10
10 +0 +0 +0 +4.095362e-10
11 +0 +0 +0 +2.784552e-10
12 +0 +0 +0 +1.922422e-10
13 +0 +0 +0 +1.283947e-10
14 +0 +0 +0 +8.372545e-11
15 +0 +0 +0 +6.290473e-11
16 +0 +0 +0 +4.166273e-11
17 +0 +0 +0 +2.602279e-11
18 +0 +0 +0 +1.459146e-11
19 +0 +0 +0 +7.384197e-12
20 +0 +0 +0 +5.636271e-12
21 +0 +0 +0 +4.836928e-12
22 +0 +0 +0 +4.885096e-12
23 +0 +0 +0 +3.360857e-12
24 +0 +0 +0 +2.382353e-12
25 +0 +0 +0 +1.344970e-12
26 +0 +0 +0 +4.044798e-13
27 +0 +0 +0 -1.224035e-12
28 +0 +0 +0 -7.491970e-13
29 +0 +0 +0 -1.238327e-12
30 +0 +0 +0 -9.084268e-13
31 +0 +0 +0 -8.396630e-13
32 +0 +0 +0 -1.381071e-12
33 +0 +0 +0 -1.121174e-12
34 +0 +0 +0 -9.235106e-13
35 +0 +0 +0 -1.063824e-13
36 +0 +0 +0 +1.908063e-13
37 +0 +0 +0 +3.856537e-13
38 +0 +0 +0 +3.440408e-13
39 +0 +0 +0 +3.659097e-13
40 +0 +0 +0 +1.377909e-13
41 +0 +0 +0 +2.862767e-13
42 +0 +0 +0 +3.554279e-13
43 +0 +0 +0 +4.443138e-13
44 +0 +0 +0 +4.494151e-13
45 +0 +0 +0 +2.649151e-13
46 +0 +0 +0 +1.650620e-13
47 +0 +0 +0 -8.862470e-14
48 +0 +0 +0 -1.233733e-13
49 +0 +0 +0 +9.835348e-14
50 +0 +0 +0 -1.232754e-13
51 +0 +0 +0 -1.348110e-13
52 +0 +0 +0 -2.652191e-13
53 +0 +0 +0 -1.139833e-13
54 +0 +0 +0 -8.926089e-14
55 +0 +0 +0 +1.425834e-13
56 +0 +0 +0 +1.183032e-13
57 +0 +0 +0 +1.671323e-13
58 +0 +0 +0 +1.453947e-13
59 +0 +0 +0 +1.488021e-13
60 +0 +0 +0 +8.008419e-14
61 +0 +0 +0 +4.410835e-14
62 +0 +0 +0 -1.946425e-14
63 +0 +0 +0 -2.281758e-14
