0 +0 +0 +0 +1.454067e-08
1 +0 +0 +0 +2.546500e-08
2 +0 +0 +0 +1.423468e-08
3 +0 +0 +0 +8.330368e-09
4 +0 +0 +0 +5.118534e-09
5 +0 +0 +0 +3.276809e-09
6 +0 +0 +0 +2.140577e-09
7 +0 +0 +0 +1.420886e-09
8 +0 +0 +0 +9.773447e-10
9 +0 +0 +0 +6.492484e-10
10 +0 +0 +0 +4.418736e-10
11 +0 +0 +0 +3.010527e-10
12 +0 +0 +0 +1.943351e-10
13 +0 +0 +0 +1.289781e-10
14 +0 +0 +0 +8.411265e-11
15 +0 +0 +0 +5.885665e-11
16 +0 +0 +0 +3.748249e-11
17 +0 +0 +0 +2.849398e-11
18 +0 +0 +0 +1.739877e-11
19 +0 +0 +0 +1.185400e-11
20 +0 +0 +0 +9.513476e-12
21 +0 +0 +0 +6.588617e-12
22 +0 +0 +0 +5.024075e-12
23 +0 +0 +0 +2.952734e-12
24 +0 +0 +0 +1.023758e-12
25 +0 +0 +0 +6.655473e-13
26 +0 +0 +0 -2.004667e-13
27 +0 +0 +0 -9.602751e-13
28 +0 +0 +0 -1.241129e-12
29 +0 +0 +0 -5.654233e-13
30 +0 +0 +0 -1.053396e-12
31 +0 +0 +0 -1.645340e-12
32 +0 +0 +0 -1.159767e-12
33 +0 +0 +0 -1.705905e-12
34 +0 +0 +0 -1.658713e-12
35 +0 +0 +0 -1.601190e-12
36 +0 +0 +0 -1.626305e-12
37 +0 +0 +0 -1.191249e-12
38 +0 +0 +0 -6.994793e-13
39 +0 +0 +0 -5.495501e-13
40 +0 +0 +0 -1.749935e-13
41 +0 +0 +0 +1.258440e-13
42 +0 +0 +0 +2.015571e-13
43 +0 +0 +0 +1.178844e-13
44 +0 +0 +0 -4.608287e-14
45 +0 +0 +0 +1.153508e-13
46 +0 +0 +0 -2.066811e-14
47 +0 +0 +0 +1.921599e-13
48 +0 +0 +0 +2.034321e-13
49 +0 +0 +0 +2.198098e-13
50 +0 +0 +0 +1.800726e-13
51 +0 +0 +0 +2.013741e-13
52 +0 +0 +0 +9.477725e-14
53 +0 +0 +0 +2.833397e-14
54 +0 +0 +0 +3.919253e-14
55 +0 +0 +0 +3.055480e-14
56 +0 +0 +0 +8.328005e-14
57 +0 +0 +0 +2.040943e-14
58 +0 +0 +0 -8.779643e-14
59 +0 +0 +0 -1.348033e-13
60 +0 +0 +0 -4.607878e-14
61 +0 +0 +0 -8.390945e-14
62 +0 +0 +0 -4.269988e-14
63 +0 +0 +0 -2.372182e-14
