0 +0 +0 +0 +1.346639e-08
1 +0 +0 +0 +2.529832e-08
2 +0 +0 +0 +1.379624e-08
3 +0 +0 +0 +8.120094e-09
4 +0 +0 +0 +5.008215e-09
5 +0 +0 +0 +3.141964e-09
6 +0 +0 +0 +2.059105e-09
7 +0 +0 +0 +1.391119e-09
8 +0 +0 +0 +9.140087e-10
9 +0 +0 +0 +6.004133e-10
10 +0 +0 +0 +4.030572e-10
11 +0 +0 +0 +2.822835e-10
12 +0 +0 +0 +1.795742e-10
13 +0 +0 +0 +1.232095e-10
14 +0 +0 +0 +8.210609e-11
15 +0 +0 +0 +5.558817e-11
16 +0 +0 +0 +3.309718e-11
17 +0 +0 +0 +2.001297e-11
18 +0 +0 +0 +1.204850e-11
19 +0 +0 +0 +9.581685e-12
20 +0 +0 +0 +7.759185e-12
21 +0 +0 +0 +4.461985e-12
22 +0 +0 +0 +4.676650e-12
23 +0 +0 +0 +3.220410e-12
24 +0 +0 +0 +2.061277e-12
25 +0 +0 +0 +1.711686e-12
26 +0 +0 +0 +1.455432e-12
27 +0 +0 +0 +8.375391e-13
28 +0 +0 +0 +3.930301e-13
29 +0 +0 +0 +1.219787e-13
30 +0 +0 +0 -3.684580e-13
31 +0 +0 +0 -2.166885e-14
32 +0 +0 +0 -2.289306e-13
33 +0 +0 +0 -2.060694e-13
34 +0 +0 +0 -3.989937e-13
35 +0 +0 +0 -3.953106e-13
36 +0 +0 +0 -3.942021e-13
37 +0 +0 +0 -8.492532e-13
38 +0 +0 +0 -6.863414e-13
39 +0 +0 +0 -6.060075e-13
40 +0 +0 +0 -5.619045e-13
41 +0 +0 +0 -4.551319e-13
42 +0 +0 +0 -2.538593e-13
43 +0 +0 +0 -2.142637e-13
44 +0 +0 +0 +5.733746e-14
45 +0 +0 +0 -8.952367e-14
46 +0 +0 +0 -2.236148e-13
47 +0 +0 +0 -2.729119e-13
48 +0 +0 +0 -4.311988e-13
49 +0 +0 +0 -2.730321e-13
50 +0 +0 +0 -2.067250e-13
51 +0 +0 +0 -2.094551e-13
52 +0 +0 +0 -2.168667e-13
53 +0 +0 +0 -3.111741e-13
54 +0 +0 +0 -3.577663e-13
55 +0 +0 +0 -2.949274e-13
56 +0 +0 +0 -1.078609e-13
57 +0 +0 +0 -4.624987e-14
58 +0 +0 +0 -4.499603e-14
59 +0 +0 +0 -1.442895e-14
60 +0 +0 +0 -3.259755e-14
61 +0 +0 +0 -4.918066e-14
62 +0 +0 +0 +3.188920e-14
63 +0 +0 +0 +3.666288e-14
