0 +0 +0 +0 +1.261857e-08
1 +0 +0 +0 +2.403768e-08
2 +0 +0 +0 +1.312793e-08
3 +0 +0 +0 +7.790657e-09
4 +0 +0 +0 +4.810336e-09
5 +0 +0 +0 +3.061741e-09
6 +0 +0 +0 +1.964258e-09
7 +0 +0 +0 +1.281051e-09
8 +0 +0 +0 +8.343389e-10
9 +0 +0 +0 +5.893744e-10
10 +0 +0 +0 +3.968449e-10
11 +0 +0 +0 +2.784743e-10
12 +0 +0 +0 +1.899960e-10
13 +0 +0 +0 +1.306533e-10
14 +0 +0 +0 +8.914429e-11
15 +0 +0 +0 +6.251691e-11
16 +0 +0 +0 +4.444381e-11
17 +0 +0 +0 +3.039889e-11
18 +0 +0 +0 +2.128297e-11
19 +0 +0 +0 +1.630637e-11
20 +0 +0 +0 +1.185974e-11
21 +0 +0 +0 +8.232064e-12
22 +0 +0 +0 +6.526641e-12
23 +0 +0 +0 +5.418739e-12
24 +0 +0 +0 +3.722810e-12
25 +0 +0 +0 +2.217100e-12
26 +0 +0 +0 +2.345132e-12
27 +0 +0 +0 +1.572390e-12
28 +0 +0 +0 +4.725341e-13
29 +0 +0 +0 -6.310142e-13
30 +0 +0 +0 -1.124589e-12
31 +0 +0 +0 -6.182093e-13
32 +0 +0 +0 -7.397735e-13
33 +0 +0 +0 -6.393877e-13
34 +0 +0 +0 -5.262573e-13
35 +0 +0 +0 -4.212411e-13
36 +0 +0 +0 +1.044851e-13
37 +0 +0 +0 +1.702915e-15
38 +0 +0 +0 -5.712716e-13
39 +0 +0 +0 -2.670467e-13
40 +0 +0 +0 -4.386136e-13
41 +0 +0 +0 -2.554165e-13
42 +0 +0 +0 -2.812526e-13
43 +0 +0 +0 -2.833208e-13
44 +0 +0 +0 -3.037997e-13
45 +0 +0 +0 -2.932348e-13
46 +0 +0 +0 -2.400524e-13
47 +0 +0 +0 +1.419838e-14
48 +0 +0 +0 -1.261435e-14
49 +0 +0 +0 +6.328181e-14
50 +0 +0 +0 +8.604860e-14
51 +0 +0 +0 +1.596619e-13
52 +0 +0 +0 +1.174804e-13
53 +0 +0 +0 +1.309209e-13
54 +0 +0 +0 +8.365929e-14
55 +0 +0 +0 +2.132222e-13
56 +0 +0 +0 +1.876938e-13
57 +0 +0 +0 +6.056369e-14
58 +0 +0 +0 +1.008764e-13
59 +0 +0 +0 -5.616174e-15
60 +0 +0 +0 +2.837691e-14
61 +0 +0 +0 +8.706398e-14
62 +0 +0 +0 +1.127808e-13
63 +0 +0 +0 +8.312628e-14
