0 +0 +0 +0 +1.298043e-08
1 +0 +0 +0 +2.408939e-08
2 +0 +0 +0 +1.353270e-08
3 +0 +0 +0 +7.997174e-09
4 +0 +0 +0 +4.972548e-09
5 +0 +0 +0 +3.120001e-09
6 +0 +0 +0 +2.032455e-09
7 +0 +0 +0 +1.311323e-09
8 +0 +0 +0 +8.806212e-10
9 +0 +0 +0 +5.992980e-10
10 +0 +0 +0 +4.007649e-10
11 +0 +0 +0 +2.796283e-10
12 +0 +0 +0 +1.882532e-10
13 +0 +0 +0 +1.253552e-10
14 +0 +0 +0 +8.397235e-11
15 +0 +0 +0 +6.042755e-11
16 +0 +0 +0 +4.025209e-11
17 +0 +0 +0 +2.918521e-11
18 +0 +0 +0 +2.169791e-11
19 +0 +0 +0 +1.205574e-11
20 +0 +0 +0 +6.868029e-12
21 +0 +0 +0 +3.268329e-12
22 +0 +0 +0 +3.625938e-12
23 +0 +0 +0 +1.033248e-12
24 +0 +0 +0 +8.362652e-13
25 +0 +0 +0 +8.177632e-13
26 +0 +0 +0 +3.055778e-13
27 +0 +0 +0 -4.457232e-14
28 +0 +0 +0 -6.147930e-13
29 +0 +0 +0 -1.987213e-13
30 +0 +0 +0 +5.535288e-13
31 +0 +0 +0 +4.583402e-14
32 +0 +0 +0 +6.176681e-13
33 +0 +0 +0 -5.125199e-14
34 +0 +0 +0 +1.412583e-13
35 +0 +0 +0 -4.726118e-14
36 +0 +0 +0 +2.112597e-13
37 +0 +0 +0 -2.247972e-13
38 +0 +0 +0 -2.064255e-13
39 +0 +0 +0 -2.007221e-13
40 +0 +0 +0 -2.014504e-13
41 +0 +0 +0 -1.468221e-13
42 +0 +0 +0 -7.855478e-14
43 +0 +0 +0 -1.856060e-13
44 +0 +0 +0 -6.680930e-14
45 +0 +0 +0 -1.941799e-13
46 +0 +0 +0 -6.828074e-14
47 +0 +0 +0 -1.544219e-13
48 +0 +0 +0 -1.012464e-13
49 +0 +0 +0 -2.193549e-13
50 +0 +0 +0 -2.298915e-13
51 +0 +0 +0 -1.312676e-13
52 +0 +0 +0 -1.696901e-13
53 +0 +0 +0 -1.216052e-13
54 +0 +0 +0 -6.319609e-14
55 +0 +0 +0 +4.013495e-14
56 +0 +0 +0 +5.006537e-14
57 +0 +0 +0 -2.792347e-16
58 +0 +0 +0 -1.326874e-14
59 +0 +0 +0 -8.338850e-14
60 +0 +0 +0 -1.060203e-13
61 +0 +0 +0 -1.291507e-13
62 +0 +0 +0 -1.585317e-13
63 +0 +0 +0 -2.236895e-13
