0 +0 +0 +0 +1.396801e-08
1 +0 +0 +0 +2.457316e-08
2 +0 +0 +0 +1.340451e-08
3 +0 +0 +0 +8.040199e-09
4 +0 +0 +0 +4.985641e-09
5 +0 +0 +0 +3.272610e-09
6 +0 +0 +0 +2.102415e-09
7 +0 +0 +0 +1.388074e-09
8 +0 +0 +0 +9.438592e-10
9 +0 +0 +0 +6.325066e-10
10 +0 +0 +0 +4.175259e-10
11 +0 +0 +0 +2.784755e-10
12 +0 +0 +0 +1.883637e-10
13 +0 +0 +0 +1.234962e-10
14 +0 +0 +0 +8.746847e-11
15 +0 +0 +0 +5.688609e-11
16 +0 +0 +0 +3.841462e-11
17 +0 +0 +0 +2.625994e-11
18 +0 +0 +0 +1.822843e-11
19 +0 +0 +0 +1.309022e-11
20 +0 +0 +0 +9.109130e-12
21 +0 +0 +0 +6.921585e-12
22 +0 +0 +0 +4.210590e-12
23 +0 +0 +0 +2.837072e-12
24 +0 +0 +0 +1.976892e-12
25 +0 +0 +0 +1.893681e-12
26 +0 +0 +0 +8.363542e-13
27 +0 +0 +0 +8.317363e-13
28 +0 +0 +0 +1.047377e-12
29 +0 +0 +0 +5.617417e-13
30 +0 +0 +0 +1.379233e-12
31 +0 +0 +0 +9.195120e-13
32 +0 +0 +0 +1.078491e-12
33 +0 +0 +0 +1.536767e-12
34 +0 +0 +0 +1.580631e-12
35 +0 +0 +0 +1.352368e-12
36 +0 +0 +0 +9.617488e-13
37 +0 +0 +0 +2.950432e-13
38 +0 +0 +0 +1.543598e-13
39 +0 +0 +0 +5.201572e-13
40 +0 +0 +0 +5.748717e-14
41 +0 +0 +0 -3.747862e-14
42 +0 +0 +0 -1.856285e-13
43 +0 +0 +0 -2.491064e-13
44 +0 +0 +0 -2.905765e-13
45 +0 +0 +0 -3.638376e-13
46 +0 +0 +0 -2.154316e-13
47 +0 +0 +0 -1.147848e-13
48 +0 +0 +0 -9.289081e-14
49 +0 +0 +0 -2.380170e-13
50 +0 +0 +0 -3.114529e-14
51 +0 +0 +0 +5.249515e-14
52 +0 +0 +0 -1.866236e-13
53 +0 +0 +0 -6.110890e-14
54 +0 +0 +0 +5.411205e-14
55 +0 +0 +0 +2.619932e-14
56 +0 +0 +0 +1.902992e-13
57 +0 +0 +0 +1.493130e-13
58 +0 +0 +0 +7.210693e-14
59 +0 +0 +0 -2.017776e-14
60 +0 +0 +0 +5.598975e-14
61 +0 +0 +0 +2.852537e-14
62 +0 +0 +0 -1.538103e-14
63 +0 +0 +0 -2.351116e-15
