0 +0 +0 +0 +1.350788e-08
1 +0 +0 +0 +2.456003e-08
2 +0 +0 +0 +1.368869e-08
3 +0 +0 +0 +8.084191e-09
4 +0 +0 +0 +4.922726e-09
5 +0 +0 +0 +3.096012e-09
6 +0 +0 +0 +2.008095e-09
7 +0 +0 +0 +1.308548e-09
8 +0 +0 +0 +8.592281e-10
9 +0 +0 +0 +5.684958e-10
10 +0 +0 +0 +3.696993e-10
11 +0 +0 +0 +2.419368e-10
12 +0 +0 +0 +1.590812e-10
13 +0 +0 +0 +1.028433e-10
14 +0 +0 +0 +6.866758e-11
15 +0 +0 +0 +4.216799e-11
16 +0 +0 +0 +2.791416e-11
17 +0 +0 +0 +1.602038e-11
18 +0 +0 +0 +8.284160e-12
19 +0 +0 +0 +3.553837e-12
20 +0 +0 +0 +7.409077e-14
21 +0 +0 +0 -3.727524e-13
22 +0 +0 +0 -1.187504e-12
23 +0 +0 +0 -1.191293e-12
24 +0 +0 +0 -1.509700e-12
25 +0 +0 +0 -1.779356e-12
26 +0 +0 +0 -1.656421e-12
27 +0 +0 +0 -8.047094e-13
28 +0 +0 +0 -1.058852e-12
29 +0 +0 +0 -7.495388e-13
30 +0 +0 +0 -1.103117e-12
31 +0 +0 +0 -1.133685e-12
32 +0 +0 +0 -9.503952e-13
33 +0 +0 +0 -1.061679e-12
34 +0 +0 +0 -1.698865e-13
35 +0 +0 +0 -4.323386e-14
36 +0 +0 +0 -1.909048e-13
37 +0 +0 +0 +2.830934e-13
38 +0 +0 +0 +5.745965e-14
39 +0 +0 +0 +1.048269e-13
40 +0 +0 +0 +1.137058e-13
41 +0 +0 +0 +1.297299e-13
42 +0 +0 +0 +4.278916e-13
43 +0 +0 +0 +2.311485e-13
44 +0 +0 +0 +3.946776e-14
45 +0 +0 +0 -1.508607e-14
46 +0 +0 +0 +1.320353e-13
47 +0 +0 +0 +1.497459e-13
48 +0 +0 +0 +4.253253e-14
49 +0 +0 +0 +3.851279e-14
50 +0 +0 +0 -9.632010e-14
51 +0 +0 +0 +7.079521e-14
52 +0 +0 +0 +3.524176e-14
53 +0 +0 +0 +7.001232e-14
54 +0 +0 +0 +3.594586e-14
55 +0 +0 +0 +4.814943e-14
56 +0 +0 +0 +1.087442e-13
57 +0 +0 +0 +8.638462e-14
58 +0 +0 +0 +8.811140e-14
59 +0 +0 +0 +4.005299e-14
60 +0 +0 +0 +1.038089e-13
61 +0 +0 +0 -1.791239e-14
62 +0 +0 +0 +3.093820e-14
63 +0 +0 +0 -1.047911e-13
