0 +0 +0 +0 +1.322587e-08
1 +0 +0 +0 +2.398076e-08
2 +0 +0 +0 +1.353775e-08
3 +0 +0 +0 +7.922659e-09
4 +0 +0 +0 +4.976871e-09
5 +0 +0 +0 +3.153611e-09
6 +0 +0 +0 +2.056960e-09
7 +0 +0 +0 +1.346341e-09
8 +0 +0 +0 +8.707556e-10
9 +0 +0 +0 +5.657085e-10
10 +0 +0 +0 +3.822793e-10
11 +0 +0 +0 +2.582248e-10
12 +0 +0 +0 +1.813683e-10
13 +0 +0 +0 +1.257607e-10
14 +0 +0 +0 +8.090030e-11
15 +0 +0 +0 +5.691377e-11
16 +0 +0 +0 +3.721087e-11
17 +0 +0 +0 +2.132241e-11
18 +0 +0 +0 +1.353443e-11
19 +0 +0 +0 +8.046870e-12
20 +0 +0 +0 +6.606034e-12
21 +0 +0 +0 +4.533338e-12
22 +0 +0 +0 +3.502397e-12
23 +0 +0 +0 +5.360284e-12
24 +0 +0 +0 +4.696920e-12
25 +0 +0 +0 +3.962020e-12
26 +0 +0 +0 +3.497344e-12
27 +0 +0 +0 +3.084871e-12
28 +0 +0 +0 +2.640599e-12
29 +0 +0 +0 +2.254710e-12
30 +0 +0 +0 +1.066203e-12
31 +0 +0 +0 +3.838201e-13
32 +0 +0 +0 +3.688595e-13
33 +0 +0 +0 +5.231296e-13
34 +0 +0 +0 +8.190716e-14
35 +0 +0 +0 -3.460801e-14
36 +0 +0 +0 -5.182276e-13
37 +0 +0 +0 -4.728768e-16
38 +0 +0 +0 -1.992455e-13
39 +0 +0 +0 +6.247301e-14
40 +0 +0 +0 -4.076600e-14
41 +0 +0 +0 -2.099853e-13
42 +0 +0 +0 -2.155436e-13
43 +0 +0 +0 -1.398812e-13
44 +0 +0 +0 -1.197137e-13
45 +0 +0 +0 +1.819508e-14
46 +0 +0 +0 -7.569895e-14
47 +0 +0 +0 -2.802278e-14
48 +0 +0 +0 +1.785708e-14
49 +0 +0 +0 +7.918525e-15
50 +0 +0 +0 -2.554176e-14
51 +0 +0 +0 -9.013116e-14
52 +0 +0 +0 -8.581161e-14
53 +0 +0 +0 +7.550072e-15
54 +0 +0 +0 -6.616296e-14
55 +0 +0 +0 +3.667723e-14
56 +0 +0 +0 +6.603632e-14
57 +0 +0 +0 +6.936266e-14
58 +0 +0 +0 +1.225891e-13
59 +0 +0 +0 +4.992801e-14
60 +0 +0 +0 -2.144630e-15
61 +0 +0 +0 -2.441956e-14
62 +0 +0 +0 -3.323193e-14
63 +0 +0 +0 -1.386665e-13
