0 +0 +0 +0 +1.268423e-08
1 +0 +0 +0 +2.374171e-08
2 +0 +0 +0 +1.316741e-08
3 +0 +0 +0 +7.800751e-09
4 +0 +0 +0 +4.908363e-09
5 +0 +0 +0 +3.148787e-09
6 +0 +0 +0 +2.034146e-09
7 +0 +0 +0 +1.323879e-09
8 +0 +0 +0 +8.788391e-10
9 +0 +0 +0 +5.759004e-10
10 +0 +0 +0 +3.821503e-10
11 +0 +0 +0 +2.630197e-10
12 +0 +0 +0 +1.702408e-10
13 +0 +0 +0 +1.232619e-10
14 +0 +0 +0 +8.625268e-11
15 +0 +0 +0 +5.887741e-11
16 +0 +0 +0 +3.818819e-11
17 +0 +0 +0 +2.612047e-11
18 +0 +0 +0 +2.101192e-11
19 +0 +0 +0 +1.535256e-11
20 +0 +0 +0 +1.016092e-11
21 +0 +0 +0 +8.096508e-12
22 +0 +0 +0 +5.872264e-12
23 +0 +0 +0 +3.092998e-12
24 +0 +0 +0 +1.563990e-12
25 +0 +0 +0 +3.471095e-14
26 +0 +0 +0 -1.241828e-12
27 +0 +0 +0 -1.842476e-12
28 +0 +0 +0 -1.639400e-12
29 +0 +0 +0 -1.476747e-12
30 +0 +0 +0 -8.277715e-13
31 +0 +0 +0 -6.808066e-13
32 +0 +0 +0 -5.321242e-13
33 +0 +0 +0 -3.649136e-13
34 +0 +0 +0 -3.289427e-13
35 +0 +0 +0 -1.303088e-13
36 +0 +0 +0 -4.938455e-14
37 +0 +0 +0 -5.042596e-14
38 +0 +0 +0 -8.680238e-15
39 +0 +0 +0 -1.475615e-13
40 +0 +0 +0 -4.499851e-15
41 +0 +0 +0 -4.182547e-14
42 +0 +0 +0 -7.505139e-14
43 +0 +0 +0 +1.295243e-15
44 +0 +0 +0 -7.805841e-14
45 +0 +0 +0 -5.336974e-14
46 +0 +0 +0 +5.199081e-14
47 +0 +0 +0 +1.117362e-13
48 +0 +0 +0 +2.044917e-13
49 +0 +0 +0 +1.640444e-13
50 +0 +0 +0 +9.021146e-14
51 +0 +0 +0 +2.710415e-15
52 +0 +0 +0 +1.018237e-13
53 +0 +0 +0 +9.495088e-14
54 +0 +0 +0 +7.167001e-14
55 +0 +0 +0 +8.029448e-14
56 +0 +0 +0 -3.931147e-14
57 +0 +0 +0 -4.046985e-14
58 +0 +0 +0 -6.486634e-14
59 +0 +0 +0 -3.406554e-14
60 +0 +0 +0 -5.456275e-14
61 +0 +0 +0 -9.908796e-16
62 +0 +0 +0 +9.760341e-14
63 +0 +0 +0 +1.163556e-13
