0 +0 +0 +0 +1.278278e-08
1 +0 +0 +0 +2.338562e-08
2 +0 +0 +0 +1.325619e-08
3 +0 +0 +0 +7.758823e-09
4 +0 +0 +0 +4.700081e-09
5 +0 +0 +0 +2.985375e-09
6 +0 +0 +0 +1.937738e-09
7 +0 +0 +0 +1.283920e-09
8 +0 +0 +0 +8.556439e-10
9 +0 +0 +0 +5.625311e-10
10 +0 +0 +0 +3.787764e-10
11 +0 +0 +0 +2.551685e-10
12 +0 +0 +0 +1.728025e-10
13 +0 +0 +0 +1.154742e-10
14 +0 +0 +0 +8.001136e-11
15 +0 +0 +0 +5.024645e-11
16 +0 +0 +0 +3.278476e-11
17 +0 +0 +0 +2.386899e-11
18 +0 +0 +0 +1.892865e-11
19 +0 +0 +0 +1.281514e-11
20 +0 +0 +0 +1.102570e-11
21 +0 +0 +0 +8.020449e-12
22 +0 +0 +0 +8.101444e-12
23 +0 +0 +0 +7.109511e-12
24 +0 +0 +0 +5.327540e-12
25 +0 +0 +0 +3.701846e-12
26 +0 +0 +0 +2.036175e-12
27 +0 +0 +0 +4.965323e-13
28 +0 +0 +0 +4.746796e-13
29 +0 +0 +0 +4.917858e-13
30 +0 +0 +0 +4.849947e-13
31 +0 +0 +0 +3.420485e-13
32 +0 +0 +0 +1.268204e-13
33 +0 +0 +0 +1.015537e-13
34 +0 +0 +0 +1.415070e-13
35 +0 +0 +0 +4.921083e-13
36 +0 +0 +0 +3.059209e-13
37 +0 +0 +0 +1.151360e-13
38 +0 +0 +0 +1.392829e-13
39 +0 +0 +0 +9.560764e-14
40 +0 +0 +0 +1.218693e-13
41 +0 +0 +0 +4.624283e-13
42 +0 +0 +0 +2.886587e-13
43 +0 +0 +0 +5.031874e-13
44 +0 +0 +0 +4.664770e-13
45 +0 +0 +0 +3.020488e-13
46 +0 +0 +0 +3.689816e-13
47 +0 +0 +0 +1.268824e-13
48 +0 +0 +0 -2.246492e-14
49 +0 +0 +0 +1.364680e-15
50 +0 +0 +0 -6.123807e-14
51 +0 +0 +0 +5.456534e-14
52 +0 +0 +0 -1.004977e-13
53 +0 +0 +0 -5.598135e-14
54 +0 +0 +0 +4.817442e-14
55 +0 +0 +0 +2.298186e-14
56 +0 +0 +0 -8.738438e-14
57 +0 +0 +0 -3.245943e-14
58 +0 +0 +0 -1.104480e-14
59 +0 +0 +0 +7.862976e-15
60 +0 +0 +0 +1.140286e-13
61 +0 +0 +0 +9.799117e-14
62 +0 +0 +0 +8.226039e-14
63 +0 +0 +0 +1.673316e-13
