0 +0 +0 +0 +1.295082e-08
1 +0 +0 +0 +2.356545e-08
2 +0 +0 +0 +1.293327e-08
3 +0 +0 +0 +7.713326e-09
4 +0 +0 +0 +4.768114e-09
5 +0 +0 +0 +3.091357e-09
6 +0 +0 +0 +2.001455e-09
7 +0 +0 +0 +1.339482e-09
8 +0 +0 +0 +9.006598e-10
9 +0 +0 +0 +6.102917e-10
10 +0 +0 +0 +4.061861e-10
11 +0 +0 +0 +2.758818e-10
12 +0 +0 +0 +1.874773e-10
13 +0 +0 +0 +1.295609e-10
14 +0 +0 +0 +8.814904e-11
15 +0 +0 +0 +5.314783e-11
16 +0 +0 +0 +4.074683e-11
17 +0 +0 +0 +2.509048e-11
18 +0 +0 +0 +1.976327e-11
19 +0 +0 +0 +1.430059e-11
20 +0 +0 +0 +1.023846e-11
21 +0 +0 +0 +5.472365e-12
22 +0 +0 +0 +5.271223e-12
23 +0 +0 +0 +4.582656e-12
24 +0 +0 +0 +2.432722e-12
25 +0 +0 +0 +1.747650e-12
26 +0 +0 +0 +1.810966e-12
27 +0 +0 +0 +1.275038e-12
28 +0 +0 +0 -4.891991e-13
29 +0 +0 +0 -1.978425e-13
30 +0 +0 +0 +1.474170e-14
31 +0 +0 +0 -5.328926e-14
32 +0 +0 +0 +5.267804e-13
33 +0 +0 +0 +7.198932e-13
34 +0 +0 +0 +6.646791e-13
35 +0 +0 +0 +2.789069e-13
36 +0 +0 +0 +3.922927e-13
37 +0 +0 +0 -2.636297e-13
38 +0 +0 +0 -4.668359e-13
39 +0 +0 +0 -4.724946e-14
40 +0 +0 +0 +1.673117e-13
41 +0 +0 +0 +1.095546e-13
42 +0 +0 +0 +2.368459e-14
43 +0 +0 +0 -2.842915e-15
44 +0 +0 +0 +9.460963e-14
45 +0 +0 +0 -1.253798e-13
46 +0 +0 +0 -7.538343e-14
47 +0 +0 +0 -2.782805e-14
48 +0 +0 +0 -8.288935e-14
49 +0 +0 +0 -2.013041e-13
50 +0 +0 +0 -3.979564e-14
51 +0 +0 +0 +3.255328e-14
52 +0 +0 +0 -2.001185e-14
53 +0 +0 +0 +1.645250e-13
54 +0 +0 +0 +1.969794e-13
55 +0 +0 +0 +1.532670e-13
56 +0 +0 +0 +9.199993e-14
57 +0 +0 +0 +4.696517e-14
58 +0 +0 +0 +8.668250e-14
59 +0 +0 +0 +1.212731e-13
60 +0 +0 +0 -1.528764e-15
61 +0 +0 +0 +1.066395e-13
62 +0 +0 +0 +5.190192e-14
63 +0 +0 +0 +1.283922e-13
