0 +0 +0 +0 +1.300303e-08
1 +0 +0 +0 +2.400151e-08
2 +0 +0 +0 +1.319429e-08
3 +0 +0 +0 +7.833893e-09
4 +0 +0 +0 +4.770173e-09
5 +0 +0 +0 +3.060149e-09
6 +0 +0 +0 +1.979540e-09
7 +0 +0 +0 +1.302939e-09
8 +0 +0 +0 +8.707564e-10
9 +0 +0 +0 +5.932899e-10
10 +0 +0 +0 +4.058544e-10
11 +0 +0 +0 +2.876103e-10
12 +0 +0 +0 +2.027128e-10
13 +0 +0 +0 +1.391903e-10
14 +0 +0 +0 +9.559706e-11
15 +0 +0 +0 +7.095062e-11
16 +0 +0 +0 +4.605700e-11
17 +0 +0 +0 +3.132016e-11
18 +0 +0 +0 +1.804001e-11
19 +0 +0 +0 +1.197711e-11
20 +0 +0 +0 +8.220363e-12
21 +0 +0 +0 +4.263328e-12
22 +0 +0 +0 +2.858100e-12
23 +0 +0 +0 +2.503336e-12
24 +0 +0 +0 +1.191363e-12
25 +0 +0 +0 +1.898237e-12
26 +0 +0 +0 +9.917350e-13
27 +0 +0 +0 +9.607493e-13
28 +0 +0 +0 +2.078632e-13
29 +0 +0 +0 -9.226517e-13
30 +0 +0 +0 -7.914786e-13
31 +0 +0 +0 -8.642459e-13
32 +0 +0 +0 -5.612259e-13
33 +0 +0 +0 -2.878807e-13
34 +0 +0 +0 -1.440866e-13
35 +0 +0 +0 +1.574696e-13
36 +0 +0 +0 +3.647056e-13
37 +0 +0 +0 +5.138631e-13
38 +0 +0 +0 +4.904861e-13
39 +0 +0 +0 +9.736923e-14
40 +0 +0 +0 -1.221343e-13
41 +0 +0 +0 -3.447011e-13
42 +0 +0 +0 -3.525338e-13
43 +0 +0 +0 -4.042243e-13
44 +0 +0 +0 -2.072218e-13
45 +0 +0 +0 -1.315626e-13
46 +0 +0 +0 -2.155302e-13
47 +0 +0 +0 -2.836231e-13
48 +0 +0 +0 -2.840343e-13
49 +0 +0 +0 -2.484224e-13
50 +0 +0 +0 -2.460703e-13
51 +0 +0 +0 -1.436863e-13
52 +0 +0 +0 -8.790567e-14
53 +0 +0 +0 -1.577571e-13
54 +0 +0 +0 -4.640001e-14
55 +0 +0 +0 -4.892628e-14
56 +0 +0 +0 -3.574838e-14
57 +0 +0 +0 -3.037189e-15
58 +0 +0 +0 -5.908349e-14
59 +0 +0 +0 -1.280223e-14
60 +0 +0 +0 -7.972708e-14
61 +0 +0 +0 -8.019543e-15
62 +0 +0 +0 +7.740853e-15
63 +0 +0 +0 -8.410288e-14
