0 +0 +0 +0 +1.427390e-08
1 +0 +0 +0 +2.526219e-08
2 +0 +0 +0 +1.408070e-08
3 +0 +0 +0 +8.142775e-09
4 +0 +0 +0 +4.998748e-09
5 +0 +0 +0 +3.180612e-09
6 +0 +0 +0 +2.109892e-09
7 +0 +0 +0 +1.381164e-09
8 +0 +0 +0 +9.098165e-10
9 +0 +0 +0 +6.149813e-10
10 +0 +0 +0 +4.045192e-10
11 +0 +0 +0 +2.762445e-10
12 +0 +0 +0 +2.008326e-10
13 +0 +0 +0 +1.409771e-10
14 +0 +0 +0 +1.052951e-10
15 +0 +0 +0 +7.468604e-11
16 +0 +0 +0 +5.237894e-11
17 +0 +0 +0 +3.880414e-11
18 +0 +0 +0 +2.535510e-11
19 +0 +0 +0 +1.784079e-11
20 +0 +0 +0 +1.397877e-11
21 +0 +0 +0 +1.097407e-11
22 +0 +0 +0 +7.203164e-12
23 +0 +0 +0 +4.908438e-12
24 +0 +0 +0 +3.285399e-12
25 +0 +0 +0 +2.214758e-12
26 +0 +0 +0 +1.733797e-12
27 +0 +0 +0 +3.889619e-13
28 +0 +0 +0 +6.809918e-14
29 +0 +0 +0 +1.777643e-13
30 +0 +0 +0 -4.158627e-13
31 +0 +0 +0 -5.140705e-13
32 +0 +0 +0 -4.365554e-13
33 +0 +0 +0 +6.498041e-14
34 +0 +0 +0 -1.338561e-13
35 +0 +0 +0 -1.104236e-13
36 +0 +0 +0 -5.105592e-13
37 +0 +0 +0 -5.197433e-13
38 +0 +0 +0 -1.178088e-13
39 +0 +0 +0 -2.417055e-13
40 +0 +0 +0 -3.937655e-13
41 +0 +0 +0 -4.548503e-13
42 +0 +0 +0 -3.744887e-13
43 +0 +0 +0 -2.045162e-13
44 +0 +0 +0 -2.597352e-13
45 +0 +0 +0 -1.770711e-13
46 +0 +0 +0 -3.151938e-13
47 +0 +0 +0 -2.615703e-13
48 +0 +0 +0 -1.914998e-13
49 +0 +0 +0 -1.243938e-13
50 +0 +0 +0 -3.114124e-13
51 +0 +0 +0 -4.206324e-13
52 +0 +0 +0 -4.321034e-13
53 +0 +0 +0 -2.217545e-13
54 +0 +0 +0 -2.324783e-13
55 +0 +0 +0 -1.012406e-13
56 +0 +0 +0 -7.971824e-14
57 +0 +0 +0 -8.669826e-14
58 +0 +0 +0 -8.746927e-15
59 +0 +0 +0 +1.058909e-13
60 +0 +0 +0 +3.106679e-14
61 +0 +0 +0 +4.700680e-15
62 +0 +0 +0 +9.179787e-15
63 +0 +0 +0 -9.075676e-14
