0 +0 +0 +0 +1.280297e-08
1 +0 +0 +0 +2.348605e-08
2 +0 +0 +0 +1.327621e-08
3 +0 +0 +0 +7.771533e-09
4 +0 +0 +0 +4.887437e-09
5 +0 +0 +0 +3.066255e-09
6 +0 +0 +0 +2.002715e-09
7 +0 +0 +0 +1.332477e-09
8 +0 +0 +0 +8.911717e-10
9 +0 +0 +0 +5.813188e-10
10 +0 +0 +0 +3.910356e-10
11 +0 +0 +0 +2.536554e-10
12 +0 +0 +0 +1.680960e-10
13 +0 +0 +0 +1.152562e-10
14 +0 +0 +0 +8.265871e-11
15 +0 +0 +0 +5.898471e-11
16 +0 +0 +0 +4.018795e-11
17 +0 +0 +0 +3.123391e-11
18 +0 +0 +0 +2.097056e-11
19 +0 +0 +0 +1.413310e-11
20 +0 +0 +0 +7.826763e-12
21 +0 +0 +0 +6.973213e-12
22 +0 +0 +0 +4.598157e-12
23 +0 +0 +0 +3.233696e-12
24 +0 +0 +0 +2.869081e-12
25 +0 +0 +0 +3.203910e-12
26 +0 +0 +0 +1.652993e-12
27 +0 +0 +0 +9.747420e-13
28 +0 +0 +0 +4.739641e-13
29 +0 +0 +0 -1.286845e-13
30 +0 +0 +0 -2.702607e-13
31 +0 +0 +0 -4.138386e-13
32 +0 +0 +0 +2.586129e-13
33 +0 +0 +0 -4.932929e-13
34 +0 +0 +0 +2.170394e-14
35 +0 +0 +0 -4.007314e-13
36 +0 +0 +0 -5.933014e-13
37 +0 +0 +0 -8.104704e-13
38 +0 +0 +0 -9.399916e-13
39 +0 +0 +0 -8.278169e-13
40 +0 +0 +0 -4.150434e-13
41 +0 +0 +0 -2.960613e-13
42 +0 +0 +0 +1.697351e-13
43 +0 +0 +0 -7.049940e-14
44 +0 +0 +0 +4.663438e-14
45 +0 +0 +0 +1.403597e-13
46 +0 +0 +0 +1.538812e-13
47 +0 +0 +0 +1.276037e-13
48 +0 +0 +0 +1.131221e-13
49 +0 +0 +0 +1.479390e-14
50 +0 +0 +0 -6.253794e-14
51 +0 +0 +0 -7.348496e-14
52 +0 +0 +0 -7.896057e-14
53 +0 +0 +0 +5.241359e-16
54 +0 +0 +0 -9.517371e-15
55 +0 +0 +0 +1.485089e-15
56 +0 +0 +0 +3.846533e-14
57 +0 +0 +0 +1.340390e-13
58 +0 +0 +0 +1.779950e-13
59 +0 +0 +0 +1.516240e-13
60 +0 +0 +0 +1.090762e-13
61 +0 +0 +0 +1.195752e-13
62 +0 +0 +0 +2.278669e-14
63 +0 +0 +0 +6.261089e-14
