0 +0 +0 +0 +1.249840e-08
1 +0 +0 +0 +2.395563e-08
2 +0 +0 +0 +1.338299e-08
3 +0 +0 +0 +7.908663e-09
4 +0 +0 +0 +4.867735e-09
5 +0 +0 +0 +3.101456e-09
6 +0 +0 +0 +2.046516e-09
7 +0 +0 +0 +1.323192e-09
8 +0 +0 +0 +8.716911e-10
9 +0 +0 +0 +5.815723e-10
10 +0 +0 +0 +3.924401e-10
11 +0 +0 +0 +2.706965e-10
12 +0 +0 +0 +1.903816e-10
13 +0 +0 +0 +1.298657e-10
14 +0 +0 +0 +8.607526e-11
15 +0 +0 +0 +6.099864e-11
16 +0 +0 +0 +4.408251e-11
17 +0 +0 +0 +3.336897e-11
18 +0 +0 +0 +2.072499e-11
19 +0 +0 +0 +1.436013e-11
20 +0 +0 +0 +9.732997e-12
21 +0 +0 +0 +5.107819e-12
22 +0 +0 +0 +5.317917e-12
23 +0 +0 +0 +4.290017e-12
24 +0 +0 +0 +3.585195e-13
25 +0 +0 +0 +6.198716e-13
26 +0 +0 +0 +1.023131e-12
27 +0 +0 +0 +1.648634e-12
28 +0 +0 +0 +1.521426e-12
29 +0 +0 +0 +2.328845e-12
30 +0 +0 +0 +1.759459e-12
31 +0 +0 +0 +1.042243e-12
32 +0 +0 +0 +2.261683e-13
33 +0 +0 +0 +2.676060e-13
34 +0 +0 +0 +4.374033e-13
35 +0 +0 +0 +3.422893e-13
36 +0 +0 +0 +9.818521e-14
37 +0 +0 +0 +3.952821e-13
38 +0 +0 +0 +3.962749e-13
39 +0 +0 +0 +3.613270e-13
40 +0 +0 +0 +4.566193e-14
41 +0 +0 +0 +2.919924e-13
42 +0 +0 +0 +4.213096e-13
43 +0 +0 +0 +3.511741e-13
44 +0 +0 +0 +7.518568e-14
45 +0 +0 +0 +1.069709e-13
46 +0 +0 +0 -5.332576e-14
47 +0 +0 +0 -6.997631e-14
48 +0 +0 +0 -2.535721e-14
49 +0 +0 +0 +1.707901e-13
50 +0 +0 +0 +2.109863e-13
51 +0 +0 +0 +2.583467e-13
52 +0 +0 +0 +2.066793e-13
53 +0 +0 +0 +2.092676e-13
54 +0 +0 +0 +1.644174e-13
55 +0 +0 +0 +1.669298e-13
56 +0 +0 +0 +1.061190e-13
57 +0 +0 +0 +5.724396e-14
58 +0 +0 +0 +2.503751e-14
59 +0 +0 +0 +1.553283e-13
60 +0 +0 +0 +8.407355e-14
61 +0 +0 +0 +1.426830e-13
62 +0 +0 +0 +9.048216e-14
63 +0 +0 +0 +4.358558e-14
