0 +0 +0 +0 +1.375662e-08
1 +0 +0 +0 +2.459166e-08
2 +0 +0 +0 +1.360311e-08
3 +0 +0 +0 +7.943082e-09
4 +0 +0 +0 +4.850558e-09
5 +0 +0 +0 +3.114134e-09
6 +0 +0 +0 +2.009723e-09
7 +0 +0 +0 +1.355096e-09
8 +0 +0 +0 +8.968734e-10
9 +0 +0 +0 +6.067389e-10
10 +0 +0 +0 +4.056555e-10
11 +0 +0 +0 +2.799413e-10
12 +0 +0 +0 +1.837930e-10
13 +0 +0 +0 +1.220748e-10
14 +0 +0 +0 +7.395725e-11
15 +0 +0 +0 +4.888334e-11
16 +0 +0 +0 +3.333388e-11
17 +0 +0 +0 +2.327967e-11
18 +0 +0 +0 +1.269864e-11
19 +0 +0 +0 +8.669615e-12
20 +0 +0 +0 +5.238008e-12
21 +0 +0 +0 +5.625419e-12
22 +0 +0 +0 +3.026543e-12
23 +0 +0 +0 +1.895800e-12
24 +0 +0 +0 +1.853817e-12
25 +0 +0 +0 +1.316595e-12
26 +0 +0 +0 -2.922698e-13
27 +0 +0 +0 +4.030207e-13
28 +0 +0 +0 +4.415855e-14
29 +0 +0 +0 -4.172688e-13
30 +0 +0 +0 -1.916150e-14
31 +0 +0 +0 -5.702384e-13
32 +0 +0 +0 -1.378178e-12
33 +0 +0 +0 -1.454192e-12
34 +0 +0 +0 -6.144004e-13
35 +0 +0 +0 -2.609912e-13
36 +0 +0 +0 -1.557862e-13
37 +0 +0 +0 -2.951820e-13
38 +0 +0 +0 -4.021330e-13
39 +0 +0 +0 -1.157720e-13
40 +0 +0 +0 +1.623605e-13
41 +0 +0 +0 +3.293579e-13
42 +0 +0 +0 +3.351123e-13
43 +0 +0 +0 +2.960693e-13
44 +0 +0 +0 +3.991699e-13
45 +0 +0 +0 +2.417594e-13
46 +0 +0 +0 +1.640069e-13
47 +0 +0 +0 -2.309741e-14
48 +0 +0 +0 +2.179260e-14
49 +0 +0 +0 +2.399274e-13
50 +0 +0 +0 +2.931111e-13
51 +0 +0 +0 +2.592021e-13
52 +0 +0 +0 +1.127931e-13
53 +0 +0 +0 +1.539320e-13
54 +0 +0 +0 +2.614500e-13
55 +0 +0 +0 +3.344741e-13
56 +0 +0 +0 +2.710891e-13
57 +0 +0 +0 +3.294261e-13
58 +0 +0 +0 +2.379570e-13
59 +0 +0 +0 +2.701561e-13
60 +0 +0 +0 +2.421812e-13
61 +0 +0 +0 +1.181975e-13
62 +0 +0 +0 +1.891770e-14
63 +0 +0 +0 +2.407718e-14
