0 +0 +0 +0 +1.403999e-08
1 +0 +0 +0 +2.501841e-08
2 +0 +0 +0 +1.412727e-08
3 +0 +0 +0 +8.393289e-09
4 +0 +0 +0 +5.209028e-09
5 +0 +0 +0 +3.397331e-09
6 +0 +0 +0 +2.180383e-09
7 +0 +0 +0 +1.450677e-09
8 +0 +0 +0 +9.537148e-10
9 +0 +0 +0 +6.464377e-10
10 +0 +0 +0 +4.445819e-10
11 +0 +0 +0 +3.019612e-10
12 +0 +0 +0 +2.024497e-10
13 +0 +0 +0 +1.336865e-10
14 +0 +0 +0 +8.748482e-11
15 +0 +0 +0 +5.892057e-11
16 +0 +0 +0 +3.619795e-11
17 +0 +0 +0 +2.853983e-11
18 +0 +0 +0 +1.887636e-11
19 +0 +0 +0 +1.793645e-11
20 +0 +0 +0 +1.290472e-11
21 +0 +0 +0 +9.205485e-12
22 +0 +0 +0 +7.137264e-12
23 +0 +0 +0 +5.620442e-12
24 +0 +0 +0 +3.706255e-12
25 +0 +0 +0 +2.202180e-12
26 +0 +0 +0 +1.523309e-12
27 +0 +0 +0 +1.425253e-12
28 +0 +0 +0 +8.385192e-13
29 +0 +0 +0 +3.946525e-13
30 +0 +0 +0 -2.829228e-14
31 +0 +0 +0 -6.129522e-13
32 +0 +0 +0 -5.688924e-13
33 +0 +0 +0 -6.776483e-14
34 +0 +0 +0 +1.860081e-13
35 +0 +0 +0 +9.469302e-14
36 +0 +0 +0 +2.960264e-13
37 +0 +0 +0 +3.047275e-13
38 +0 +0 +0 +2.037336e-13
39 +0 +0 +0 -1.740618e-13
40 +0 +0 +0 +1.052611e-13
41 +0 +0 +0 -1.714727e-13
42 +0 +0 +0 -9.708135e-14
43 +0 +0 +0 +1.296452e-13
44 +0 +0 +0 -1.083695e-14
45 +0 +0 +0 -1.693143e-13
46 +0 +0 +0 -2.693512e-13
47 +0 +0 +0 -2.523056e-13
48 +0 +0 +0 -1.296483e-13
49 +0 +0 +0 -1.938848e-13
50 +0 +0 +0 -4.144597e-13
51 +0 +0 +0 -2.851129e-13
52 +0 +0 +0 -2.589784e-13
53 +0 +0 +0 -2.275289e-13
54 +0 +0 +0 -1.764700e-13
55 +0 +0 +0 -3.870824e-14
56 +0 +0 +0 +3.057671e-14
57 +0 +0 +0 -4.501162e-15
58 +0 +0 +0 -8.198595e-14
59 +0 +0 +0 -3.331023e-14
60 +0 +0 +0 -4.164951e-14
61 +0 +0 +0 -4.966298e-14
62 +0 +0 +0 -1.724605e-14
63 +0 +0 +0 +2.032872e-14
