0 +0 +0 +0 +1.304153e-08
1 +0 +0 +0 +2.423373e-08
2 +0 +0 +0 +1.337350e-08
3 +0 +0 +0 +8.022448e-09
4 +0 +0 +0 +5.002896e-09
5 +0 +0 +0 +3.161557e-09
6 +0 +0 +0 +2.030216e-09
7 +0 +0 +0 +1.359742e-09
8 +0 +0 +0 +9.250063e-10
9 +0 +0 +0 +6.353695e-10
10 +0 +0 +0 +4.145386e-10
11 +0 +0 +0 +2.871212e-10
12 +0 +0 +0 +1.901530e-10
13 +0 +0 +0 +1.272274e-10
14 +0 +0 +0 +8.463584e-11
15 +0 +0 +0 +5.619243e-11
16 +0 +0 +0 +3.959487e-11
17 +0 +0 +0 +2.442353e-11
18 +0 +0 +0 +1.507454e-11
19 +0 +0 +0 +9.832965e-12
20 +0 +0 +0 +7.200249e-12
21 +0 +0 +0 +5.369143e-12
22 +0 +0 +0 +3.613311e-12
23 +0 +0 +0 +1.932988e-12
24 +0 +0 +0 +9.471246e-14
25 +0 +0 +0 +7.438246e-13
26 +0 +0 +0 +4.657959e-13
27 +0 +0 +0 +1.500863e-12
28 +0 +0 +0 +1.174593e-12
29 +0 +0 +0 +1.062809e-12
30 +0 +0 +0 -4.248402e-14
31 +0 +0 +0 +2.851795e-13
32 +0 +0 +0 +2.861015e-13
33 +0 +0 +0 +5.266750e-13
34 +0 +0 +0 +8.266737e-13
35 +0 +0 +0 +8.921236e-13
36 +0 +0 +0 +8.935951e-13
37 +0 +0 +0 +3.885669e-13
38 +0 +0 +0 +8.990237e-14
39 +0 +0 +0 +1.896997e-14
40 +0 +0 +0 +6.459583e-14
41 +0 +0 +0 -4.212994e-14
42 +0 +0 +0 +1.339457e-13
43 +0 +0 +0 +2.136614e-13
44 +0 +0 +0 +6.490966e-14
45 +0 +0 +0 -1.653053e-13
46 +0 +0 +0 -2.725899e-13
47 +0 +0 +0 -2.375704e-13
48 +0 +0 +0 -9.270143e-14
49 +0 +0 +0 +8.616582e-16
50 +0 +0 +0 -1.121621e-13
51 +0 +0 +0 -6.301412e-15
52 +0 +0 +0 +3.806683e-14
53 +0 +0 +0 -5.196332e-14
54 +0 +0 +0 +1.733852e-13
55 +0 +0 +0 +1.269411e-13
56 +0 +0 +0 +1.923889e-13
57 +0 +0 +0 +6.056129e-14
58 +0 +0 +0 +8.472311e-14
59 +0 +0 +0 +9.939372e-14
60 +0 +0 +0 -5.724671e-15
61 +0 +0 +0 -1.451998e-13
62 +0 +0 +0 -1.258627e-13
63 +0 +0 +0 -6.599095e-14
