0 +0 +0 +0 +1.346135e-08
1 +0 +0 +0 +2.476653e-08
2 +0 +0 +0 +1.376442e-08
3 +0 +0 +0 +7.997552e-09
4 +0 +0 +0 +4.855662e-09
5 +0 +0 +0 +3.125371e-09
6 +0 +0 +0 +2.084462e-09
7 +0 +0 +0 +1.380325e-09
8 +0 +0 +0 +9.171022e-10
9 +0 +0 +0 +6.158684e-10
10 +0 +0 +0 +4.116545e-10
11 +0 +0 +0 +2.766224e-10
12 +0 +0 +0 +2.017552e-10
13 +0 +0 +0 +1.333797e-10
14 +0 +0 +0 +9.142927e-11
15 +0 +0 +0 +6.193932e-11
16 +0 +0 +0 +3.956721e-11
17 +0 +0 +0 +3.138990e-11
18 +0 +0 +0 +2.270819e-11
19 +0 +0 +0 +1.535957e-11
20 +0 +0 +0 +1.049346e-11
21 +0 +0 +0 +8.044957e-12
22 +0 +0 +0 +6.278705e-12
23 +0 +0 +0 +5.416811e-12
24 +0 +0 +0 +4.961032e-12
25 +0 +0 +0 +3.593289e-12
26 +0 +0 +0 +2.574360e-12
27 +0 +0 +0 +1.527107e-12
28 +0 +0 +0 +7.436801e-13
29 +0 +0 +0 +1.546389e-13
30 +0 +0 +0 +4.209096e-13
31 +0 +0 +0 +5.304385e-13
32 +0 +0 +0 +7.368047e-13
33 +0 +0 +0 +8.830183e-13
34 +0 +0 +0 +7.828004e-13
35 +0 +0 +0 +1.017527e-12
36 +0 +0 +0 +4.690966e-13
37 +0 +0 +0 +8.017229e-14
38 +0 +0 +0 +1.188510e-14
39 +0 +0 +0 +1.883424e-13
40 +0 +0 +0 +2.284710e-13
41 +0 +0 +0 +3.115317e-13
42 +0 +0 +0 +2.830183e-13
43 +0 +0 +0 +2.707360e-14
44 +0 +0 +0 +1.089433e-13
45 +0 +0 +0 -8.227710e-14
46 +0 +0 +0 -1.947170e-13
47 +0 +0 +0 -1.723133e-13
48 +0 +0 +0 -1.735147e-13
49 +0 +0 +0 -2.647536e-13
50 +0 +0 +0 -1.691856e-13
51 +0 +0 +0 -2.402192e-13
52 +0 +0 +0 -1.928459e-13
53 +0 +0 +0 -3.089179e-13
54 +0 +0 +0 -1.783071e-13
55 +0 +0 +0 -1.120100e-13
56 +0 +0 +0 +1.459429e-13
57 +0 +0 +0 +3.477771e-14
58 +0 +0 +0 +6.618861e-14
59 +0 +0 +0 +1.197317e-13
60 +0 +0 +0 +1.506400e-13
61 +0 +0 +0 +2.012053e-13
62 +0 +0 +0 +1.124490e-13
63 +0 +0 +0 +2.889065e-14
