0 +0 +0 +0 +1.375457e-08
1 +0 +0 +0 +2.578967e-08
2 +0 +0 +0 +1.426046e-08
3 +0 +0 +0 +8.541371e-09
4 +0 +0 +0 +5.250828e-09
5 +0 +0 +0 +3.371515e-09
6 +0 +0 +0 +2.183003e-09
7 +0 +0 +0 +1.445195e-09
8 +0 +0 +0 +9.404547e-10
9 +0 +0 +0 +6.257463e-10
10 +0 +0 +0 +4.075162e-10
11 +0 +0 +0 +2.802195e-10
12 +0 +0 +0 +1.745653e-10
13 +0 +0 +0 +1.116574e-10
14 +0 +0 +0 +7.452290e-11
15 +0 +0 +0 +5.520765e-11
16 +0 +0 +0 +3.872596e-11
17 +0 +0 +0 +2.683157e-11
18 +0 +0 +0 +1.840454e-11
19 +0 +0 +0 +1.562541e-11
20 +0 +0 +0 +8.811189e-12
21 +0 +0 +0 +6.482662e-12
22 +0 +0 +0 +6.221178e-12
23 +0 +0 +0 +2.679915e-12
24 +0 +0 +0 +4.155570e-13
25 +0 +0 +0 -5.435831e-13
26 +0 +0 +0 -1.675420e-12
27 +0 +0 +0 -1.586679e-12
28 +0 +0 +0 +7.098971e-14
29 +0 +0 +0 +6.351482e-14
30 +0 +0 +0 +3.380518e-13
31 +0 +0 +0 +8.778701e-13
32 +0 +0 +0 +8.239975e-13
33 +0 +0 +0 +6.360746e-13
34 +0 +0 +0 +5.550138e-13
35 +0 +0 +0 +5.215526e-13
36 +0 +0 +0 -3.306373e-14
37 +0 +0 +0 +1.068065e-13
38 +0 +0 +0 -3.664098e-13
39 +0 +0 +0 -2.312119e-13
40 +0 +0 +0 +1.284797e-13
41 +0 +0 +0 +6.802089e-14
42 +0 +0 +0 -1.278016e-13
43 +0 +0 +0 +1.527798e-14
44 +0 +0 +0 +1.474858e-13
45 +0 +0 +0 +2.089768e-14
46 +0 +0 +0 -1.304184e-13
47 +0 +0 +0 -2.528003e-15
48 +0 +0 +0 +5.494582e-14
49 +0 +0 +0 +6.537004e-14
50 +0 +0 +0 +1.818157e-13
51 +0 +0 +0 +3.146146e-13
52 +0 +0 +0 +1.550286e-13
53 +0 +0 +0 +2.995470e-14
54 +0 +0 +0 +1.550353e-15
55 +0 +0 +0 -4.604291e-14
56 +0 +0 +0 +5.007187e-14
57 +0 +0 +0 +4.163042e-14
58 +0 +0 +0 -4.525295e-14
59 +0 +0 +0 -9.748994e-14
60 +0 +0 +0 -2.062407e-14
61 +0 +0 +0 +6.565478e-14
62 +0 +0 +0 +8.432890e-14
63 +0 +0 +0 +1.230657e-13
