0 +0 +0 +0 +1.328598e-08
1 +0 +0 +0 +2.470914e-08
2 +0 +0 +0 +1.379958e-08
3 +0 +0 +0 +8.005066e-09
4 +0 +0 +0 +4.879117e-09
5 +0 +0 +0 +3.179767e-09
6 +0 +0 +0 +2.062676e-09
7 +0 +0 +0 +1.375042e-09
8 +0 +0 +0 +9.178464e-10
9 +0 +0 +0 +6.070743e-10
10 +0 +0 +0 +4.080943e-10
11 +0 +0 +0 +2.768863e-10
12 +0 +0 +0 +1.798667e-10
13 +0 +0 +0 +1.213868e-10
14 +0 +0 +0 +7.945209e-11
15 +0 +0 +0 +5.068037e-11
16 +0 +0 +0 +3.704510e-11
17 +0 +0 +0 +2.519540e-11
18 +0 +0 +0 +2.164495e-11
19 +0 +0 +0 +1.294260e-11
20 +0 +0 +0 +8.586979e-12
21 +0 +0 +0 +5.443863e-12
22 +0 +0 +0 +3.626629e-12
23 +0 +0 +0 +2.702702e-12
24 +0 +0 +0 +2.833719e-12
25 +0 +0 +0 +2.903140e-12
26 +0 +0 +0 +1.467095e-12
27 +0 +0 +0 +1.135766e-12
28 +0 +0 +0 +1.460155e-12
29 +0 +0 +0 +2.777362e-13
30 +0 +0 +0 +5.310164e-13
31 +0 +0 +0 +1.384745e-12
32 +0 +0 +0 +9.962728e-13
33 +0 +0 +0 +8.966396e-14
34 +0 +0 +0 +2.982226e-13
35 +0 +0 +0 +4.843008e-13
36 +0 +0 +0 +7.325001e-13
37 +0 +0 +0 +5.572306e-13
38 +0 +0 +0 +4.467049e-13
39 +0 +0 +0 +1.261690e-14
40 +0 +0 +0 +1.601983e-13
41 +0 +0 +0 +4.069085e-13
42 +0 +0 +0 +1.106044e-13
43 +0 +0 +0 +2.012169e-14
44 +0 +0 +0 +1.245219e-13
45 +0 +0 +0 +3.641571e-14
46 +0 +0 +0 +4.125461e-14
47 +0 +0 +0 +1.994790e-13
48 +0 +0 +0 +3.176754e-13
49 +0 +0 +0 +1.753193e-13
50 +0 +0 +0 +4.127195e-14
51 +0 +0 +0 -1.468731e-14
52 +0 +0 +0 -2.459807e-14
53 +0 +0 +0 +8.555820e-14
54 +0 +0 +0 +1.041405e-13
55 +0 +0 +0 +1.393323e-13
56 +0 +0 +0 +1.069049e-13
57 +0 +0 +0 +6.517907e-14
58 +0 +0 +0 +5.567582e-14
59 +0 +0 +0 +5.183365e-14
60 +0 +0 +0 +2.657183e-14
61 +0 +0 +0 -2.758357e-14
62 +0 +0 +0 -4.705293e-15
63 +0 +0 +0 -3.831809e-14
