0 +0 +0 +0 +1.355992e-08
1 +0 +0 +0 +2.484633e-08
2 +0 +0 +0 +1.362108e-08
3 +0 +0 +0 +8.002394e-09
4 +0 +0 +0 +5.009765e-09
5 +0 +0 +0 +3.239559e-09
6 +0 +0 +0 +2.088776e-09
7 +0 +0 +0 +1.308663e-09
8 +0 +0 +0 +8.501872e-10
9 +0 +0 +0 +5.642135e-10
10 +0 +0 +0 +3.781451e-10
11 +0 +0 +0 +2.583565e-10
12 +0 +0 +0 +1.708183e-10
13 +0 +0 +0 +1.205058e-10
14 +0 +0 +0 +8.264116e-11
15 +0 +0 +0 +5.357666e-11
16 +0 +0 +0 +3.482806e-11
17 +0 +0 +0 +2.452816e-11
18 +0 +0 +0 +1.573961e-11
19 +0 +0 +0 +9.834646e-12
20 +0 +0 +0 +9.631588e-12
21 +0 +0 +0 +5.817818e-12
22 +0 +0 +0 +4.677182e-12
23 +0 +0 +0 +3.664923e-12
24 +0 +0 +0 +3.493605e-12
25 +0 +0 +0 +2.482344e-12
26 +0 +0 +0 +2.665783e-12
27 +0 +0 +0 +1.684295e-12
28 +0 +0 +0 +4.080219e-13
29 +0 +0 +0 +6.719442e-13
30 +0 +0 +0 +4.413935e-13
31 +0 +0 +0 -3.565915e-13
32 +0 +0 +0 -4.400637e-13
33 +0 +0 +0 -3.686145e-13
34 +0 +0 +0 -2.855266e-13
35 +0 +0 +0 -1.417884e-13
36 +0 +0 +0 -2.298538e-13
37 +0 +0 +0 -5.961762e-14
38 +0 +0 +0 -1.014870e-13
39 +0 +0 +0 -1.779019e-13
40 +0 +0 +0 -1.538591e-13
41 +0 +0 +0 -2.404533e-13
42 +0 +0 +0 -5.700922e-13
43 +0 +0 +0 -3.043199e-13
44 +0 +0 +0 -2.692492e-13
45 +0 +0 +0 -3.325794e-13
46 +0 +0 +0 -1.821896e-13
47 +0 +0 +0 -6.202670e-14
48 +0 +0 +0 -1.218789e-14
49 +0 +0 +0 +2.629128e-14
50 +0 +0 +0 -1.520751e-14
51 +0 +0 +0 +9.160574e-15
52 +0 +0 +0 -1.391353e-13
53 +0 +0 +0 -3.550130e-14
54 +0 +0 +0 +9.341017e-14
55 +0 +0 +0 -5.475093e-15
56 +0 +0 +0 +3.669201e-14
57 +0 +0 +0 +5.680549e-14
58 +0 +0 +0 +3.895391e-14
59 +0 +0 +0 +4.160067e-15
60 +0 +0 +0 -2.011174e-14
61 +0 +0 +0 +3.928545e-14
62 +0 +0 +0 +1.165588e-13
63 +0 +0 +0 +5.074037e-14
