0 +0 +0 +0 +1.380195e-08
1 +0 +0 +0 +2.502214e-08
2 +0 +0 +0 +1.378019e-08
3 +0 +0 +0 +8.066131e-09
4 +0 +0 +0 +4.985031e-09
5 +0 +0 +0 +3.201439e-09
6 +0 +0 +0 +2.026629e-09
7 +0 +0 +0 +1.344407e-09
8 +0 +0 +0 +8.730648e-10
9 +0 +0 +0 +5.871539e-10
10 +0 +0 +0 +3.968406e-10
11 +0 +0 +0 +2.645244e-10
12 +0 +0 +0 +1.740127e-10
13 +0 +0 +0 +1.186316e-10
14 +0 +0 +0 +8.361395e-11
15 +0 +0 +0 +5.316380e-11
16 +0 +0 +0 +3.916521e-11
17 +0 +0 +0 +2.692818e-11
18 +0 +0 +0 +1.908888e-11
19 +0 +0 +0 +1.295281e-11
20 +0 +0 +0 +1.166888e-11
21 +0 +0 +0 +7.107873e-12
22 +0 +0 +0 +5.400775e-12
23 +0 +0 +0 +3.383454e-12
24 +0 +0 +0 +9.442691e-13
25 +0 +0 +0 -6.878198e-13
26 +0 +0 +0 -7.983858e-13
27 +0 +0 +0 -1.045512e-12
28 +0 +0 +0 -1.337046e-12
29 +0 +0 +0 -9.351500e-13
30 +0 +0 +0 -1.194770e-13
31 +0 +0 +0 +3.411497e-13
32 +0 +0 +0 -6.923816e-14
33 +0 +0 +0 -2.397243e-13
34 +0 +0 +0 +1.898733e-13
35 +0 +0 +0 +3.557756e-13
36 +0 +0 +0 +3.571615e-13
37 +0 +0 +0 +1.083561e-13
38 +0 +0 +0 -1.413916e-14
39 +0 +0 +0 -2.525286e-13
40 +0 +0 +0 -3.020025e-13
41 +0 +0 +0 -2.967987e-13
42 +0 +0 +0 -1.327844e-13
43 +0 +0 +0 -8.107542e-14
44 +0 +0 +0 +3.678072e-14
45 +0 +0 +0 +3.926488e-14
46 +0 +0 +0 -8.520817e-14
47 +0 +0 +0 +6.024239e-14
48 +0 +0 +0 +8.672830e-14
49 +0 +0 +0 +2.495078e-13
50 +0 +0 +0 +4.253639e-13
51 +0 +0 +0 +2.625770e-13
52 +0 +0 +0 +3.257556e-13
53 +0 +0 +0 +2.857787e-13
54 +0 +0 +0 +2.019592e-13
55 +0 +0 +0 +4.154601e-14
56 +0 +0 +0 -6.160921e-14
57 +0 +0 +0 -7.243541e-14
58 +0 +0 +0 -9.544118e-14
59 +0 +0 +0 -8.089408e-14
60 +0 +0 +0 -7.030139e-15
61 +0 +0 +0 -1.208112e-15
62 +0 +0 +0 +1.093530e-13
63 +0 +0 +0 +4.770539e-14
