0 +0 +0 +0 +1.323429e-08
1 +0 +0 +0 +2.371850e-08
2 +0 +0 +0 +1.324288e-08
3 +0 +0 +0 +7.657296e-09
4 +0 +0 +0 +4.742251e-09
5 +0 +0 +0 +3.067265e-09
6 +0 +0 +0 +1.995457e-09
7 +0 +0 +0 +1.277348e-09
8 +0 +0 +0 +8.564801e-10
9 +0 +0 +0 +5.786796e-10
10 +0 +0 +0 +3.832156e-10
11 +0 +0 +0 +2.586038e-10
12 +0 +0 +0 +1.721669e-10
13 +0 +0 +0 +1.180650e-10
14 +0 +0 +0 +8.201973e-11
15 +0 +0 +0 +5.690213e-11
16 +0 +0 +0 +3.877956e-11
17 +0 +0 +0 +2.525581e-11
18 +0 +0 +0 +1.762742e-11
19 +0 +0 +0 +1.304927e-11
20 +0 +0 +0 +9.312203e-12
21 +0 +0 +0 +7.597880e-12
22 +0 +0 +0 +4.749353e-12
23 +0 +0 +0 +2.577690e-12
24 +0 +0 +0 +1.022019e-12
25 +0 +0 +0 +1.964522e-12
26 +0 +0 +0 +8.083756e-13
27 +0 +0 +0 +1.862609e-13
28 +0 +0 +0 +1.777181e-13
29 +0 +0 +0 +6.707961e-13
30 +0 +0 +0 +2.293631e-13
31 +0 +0 +0 +7.292994e-14
32 +0 +0 +0 -7.289002e-13
33 +0 +0 +0 -3.060698e-13
34 +0 +0 +0 -3.397599e-15
35 +0 +0 +0 +2.807391e-13
36 +0 +0 +0 +3.719819e-13
37 +0 +0 +0 +2.793209e-13
38 +0 +0 +0 +5.152653e-13
39 +0 +0 +0 +4.998173e-13
40 +0 +0 +0 +1.425242e-14
41 +0 +0 +0 -1.721891e-13
42 +0 +0 +0 -3.829089e-13
43 +0 +0 +0 -2.966145e-13
44 +0 +0 +0 -1.897325e-13
45 +0 +0 +0 -1.419986e-13
46 +0 +0 +0 -6.523790e-14
47 +0 +0 +0 -1.154895e-13
48 +0 +0 +0 -1.936298e-13
49 +0 +0 +0 -1.007699e-13
50 +0 +0 +0 +4.728523e-14
51 +0 +0 +0 +5.764262e-14
52 +0 +0 +0 +1.473931e-13
53 +0 +0 +0 +1.521329e-13
54 +0 +0 +0 -4.122185e-14
55 +0 +0 +0 +2.902348e-14
56 +0 +0 +0 +1.287448e-13
57 +0 +0 +0 +1.009245e-13
58 +0 +0 +0 +9.773576e-14
59 +0 +0 +0 +1.119461e-13
60 +0 +0 +0 +1.444790e-13
61 +0 +0 +0 +3.507833e-14
62 +0 +0 +0 +1.215179e-13
63 +0 +0 +0 +1.219295e-13
