0 +0 +0 +0 +1.386553e-08
1 +0 +0 +0 +2.449715e-08
2 +0 +0 +0 +1.373949e-08
3 +0 +0 +0 +8.107264e-09
4 +0 +0 +0 +4.911387e-09
5 +0 +0 +0 +3.254194e-09
6 +0 +0 +0 +2.046782e-09
7 +0 +0 +0 +1.308609e-09
8 +0 +0 +0 +8.973188e-10
9 +0 +0 +0 +6.056099e-10
10 +0 +0 +0 +3.926358e-10
11 +0 +0 +0 +2.629362e-10
12 +0 +0 +0 +1.811177e-10
13 +0 +0 +0 +1.248105e-10
14 +0 +0 +0 +8.030796e-11
15 +0 +0 +0 +5.894970e-11
16 +0 +0 +0 +4.034282e-11
17 +0 +0 +0 +2.751334e-11
18 +0 +0 +0 +1.918944e-11
19 +0 +0 +0 +1.390443e-11
20 +0 +0 +0 +7.693579e-12
21 +0 +0 +0 +4.994717e-12
22 +0 +0 +0 +9.022188e-13
23 +0 +0 +0 -4.580405e-13
24 +0 +0 +0 -7.660584e-13
25 +0 +0 +0 -1.062404e-12
26 +0 +0 +0 -1.061839e-12
27 +0 +0 +0 -6.087497e-13
28 +0 +0 +0 -3.831711e-13
29 +0 +0 +0 -9.145128e-13
30 +0 +0 +0 +1.748660e-13
31 +0 +0 +0 +6.177135e-14
32 +0 +0 +0 -3.238977e-13
33 +0 +0 +0 -4.701161e-13
34 +0 +0 +0 +2.398187e-14
35 +0 +0 +0 -2.589098e-13
36 +0 +0 +0 -1.614676e-13
37 +0 +0 +0 -4.924346e-15
38 +0 +0 +0 +5.306153e-13
39 +0 +0 +0 +3.483178e-13
40 +0 +0 +0 +5.465806e-13
41 +0 +0 +0 +7.208338e-13
42 +0 +0 +0 +4.812170e-13
43 +0 +0 +0 +5.668407e-13
44 +0 +0 +0 +5.197372e-13
45 +0 +0 +0 +2.560773e-13
46 +0 +0 +0 +2.454190e-13
47 +0 +0 +0 +1.836160e-13
48 +0 +0 +0 -1.195716e-13
49 +0 +0 +0 -7.048581e-14
50 +0 +0 +0 +5.738749e-14
51 +0 +0 +0 -9.456956e-14
52 +0 +0 +0 -4.795347e-14
53 +0 +0 +0 -6.917564e-14
54 +0 +0 +0 +5.077968e-14
55 +0 +0 +0 +2.605686e-14
56 +0 +0 +0 -1.419749e-13
57 +0 +0 +0 -1.474664e-13
58 +0 +0 +0 -1.708455e-13
59 +0 +0 +0 -1.146055e-13
60 +0 +0 +0 -9.584115e-14
61 +0 +0 +0 -1.437682e-13
62 +0 +0 +0 -1.794748e-13
63 +0 +0 +0 -2.098211e-13
