0 +0 +0 +0 +1.270934e-08
1 +0 +0 +0 +2.394722e-08
2 +0 +0 +0 +1.323581e-08
3 +0 +0 +0 +7.945233e-09
4 +0 +0 +0 +4.841021e-09
5 +0 +0 +0 +3.099110e-09
6 +0 +0 +0 +2.062294e-09
7 +0 +0 +0 +1.323399e-09
8 +0 +0 +0 +9.195925e-10
9 +0 +0 +0 +6.111312e-10
10 +0 +0 +0 +4.126635e-10
11 +0 +0 +0 +2.716911e-10
12 +0 +0 +0 +1.873745e-10
13 +0 +0 +0 +1.274137e-10
14 +0 +0 +0 +8.645126e-11
15 +0 +0 +0 +6.093207e-11
16 +0 +0 +0 +4.232551e-11
17 +0 +0 +0 +2.799777e-11
18 +0 +0 +0 +1.945419e-11
19 +0 +0 +0 +1.370075e-11
20 +0 +0 +0 +8.142964e-12
21 +0 +0 +0 +5.230117e-12
22 +0 +0 +0 +2.084212e-12
23 +0 +0 +0 +3.332438e-13
24 +0 +0 +0 +5.180144e-13
25 +0 +0 +0 -1.952560e-13
26 +0 +0 +0 -6.145702e-13
27 +0 +0 +0 -6.633248e-13
28 +0 +0 +0 -1.347337e-12
29 +0 +0 +0 -1.519825e-12
30 +0 +0 +0 -1.624828e-12
31 +0 +0 +0 -1.428666e-12
32 +0 +0 +0 -1.243720e-12
33 +0 +0 +0 -8.861413e-13
34 +0 +0 +0 -8.746671e-13
35 +0 +0 +0 -2.500263e-13
36 +0 +0 +0 -2.278736e-13
37 +0 +0 +0 -1.233208e-13
38 +0 +0 +0 +1.260211e-13
39 +0 +0 +0 +2.958668e-13
40 +0 +0 +0 +9.949642e-14
41 +0 +0 +0 +2.421569e-13
42 +0 +0 +0 +1.924969e-13
43 +0 +0 +0 +7.790688e-15
44 +0 +0 +0 +1.138642e-14
45 +0 +0 +0 -9.642072e-15
46 +0 +0 +0 +1.236722e-13
47 +0 +0 +0 +7.527619e-14
48 +0 +0 +0 +9.093659e-14
49 +0 +0 +0 -2.949192e-14
50 +0 +0 +0 -5.132405e-14
51 +0 +0 +0 -4.996293e-14
52 +0 +0 +0 +7.103572e-14
53 +0 +0 +0 +1.735652e-13
54 +0 +0 +0 +2.059264e-13
55 +0 +0 +0 +1.792336e-13
56 +0 +0 +0 +2.587126e-13
57 +0 +0 +0 +1.878758e-13
58 +0 +0 +0 +1.273929e-13
59 +0 +0 +0 +1.760956e-13
60 +0 +0 +0 +8.620746e-14
61 +0 +0 +0 +1.833427e-14
62 +0 +0 +0 -5.951406e-14
63 +0 +0 +0 -9.862146e-15
