0 +0 +0 +0 +1.405991e-08
1 +0 +0 +0 +2.484996e-08
2 +0 +0 +0 +1.389270e-08
3 +0 +0 +0 +8.114670e-09
4 +0 +0 +0 +5.055715e-09
5 +0 +0 +0 +3.280039e-09
6 +0 +0 +0 +2.136732e-09
7 +0 +0 +0 +1.448677e-09
8 +0 +0 +0 +9.590537e-10
9 +0 +0 +0 +6.380704e-10
10 +0 +0 +0 +4.219842e-10
11 +0 +0 +0 +3.027106e-10
12 +0 +0 +0 +2.051910e-10
13 +0 +0 +0 +1.390204e-10
14 +0 +0 +0 +9.028016e-11
15 +0 +0 +0 +6.075533e-11
16 +0 +0 +0 +4.097353e-11
17 +0 +0 +0 +2.926397e-11
18 +0 +0 +0 +1.913531e-11
19 +0 +0 +0 +1.372734e-11
20 +0 +0 +0 +8.982137e-12
21 +0 +0 +0 +5.184387e-12
22 +0 +0 +0 +2.165923e-12
23 +0 +0 +0 +1.068118e-12
24 +0 +0 +0 -7.330493e-13
25 +0 +0 +0 -1.014189e-12
26 +0 +0 +0 +6.397771e-14
27 +0 +0 +0 -8.365723e-13
28 +0 +0 +0 +4.950758e-14
29 +0 +0 +0 +1.270398e-13
30 +0 +0 +0 +4.596224e-13
31 +0 +0 +0 -1.039985e-13
32 +0 +0 +0 -2.134706e-13
33 +0 +0 +0 -5.525434e-13
34 +0 +0 +0 -7.189542e-14
35 +0 +0 +0 -3.884766e-15
36 +0 +0 +0 -3.364243e-13
37 +0 +0 +0 +1.312610e-13
38 +0 +0 +0 +5.362310e-14
39 +0 +0 +0 -5.063327e-13
40 +0 +0 +0 -2.916500e-13
41 +0 +0 +0 -3.545218e-13
42 +0 +0 +0 -3.475723e-13
43 +0 +0 +0 -3.408974e-13
44 +0 +0 +0 -1.719316e-13
45 +0 +0 +0 -8.034202e-14
46 +0 +0 +0 -5.496231e-15
47 +0 +0 +0 -1.090935e-13
48 +0 +0 +0 -1.726669e-14
49 +0 +0 +0 -4.176285e-14
50 +0 +0 +0 +2.793072e-14
51 +0 +0 +0 +6.567796e-14
52 +0 +0 +0 +1.126938e-15
53 +0 +0 +0 -1.041203e-13
54 +0 +0 +0 +1.386509e-14
55 +0 +0 +0 -6.838987e-14
56 +0 +0 +0 -9.668441e-14
57 +0 +0 +0 -1.262975e-13
58 +0 +0 +0 -8.084229e-14
59 +0 +0 +0 -8.076220e-14
60 +0 +0 +0 -7.346069e-14
61 +0 +0 +0 -1.175427e-13
62 +0 +0 +0 -1.782030e-13
63 +0 +0 +0 -8.107310e-14
