0 +0 +0 +0 +1.331825e-08
1 +0 +0 +0 +2.382201e-08
2 +0 +0 +0 +1.333428e-08
3 +0 +0 +0 +7.643845e-09
4 +0 +0 +0 +4.736462e-09
5 +0 +0 +0 +3.020929e-09
6 +0 +0 +0 +1.979796e-09
7 +0 +0 +0 +1.331370e-09
8 +0 +0 +0 +8.795800e-10
9 +0 +0 +0 +5.911035e-10
10 +0 +0 +0 +4.172417e-10
11 +0 +0 +0 +2.843239e-10
12 +0 +0 +0 +1.907367e-10
13 +0 +0 +0 +1.317757e-10
14 +0 +0 +0 +9.142335e-11
15 +0 +0 +0 +6.267074e-11
16 +0 +0 +0 +4.429078e-11
17 +0 +0 +0 +3.134148e-11
18 +0 +0 +0 +2.098691e-11
19 +0 +0 +0 +1.334136e-11
20 +0 +0 +0 +8.055218e-12
21 +0 +0 +0 +5.177742e-12
22 +0 +0 +0 +5.027575e-12
23 +0 +0 +0 +4.077653e-12
24 +0 +0 +0 +2.248287e-12
25 +0 +0 +0 +8.197493e-13
26 +0 +0 +0 +7.630543e-13
27 +0 +0 +0 +2.716375e-13
28 +0 +0 +0 -1.885933e-13
29 +0 +0 +0 +7.713378e-13
30 +0 +0 +0 +3.181748e-13
31 +0 +0 +0 +7.625320e-13
32 +0 +0 +0 +2.888922e-13
33 +0 +0 +0 +7.589589e-13
34 +0 +0 +0 +5.149999e-13
35 +0 +0 +0 +3.739690e-13
36 +0 +0 +0 +4.177230e-14
37 +0 +0 +0 -6.082496e-14
38 +0 +0 +0 +4.901842e-14
39 +0 +0 +0 +2.368496e-13
40 +0 +0 +0 +4.659946e-13
41 +0 +0 +0 +4.148313e-13
42 +0 +0 +0 +2.119855e-13
43 +0 +0 +0 +3.512761e-13
44 +0 +0 +0 +8.942064e-14
45 +0 +0 +0 +1.237379e-13
46 +0 +0 +0 +3.136003e-13
47 +0 +0 +0 +3.125484e-13
48 +0 +0 +0 +3.181187e-13
49 +0 +0 +0 +1.996911e-13
50 +0 +0 +0 +7.312934e-14
51 +0 +0 +0 -2.917692e-15
52 +0 +0 +0 -1.196357e-13
53 +0 +0 +0 -2.598551e-13
54 +0 +0 +0 -2.507187e-13
55 +0 +0 +0 -1.932004e-13
56 +0 +0 +0 -5.746808e-14
57 +0 +0 +0 -4.050782e-14
58 +0 +0 +0 -4.728069e-14
59 +0 +0 +0 +8.857779e-14
60 +0 +0 +0 +1.318863e-13
61 +0 +0 +0 +1.065406e-13
62 +0 +0 +0 +5.463102e-14
63 +0 +0 +0 +7.018593e-14
