0 +0 +0 +0 +1.351466e-08
1 +0 +0 +0 +2.474800e-08
2 +0 +0 +0 +1.390688e-08
3 +0 +0 +0 +8.226264e-09
4 +0 +0 +0 +5.093154e-09
5 +0 +0 +0 +3.323781e-09
6 +0 +0 +0 +2.143122e-09
7 +0 +0 +0 +1.420649e-09
8 +0 +0 +0 +9.499149e-10
9 +0 +0 +0 +6.346934e-10
10 +0 +0 +0 +4.264206e-10
11 +0 +0 +0 +2.864398e-10
12 +0 +0 +0 +1.958502e-10
13 +0 +0 +0 +1.287831e-10
14 +0 +0 +0 +8.597442e-11
15 +0 +0 +0 +5.554822e-11
16 +0 +0 +0 +3.140196e-11
17 +0 +0 +0 +2.563872e-11
18 +0 +0 +0 +1.767475e-11
19 +0 +0 +0 +1.657568e-11
20 +0 +0 +0 +1.060310e-11
21 +0 +0 +0 +8.117091e-12
22 +0 +0 +0 +6.535534e-12
23 +0 +0 +0 +3.403203e-12
24 +0 +0 +0 +2.874891e-12
25 +0 +0 +0 +2.467250e-12
26 +0 +0 +0 +1.215819e-12
27 +0 +0 +0 -5.390825e-13
28 +0 +0 +0 -6.642291e-13
29 +0 +0 +0 -5.738052e-13
30 +0 +0 +0 -5.793909e-13
31 +0 +0 +0 +2.563193e-13
32 +0 +0 +0 +3.573805e-13
33 +0 +0 +0 -3.813302e-13
34 +0 +0 +0 -2.307398e-13
35 +0 +0 +0 -2.940633e-13
36 +0 +0 +0 -3.561423e-13
37 +0 +0 +0 -3.119613e-13
38 +0 +0 +0 -3.413574e-13
39 +0 +0 +0 -4.280149e-13
40 +0 +0 +0 -2.808041e-13
41 +0 +0 +0 -2.897505e-13
42 +0 +0 +0 +9.329709e-14
43 +0 +0 +0 +1.352271e-13
44 +0 +0 +0 +2.151099e-13
45 +0 +0 +0 +2.564172e-14
46 +0 +0 +0 +5.755133e-14
47 +0 +0 +0 +2.712339e-14
48 +0 +0 +0 -9.722856e-14
49 +0 +0 +0 -1.229961e-13
50 +0 +0 +0 -6.631644e-15
51 +0 +0 +0 -1.932087e-13
52 +0 +0 +0 -1.133260e-13
53 +0 +0 +0 +3.094652e-14
54 +0 +0 +0 +2.687008e-14
55 +0 +0 +0 +2.181909e-14
56 +0 +0 +0 +1.441202e-13
57 +0 +0 +0 +1.614469e-13
58 +0 +0 +0 +1.754824e-13
59 +0 +0 +0 +1.190328e-13
60 +0 +0 +0 +1.491110e-13
61 +0 +0 +0 +1.265075e-14
62 +0 +0 +0 +4.915565e-14
63 +0 +0 +0 +5.676076e-14
