0 +0 +0 +0 +1.266785e-08
1 +0 +0 +0 +2.393010e-08
2 +0 +0 +0 +1.329619e-08
3 +0 +0 +0 +7.660858e-09
4 +0 +0 +0 +4.687243e-09
5 +0 +0 +0 +3.013713e-09
6 +0 +0 +0 +1.968093e-09
7 +0 +0 +0 +1.288939e-09
8 +0 +0 +0 +8.314519e-10
9 +0 +0 +0 +5.478206e-10
10 +0 +0 +0 +3.557276e-10
11 +0 +0 +0 +2.374303e-10
12 +0 +0 +0 +1.597343e-10
13 +0 +0 +0 +1.125337e-10
14 +0 +0 +0 +7.317290e-11
15 +0 +0 +0 +4.855836e-11
16 +0 +0 +0 +3.799400e-11
17 +0 +0 +0 +3.011385e-11
18 +0 +0 +0 +2.155077e-11
19 +0 +0 +0 +1.404617e-11
20 +0 +0 +0 +1.153889e-11
21 +0 +0 +0 +7.191657e-12
22 +0 +0 +0 +4.230242e-12
23 +0 +0 +0 +2.922451e-12
24 +0 +0 +0 +3.025038e-12
25 +0 +0 +0 +2.467100e-12
26 +0 +0 +0 +2.251991e-12
27 +0 +0 +0 +3.835478e-14
28 +0 +0 +0 -3.292516e-14
29 +0 +0 +0 -7.753526e-14
30 +0 +0 +0 +4.595433e-14
31 +0 +0 +0 -5.393217e-13
32 +0 +0 +0 -4.873627e-13
33 +0 +0 +0 -4.219941e-13
34 +0 +0 +0 -5.466892e-13
35 +0 +0 +0 -6.931815e-13
36 +0 +0 +0 -4.329370e-13
37 +0 +0 +0 -2.957121e-13
38 +0 +0 +0 -7.095122e-14
39 +0 +0 +0 -2.553128e-13
40 +0 +0 +0 -3.819026e-13
41 +0 +0 +0 -2.178768e-13
42 +0 +0 +0 -1.913641e-16
43 +0 +0 +0 +2.987984e-13
44 +0 +0 +0 +1.449874e-13
45 +0 +0 +0 +3.222180e-13
46 +0 +0 +0 +2.552550e-13
47 +0 +0 +0 +1.925491e-13
48 +0 +0 +0 +1.490350e-13
49 +0 +0 +0 +1.038705e-13
50 +0 +0 +0 +5.407317e-14
51 +0 +0 +0 +1.231916e-14
52 +0 +0 +0 +9.841581e-14
53 +0 +0 +0 +1.191560e-13
54 +0 +0 +0 +2.081534e-13
55 +0 +0 +0 +2.355439e-13
56 +0 +0 +0 +1.940976e-13
57 +0 +0 +0 +1.384127e-13
58 +0 +0 +0 +1.300748e-13
59 +0 +0 +0 +9.735562e-14
60 +0 +0 +0 +5.792297e-14
61 +0 +0 +0 -1.204925e-14
62 +0 +0 +0 -6.366309e-14
63 +0 +0 +0 -1.468884e-14
