0 +0 +0 +0 +1.314730e-08
1 +0 +0 +0 +2.364765e-08
2 +0 +0 +0 +1.347264e-08
3 +0 +0 +0 +8.117762e-09
4 +0 +0 +0 +4.938638e-09
5 +0 +0 +0 +3.127081e-09
6 +0 +0 +0 +2.096717e-09
7 +0 +0 +0 +1.333550e-09
8 +0 +0 +0 +8.895087e-10
9 +0 +0 +0 +5.837219e-10
10 +0 +0 +0 +3.939596e-10
11 +0 +0 +0 +2.617024e-10
12 +0 +0 +0 +1.801506e-10
13 +0 +0 +0 +1.212355e-10
14 +0 +0 +0 +8.342108e-11
15 +0 +0 +0 +5.537315e-11
16 +0 +0 +0 +3.463482e-11
17 +0 +0 +0 +1.824314e-11
18 +0 +0 +0 +1.023730e-11
19 +0 +0 +0 +5.999959e-12
20 +0 +0 +0 +3.154707e-12
21 +0 +0 +0 +2.623164e-12
22 +0 +0 +0 +2.177131e-12
23 +0 +0 +0 +2.905255e-12
24 +0 +0 +0 +1.910550e-12
25 +0 +0 +0 +1.557008e-12
26 +0 +0 +0 +1.208108e-12
27 +0 +0 +0 +1.641293e-12
28 +0 +0 +0 +8.573261e-13
29 +0 +0 +0 +1.118960e-12
30 +0 +0 +0 +9.375515e-13
31 +0 +0 +0 +3.148829e-13
32 +0 +0 +0 +6.667507e-13
33 +0 +0 +0 +1.701714e-13
34 +0 +0 +0 -1.030241e-13
35 +0 +0 +0 +4.423990e-14
36 +0 +0 +0 -9.138922e-15
37 +0 +0 +0 -8.865204e-16
38 +0 +0 +0 +3.430503e-13
39 +0 +0 +0 +2.920090e-13
40 +0 +0 +0 +2.625556e-13
41 +0 +0 +0 +7.841228e-14
42 +0 +0 +0 -3.874173e-13
43 +0 +0 +0 -4.104126e-13
44 +0 +0 +0 -2.509420e-13
45 +0 +0 +0 -3.419956e-13
46 +0 +0 +0 -3.246848e-13
47 +0 +0 +0 -2.931520e-13
48 +0 +0 +0 -2.107869e-13
49 +0 +0 +0 -1.566700e-13
50 +0 +0 +0 -2.408356e-13
51 +0 +0 +0 -1.361581e-13
52 +0 +0 +0 -1.601409e-13
53 +0 +0 +0 -2.034108e-13
54 +0 +0 +0 -1.383690e-13
55 +0 +0 +0 -3.132493e-14
56 +0 +0 +0 +8.157880e-14
57 +0 +0 +0 +7.358330e-14
58 +0 +0 +0 +1.218196e-13
59 +0 +0 +0 +1.104974e-13
60 +0 +0 +0 +1.940295e-13
61 +0 +0 +0 +1.922830e-13
62 +0 +0 +0 +1.493877e-13
63 +0 +0 +0 +1.113760e-13
