0 +0 +0 +0 +1.291220e-08
1 +0 +0 +0 +2.370785e-08
2 +0 +0 +0 +1.299042e-08
3 +0 +0 +0 +7.720881e-09
4 +0 +0 +0 +4.849718e-09
5 +0 +0 +0 +3.099782e-09
6 +0 +0 +0 +2.019431e-09
7 +0 +0 +0 +1.325975e-09
8 +0 +0 +0 +8.720808e-10
9 +0 +0 +0 +5.767066e-10
10 +0 +0 +0 +3.875989e-10
11 +0 +0 +0 +2.439307e-10
12 +0 +0 +0 +1.678423e-10
13 +0 +0 +0 +1.102820e-10
14 +0 +0 +0 +7.061622e-11
15 +0 +0 +0 +5.703407e-11
16 +0 +0 +0 +3.743113e-11
17 +0 +0 +0 +2.667351e-11
18 +0 +0 +0 +1.730046e-11
19 +0 +0 +0 +1.139170e-11
20 +0 +0 +0 +8.498499e-12
21 +0 +0 +0 +6.797680e-12
22 +0 +0 +0 +5.688665e-12
23 +0 +0 +0 +3.748402e-12
24 +0 +0 +0 +1.825476e-12
25 +0 +0 +0 +7.551886e-13
26 +0 +0 +0 +7.369855e-13
27 +0 +0 +0 -7.563211e-13
28 +0 +0 +0 -1.354079e-12
29 +0 +0 +0 -4.787481e-13
30 +0 +0 +0 -7.703445e-13
31 +0 +0 +0 -9.537142e-13
32 +0 +0 +0 -9.055076e-13
33 +0 +0 +0 -8.859216e-13
34 +0 +0 +0 -1.074209e-12
35 +0 +0 +0 -8.740696e-13
36 +0 +0 +0 -6.948471e-13
37 +0 +0 +0 -1.103675e-13
38 +0 +0 +0 +7.814891e-14
39 +0 +0 +0 +1.272958e-14
40 +0 +0 +0 +6.530838e-14
41 +0 +0 +0 +6.284910e-14
42 +0 +0 +0 +2.649486e-14
43 +0 +0 +0 +1.346446e-14
44 +0 +0 +0 -3.134497e-14
45 +0 +0 +0 +4.765180e-14
46 +0 +0 +0 -1.087982e-13
47 +0 +0 +0 -1.093145e-16
48 +0 +0 +0 -2.401665e-13
49 +0 +0 +0 -3.964989e-13
50 +0 +0 +0 -2.922721e-13
51 +0 +0 +0 -1.160048e-13
52 +0 +0 +0 +1.568447e-14
53 +0 +0 +0 +1.672499e-14
54 +0 +0 +0 +8.209089e-14
55 +0 +0 +0 +7.252291e-14
56 +0 +0 +0 +9.189774e-14
57 +0 +0 +0 +9.816968e-14
58 +0 +0 +0 +2.518895e-14
59 +0 +0 +0 -3.456646e-14
60 +0 +0 +0 -1.283446e-13
61 +0 +0 +0 -1.590585e-16
62 +0 +0 +0 +2.533734e-15
63 +0 +0 +0 +6.679705e-15
