0 +0 +0 +0 +1.345164e-08
1 +0 +0 +0 +2.436232e-08
2 +0 +0 +0 +1.333674e-08
3 +0 +0 +0 +7.779561e-09
4 +0 +0 +0 +4.774326e-09
5 +0 +0 +0 +3.069967e-09
6 +0 +0 +0 +2.060900e-09
7 +0 +0 +0 +1.350357e-09
8 +0 +0 +0 +8.986659e-10
9 +0 +0 +0 +6.012847e-10
10 +0 +0 +0 +3.984563e-10
11 +0 +0 +0 +2.599148e-10
12 +0 +0 +0 +1.853409e-10
13 +0 +0 +0 +1.227998e-10
14 +0 +0 +0 +8.377176e-11
15 +0 +0 +0 +5.610517e-11
16 +0 +0 +0 +3.668296e-11
17 +0 +0 +0 +2.743077e-11
18 +0 +0 +0 +2.072904e-11
19 +0 +0 +0 +1.088995e-11
20 +0 +0 +0 +5.744231e-12
21 +0 +0 +0 +6.169634e-13
22 +0 +0 +0 +9.230423e-13
23 +0 +0 +0 -3.849693e-14
24 +0 +0 +0 -1.707387e-12
25 +0 +0 +0 -1.996165e-12
26 +0 +0 +0 -1.254215e-12
27 +0 +0 +0 -1.835450e-12
28 +0 +0 +0 -2.008051e-12
29 +0 +0 +0 -1.959693e-12
30 +0 +0 +0 -1.747320e-12
31 +0 +0 +0 -1.699503e-12
32 +0 +0 +0 -1.289670e-12
33 +0 +0 +0 -5.518342e-13
34 +0 +0 +0 -8.665935e-13
35 +0 +0 +0 -2.384266e-13
36 +0 +0 +0 -2.808904e-13
37 +0 +0 +0 -1.787216e-13
38 +0 +0 +0 -6.940663e-14
39 +0 +0 +0 -2.428379e-14
40 +0 +0 +0 +1.259830e-13
41 +0 +0 +0 +2.410674e-13
42 +0 +0 +0 +1.296611e-13
43 +0 +0 +0 +8.740345e-14
44 +0 +0 +0 -3.817715e-14
45 +0 +0 +0 +1.039914e-14
46 +0 +0 +0 -1.258168e-13
47 +0 +0 +0 -1.403769e-13
48 +0 +0 +0 -3.756652e-14
49 +0 +0 +0 +1.591027e-13
50 +0 +0 +0 +1.269314e-13
51 +0 +0 +0 +2.140447e-13
52 +0 +0 +0 +1.800972e-13
53 +0 +0 +0 +1.463283e-13
54 +0 +0 +0 +1.711513e-13
55 +0 +0 +0 +6.250303e-14
56 +0 +0 +0 +1.042845e-13
57 +0 +0 +0 +1.232822e-13
58 +0 +0 +0 +1.115529e-13
59 +0 +0 +0 +9.457489e-14
60 +0 +0 +0 +2.272382e-14
61 +0 +0 +0 +1.067943e-14
62 +0 +0 +0 +1.089818e-13
63 +0 +0 +0 +5.191345e-14
