0 +0 +0 +0 +1.341284e-08
1 +0 +0 +0 +2.446347e-08
2 +0 +0 +0 +1.391987e-08
3 +0 +0 +0 +7.991612e-09
4 +0 +0 +0 +5.041390e-09
5 +0 +0 +0 +3.121017e-09
6 +0 +0 +0 +2.088234e-09
7 +0 +0 +0 +1.387306e-09
8 +0 +0 +0 +9.013298e-10
9 +0 +0 +0 +6.071207e-10
10 +0 +0 +0 +3.901243e-10
11 +0 +0 +0 +2.711873e-10
12 +0 +0 +0 +1.888004e-10
13 +0 +0 +0 +1.291585e-10
14 +0 +0 +0 +8.314959e-11
15 +0 +0 +0 +5.092753e-11
16 +0 +0 +0 +3.474993e-11
17 +0 +0 +0 +2.362054e-11
18 +0 +0 +0 +1.430679e-11
19 +0 +0 +0 +7.774839e-12
20 +0 +0 +0 +3.254081e-12
21 +0 +0 +0 +2.057567e-12
22 +0 +0 +0 +6.567574e-13
23 +0 +0 +0 +1.279579e-12
24 +0 +0 +0 -1.105183e-12
25 +0 +0 +0 -1.562198e-12
26 +0 +0 +0 -1.236126e-12
27 +0 +0 +0 -5.262185e-13
28 +0 +0 +0 -1.054075e-12
29 +0 +0 +0 +2.822777e-13
30 +0 +0 +0 -9.881988e-14
31 +0 +0 +0 -4.384461e-13
32 +0 +0 +0 -3.879826e-13
33 +0 +0 +0 -1.329518e-14
34 +0 +0 +0 -3.948460e-14
35 +0 +0 +0 +2.341695e-13
36 +0 +0 +0 +3.880970e-13
37 +0 +0 +0 +1.073467e-12
38 +0 +0 +0 +5.444743e-13
39 +0 +0 +0 +4.287335e-13
40 +0 +0 +0 +3.546258e-13
41 +0 +0 +0 +4.855318e-13
42 +0 +0 +0 +5.536217e-13
43 +0 +0 +0 +4.551222e-13
44 +0 +0 +0 +6.815211e-13
45 +0 +0 +0 +4.815425e-13
46 +0 +0 +0 +3.223694e-13
47 +0 +0 +0 +1.478164e-13
48 +0 +0 +0 -1.012720e-13
49 +0 +0 +0 -8.271566e-14
50 +0 +0 +0 -1.329109e-13
51 +0 +0 +0 +7.308135e-14
52 +0 +0 +0 +1.617726e-13
53 +0 +0 +0 +1.817730e-13
54 +0 +0 +0 +1.154685e-13
55 +0 +0 +0 +5.397888e-14
56 +0 +0 +0 +7.204659e-14
57 +0 +0 +0 +9.651439e-14
58 +0 +0 +0 +1.158531e-13
59 +0 +0 +0 +1.548331e-13
60 +0 +0 +0 +1.212895e-13
61 +0 +0 +0 +4.873905e-14
62 +0 +0 +0 +1.100395e-13
63 +0 +0 +0 -1.130910e-14
