0 +0 +0 +0 +1.238883e-08
1 +0 +0 +0 +2.445066e-08
2 +0 +0 +0 +1.379863e-08
3 +0 +0 +0 +8.005033e-09
4 +0 +0 +0 +5.107000e-09
5 +0 +0 +0 +3.170558e-09
6 +0 +0 +0 +2.055937e-09
7 +0 +0 +0 +1.346493e-09
8 +0 +0 +0 +8.997393e-10
9 +0 +0 +0 +6.089908e-10
10 +0 +0 +0 +4.136843e-10
11 +0 +0 +0 +2.787181e-10
12 +0 +0 +0 +1.928216e-10
13 +0 +0 +0 +1.271123e-10
14 +0 +0 +0 +9.115546e-11
15 +0 +0 +0 +5.960918e-11
16 +0 +0 +0 +3.953274e-11
17 +0 +0 +0 +2.950969e-11
18 +0 +0 +0 +1.889363e-11
19 +0 +0 +0 +1.242527e-11
20 +0 +0 +0 +8.896676e-12
21 +0 +0 +0 +3.774163e-12
22 +0 +0 +0 +2.232280e-12
23 +0 +0 +0 +2.709291e-12
24 +0 +0 +0 +2.115595e-12
25 +0 +0 +0 +1.986755e-12
26 +0 +0 +0 +2.705545e-12
27 +0 +0 +0 +1.769682e-12
28 +0 +0 +0 +1.543841e-12
29 +0 +0 +0 +4.996696e-13
30 +0 +0 +0 +2.037850e-13
31 +0 +0 +0 +8.102103e-14
32 +0 +0 +0 +2.266021e-13
33 +0 +0 +0 +4.772127e-14
34 +0 +0 +0 -7.797629e-14
35 +0 +0 +0 +1.400014e-14
36 +0 +0 +0 -2.542936e-14
37 +0 +0 +0 +2.887925e-13
38 +0 +0 +0 +2.282723e-13
39 +0 +0 +0 -1.830696e-14
40 +0 +0 +0 +6.045728e-14
41 +0 +0 +0 +2.509881e-13
42 +0 +0 +0 +5.743452e-14
43 +0 +0 +0 +3.945445e-14
44 +0 +0 +0 -4.915819e-15
45 +0 +0 +0 +1.619331e-13
46 +0 +0 +0 +3.207031e-13
47 +0 +0 +0 +2.675552e-13
48 +0 +0 +0 -7.045275e-14
49 +0 +0 +0 -1.053732e-13
50 +0 +0 +0 -1.412336e-13
51 +0 +0 +0 -7.915053e-14
52 +0 +0 +0 -9.705989e-14
53 +0 +0 +0 -3.863863e-14
54 +0 +0 +0 -8.322499e-14
55 +0 +0 +0 -1.906238e-13
56 +0 +0 +0 -1.063822e-13
57 +0 +0 +0 -1.129182e-13
58 +0 +0 +0 -1.823977e-13
59 +0 +0 +0 -2.358072e-13
60 +0 +0 +0 -1.166523e-13
61 +0 +0 +0 -4.458727e-14
62 +0 +0 +0 +8.531995e-14
63 +0 +0 +0 +6.788876e-14
