0 +0 +0 +0 +1.261057e-08
1 +0 +0 +0 +2.447012e-08
2 +0 +0 +0 +1.342007e-08
3 +0 +0 +0 +7.612538e-09
4 +0 +0 +0 +4.867113e-09
5 +0 +0 +0 +3.068283e-09
6 +0 +0 +0 +2.006934e-09
7 +0 +0 +0 +1.343540e-09
8 +0 +0 +0 +9.117605e-10
9 +0 +0 +0 +6.170014e-10
10 +0 +0 +0 +4.131154e-10
11 +0 +0 +0 +2.861981e-10
12 +0 +0 +0 +1.971126e-10
13 +0 +0 +0 +1.355738e-10
14 +0 +0 +0 +9.050627e-11
15 +0 +0 +0 +6.117340e-11
16 +0 +0 +0 +4.403274e-11
17 +0 +0 +0 +2.857732e-11
18 +0 +0 +0 +2.216242e-11
19 +0 +0 +0 +1.595996e-11
20 +0 +0 +0 +1.310308e-11
21 +0 +0 +0 +1.028066e-11
22 +0 +0 +0 +6.291820e-12
23 +0 +0 +0 +3.750779e-12
24 +0 +0 +0 +2.886449e-12
25 +0 +0 +0 +1.439654e-12
26 +0 +0 +0 +1.631885e-12
27 +0 +0 +0 +9.757098e-13
28 +0 +0 +0 +6.752112e-13
29 +0 +0 +0 +1.451303e-12
30 +0 +0 +0 +1.072485e-12
31 +0 +0 +0 -1.192838e-13
32 +0 +0 +0 +2.000521e-13
33 +0 +0 +0 -1.321116e-14
34 +0 +0 +0 +9.480524e-14
35 +0 +0 +0 +5.678278e-14
36 +0 +0 +0 +2.067969e-13
37 +0 +0 +0 -1.865583e-13
38 +0 +0 +0 -4.262553e-13
39 +0 +0 +0 +8.378879e-15
40 +0 +0 +0 +8.581587e-14
41 +0 +0 +0 +1.850563e-13
42 +0 +0 +0 +1.014770e-13
43 +0 +0 +0 +8.687702e-14
44 +0 +0 +0 -1.518284e-13
45 +0 +0 +0 -3.573038e-14
46 +0 +0 +0 -2.087623e-13
47 +0 +0 +0 -2.403421e-13
48 +0 +0 +0 -2.692278e-13
49 +0 +0 +0 -1.895418e-13
50 +0 +0 +0 -1.877007e-13
51 +0 +0 +0 -1.717569e-13
52 +0 +0 +0 -9.131143e-14
53 +0 +0 +0 -8.849680e-15
54 +0 +0 +0 +1.381402e-13
55 +0 +0 +0 +2.637124e-13
56 +0 +0 +0 +2.374614e-13
57 +0 +0 +0 +2.799447e-13
58 +0 +0 +0 +2.205555e-13
59 +0 +0 +0 +2.118876e-13
60 +0 +0 +0 +2.210452e-13
61 +0 +0 +0 +1.339513e-13
62 +0 +0 +0 +1.428379e-13
63 +0 +0 +0 +1.051099e-13
