0 +0 +0 +0 +1.364827e-08
1 +0 +0 +0 +2.484358e-08
2 +0 +0 +0 +1.376235e-08
3 +0 +0 +0 +8.003508e-09
4 +0 +0 +0 +5.026318e-09
5 +0 +0 +0 +3.103675e-09
6 +0 +0 +0 +2.030735e-09
7 +0 +0 +0 +1.303208e-09
8 +0 +0 +0 +8.494631e-10
9 +0 +0 +0 +5.748368e-10
10 +0 +0 +0 +3.855993e-10
11 +0 +0 +0 +2.680695e-10
12 +0 +0 +0 +1.868110e-10
13 +0 +0 +0 +1.222282e-10
14 +0 +0 +0 +8.389225e-11
15 +0 +0 +0 +6.199383e-11
16 +0 +0 +0 +4.715728e-11
17 +0 +0 +0 +2.962308e-11
18 +0 +0 +0 +2.278886e-11
19 +0 +0 +0 +1.524381e-11
20 +0 +0 +0 +9.107312e-12
21 +0 +0 +0 +7.054004e-12
22 +0 +0 +0 +4.371327e-12
23 +0 +0 +0 +3.507293e-12
24 +0 +0 +0 +2.653355e-12
25 +0 +0 +0 +8.322205e-13
26 +0 +0 +0 +1.502201e-12
27 +0 +0 +0 +6.352705e-13
28 +0 +0 +0 +7.441852e-13
29 +0 +0 +0 +8.499691e-13
30 +0 +0 +0 +9.641727e-13
31 +0 +0 +0 +1.081668e-12
32 +0 +0 +0 +1.025174e-12
33 +0 +0 +0 +1.484585e-12
34 +0 +0 +0 +1.176056e-12
35 +0 +0 +0 +1.376096e-12
36 +0 +0 +0 +1.031537e-12
37 +0 +0 +0 +1.434349e-13
38 +0 +0 +0 +6.767255e-13
39 +0 +0 +0 +1.489270e-13
40 +0 +0 +0 -3.932750e-14
41 +0 +0 +0 -9.099554e-14
42 +0 +0 +0 -1.235125e-13
43 +0 +0 +0 -6.776906e-14
44 +0 +0 +0 +1.632440e-13
45 +0 +0 +0 +2.881287e-13
46 +0 +0 +0 +1.743019e-13
47 +0 +0 +0 -9.305491e-14
48 +0 +0 +0 -9.904948e-14
49 +0 +0 +0 -2.790396e-14
50 +0 +0 +0 -9.905372e-14
51 +0 +0 +0 +2.015122e-14
52 +0 +0 +0 -8.304246e-14
53 +0 +0 +0 -5.830401e-14
54 +0 +0 +0 -1.357596e-13
55 +0 +0 +0 -7.923160e-14
56 +0 +0 +0 -2.399508e-14
57 +0 +0 +0 -4.174084e-14
58 +0 +0 +0 -1.192601e-14
59 +0 +0 +0 -3.391701e-14
60 +0 +0 +0 -3.608377e-14
61 +0 +0 +0 +2.994597e-14
62 +0 +0 +0 +3.197351e-14
63 +0 +0 +0 +6.060025e-14
