0 +0 +0 +0 +1.298794e-08
1 +0 +0 +0 +2.421239e-08
2 +0 +0 +0 +1.329967e-08
3 +0 +0 +0 +7.854218e-09
4 +0 +0 +0 +4.817510e-09
5 +0 +0 +0 +3.031659e-09
6 +0 +0 +0 +1.982645e-09
7 +0 +0 +0 +1.295064e-09
8 +0 +0 +0 +8.591039e-10
9 +0 +0 +0 +5.674105e-10
10 +0 +0 +0 +3.911422e-10
11 +0 +0 +0 +2.670137e-10
12 +0 +0 +0 +1.775365e-10
13 +0 +0 +0 +1.210103e-10
14 +0 +0 +0 +7.844077e-11
15 +0 +0 +0 +4.607269e-11
16 +0 +0 +0 +3.088794e-11
17 +0 +0 +0 +1.917339e-11
18 +0 +0 +0 +1.197971e-11
19 +0 +0 +0 +1.043256e-11
20 +0 +0 +0 +7.072261e-12
21 +0 +0 +0 +4.612309e-12
22 +0 +0 +0 +2.517352e-12
23 +0 +0 +0 +3.693482e-12
24 +0 +0 +0 +2.389683e-12
25 +0 +0 +0 +2.221368e-12
26 +0 +0 +0 +1.546992e-12
27 +0 +0 +0 +4.681293e-13
28 +0 +0 +0 +8.506535e-13
29 +0 +0 +0 +3.061066e-13
30 +0 +0 +0 +4.146719e-13
31 +0 +0 +0 +1.959117e-13
32 +0 +0 +0 -6.379863e-13
33 +0 +0 +0 -8.503693e-13
34 +0 +0 +0 -5.875662e-13
35 +0 +0 +0 -2.723413e-14
36 +0 +0 +0 -6.920805e-14
37 +0 +0 +0 -8.377358e-14
38 +0 +0 +0 +1.955462e-13
39 +0 +0 +0 +4.265245e-13
40 +0 +0 +0 +4.265920e-13
41 +0 +0 +0 +3.153298e-13
42 +0 +0 +0 +3.205390e-13
43 +0 +0 +0 +3.470434e-13
44 +0 +0 +0 +3.630537e-13
45 +0 +0 +0 +1.127692e-13
46 +0 +0 +0 +6.161561e-14
47 +0 +0 +0 +9.630325e-15
48 +0 +0 +0 -5.037986e-14
49 +0 +0 +0 +9.785566e-15
50 +0 +0 +0 +1.480611e-14
51 +0 +0 +0 -4.174864e-14
52 +0 +0 +0 -8.629332e-14
53 +0 +0 +0 -1.025438e-13
54 +0 +0 +0 -1.132277e-13
55 +0 +0 +0 -1.663879e-13
56 +0 +0 +0 -1.857131e-13
57 +0 +0 +0 -1.777582e-13
58 +0 +0 +0 -9.902090e-14
59 +0 +0 +0 -2.424092e-14
60 +0 +0 +0 +3.193176e-14
61 +0 +0 +0 +4.935033e-14
62 +0 +0 +0 +7.214689e-14
63 +0 +0 +0 +3.885659e-14
