0 +0 +0 +0 +1.317941e-08
1 +0 +0 +0 +2.437519e-08
2 +0 +0 +0 +1.342262e-08
3 +0 +0 +0 +8.017818e-09
4 +0 +0 +0 +4.949873e-09
5 +0 +0 +0 +3.207151e-09
6 +0 +0 +0 +2.088159e-09
7 +0 +0 +0 +1.409359e-09
8 +0 +0 +0 +9.480863e-10
9 +0 +0 +0 +6.428290e-10
10 +0 +0 +0 +4.301688e-10
11 +0 +0 +0 +2.900749e-10
12 +0 +0 +0 +1.924434e-10
13 +0 +0 +0 +1.317544e-10
14 +0 +0 +0 +8.778633e-11
15 +0 +0 +0 +5.347563e-11
16 +0 +0 +0 +3.482528e-11
17 +0 +0 +0 +2.167708e-11
18 +0 +0 +0 +1.448077e-11
19 +0 +0 +0 +9.364770e-12
20 +0 +0 +0 +4.262400e-12
21 +0 +0 +0 +4.801199e-12
22 +0 +0 +0 +3.992260e-12
23 +0 +0 +0 +3.350975e-12
24 +0 +0 +0 +1.974720e-12
25 +0 +0 +0 +4.429992e-13
26 +0 +0 +0 +2.990616e-13
27 +0 +0 +0 +4.212938e-14
28 +0 +0 +0 +1.081841e-12
29 +0 +0 +0 +5.620538e-14
30 +0 +0 +0 +1.206838e-13
31 +0 +0 +0 -1.885209e-13
32 +0 +0 +0 -1.231936e-13
33 +0 +0 +0 +1.819528e-13
34 +0 +0 +0 +3.647668e-13
35 +0 +0 +0 -1.279793e-13
36 +0 +0 +0 +2.649162e-13
37 +0 +0 +0 +6.259137e-13
38 +0 +0 +0 +2.928413e-13
39 +0 +0 +0 -3.587002e-14
40 +0 +0 +0 +1.783466e-13
41 +0 +0 +0 +2.585841e-13
42 +0 +0 +0 +4.058814e-14
43 +0 +0 +0 -1.549732e-13
44 +0 +0 +0 -1.738211e-13
45 +0 +0 +0 -2.758565e-13
46 +0 +0 +0 -8.884451e-14
47 +0 +0 +0 +4.903578e-14
48 +0 +0 +0 -1.517330e-13
49 +0 +0 +0 -2.483617e-13
50 +0 +0 +0 -2.625850e-13
51 +0 +0 +0 -2.337008e-13
52 +0 +0 +0 -1.967495e-13
53 +0 +0 +0 -1.330079e-13
54 +0 +0 +0 +7.276207e-15
55 +0 +0 +0 +1.165851e-13
56 +0 +0 +0 +5.835166e-14
57 +0 +0 +0 +8.715880e-15
58 +0 +0 +0 +3.783960e-14
59 +0 +0 +0 -6.307126e-14
60 +0 +0 +0 +7.987144e-14
61 +0 +0 +0 +8.136258e-14
62 +0 +0 +0 +6.897936e-14
63 +0 +0 +0 +1.197513e-13
