0 +0 +0 +0 +1.266088e-08
1 +0 +0 +0 +2.366108e-08
2 +0 +0 +0 +1.342978e-08
3 +0 +0 +0 +7.901878e-09
4 +0 +0 +0 +4.922743e-09
5 +0 +0 +0 +3.112003e-09
6 +0 +0 +0 +2.054342e-09
7 +0 +0 +0 +1.337569e-09
8 +0 +0 +0 +8.816407e-10
9 +0 +0 +0 +5.961333e-10
10 +0 +0 +0 +4.147110e-10
11 +0 +0 +0 +2.835272e-10
12 +0 +0 +0 +1.978173e-10
13 +0 +0 +0 +1.347250e-10
14 +0 +0 +0 +8.806357e-11
15 +0 +0 +0 +5.565085e-11
16 +0 +0 +0 +3.512144e-11
17 +0 +0 +0 +2.289780e-11
18 +0 +0 +0 +1.552630e-11
19 +0 +0 +0 +1.212520e-11
20 +0 +0 +0 +1.015027e-11
21 +0 +0 +0 +6.314718e-12
22 +0 +0 +0 +2.433162e-12
23 +0 +0 +0 +2.182119e-12
24 +0 +0 +0 +1.581235e-12
25 +0 +0 +0 +2.395563e-12
26 +0 +0 +0 +2.025795e-12
27 +0 +0 +0 +2.022732e-12
28 +0 +0 +0 +1.461727e-12
29 +0 +0 +0 +9.976044e-13
30 +0 +0 +0 +1.004875e-12
31 +0 +0 +0 +8.118813e-13
32 +0 +0 +0 +1.047221e-12
33 +0 +0 +0 +1.316073e-12
34 +0 +0 +0 +1.109192e-12
35 +0 +0 +0 +8.999845e-13
36 +0 +0 +0 +7.323120e-13
37 +0 +0 +0 +4.770518e-13
38 +0 +0 +0 +5.465153e-13
39 +0 +0 +0 +6.241398e-13
40 +0 +0 +0 +5.229323e-13
41 +0 +0 +0 +6.885089e-13
42 +0 +0 +0 +3.525093e-13
43 +0 +0 +0 +2.093242e-13
44 +0 +0 +0 +6.582621e-14
45 +0 +0 +0 +1.696686e-14
46 +0 +0 +0 +8.207103e-14
47 +0 +0 +0 -1.579061e-13
48 +0 +0 +0 -1.556936e-13
49 +0 +0 +0 -1.501779e-13
50 +0 +0 +0 -9.245787e-15
51 +0 +0 +0 +1.034876e-14
52 +0 +0 +0 +1.061638e-13
53 +0 +0 +0 +7.719147e-14
54 +0 +0 +0 +4.607857e-14
55 +0 +0 +0 +1.224380e-13
56 +0 +0 +0 +1.358083e-13
57 +0 +0 +0 +5.033127e-14
58 +0 +0 +0 -9.788015e-15
59 +0 +0 +0 +5.851707e-14
60 +0 +0 +0 +1.465390e-14
61 +0 +0 +0 +8.395535e-14
62 +0 +0 +0 +4.169916e-14
63 +0 +0 +0 -2.039415e-14
