0 +0 +0 +0 +1.247669e-08
1 +0 +0 +0 +2.372829e-08
2 +0 +0 +0 +1.301796e-08
3 +0 +0 +0 +7.772420e-09
4 +0 +0 +0 +4.875092e-09
5 +0 +0 +0 +3.112935e-09
6 +0 +0 +0 +1.985879e-09
7 +0 +0 +0 +1.291590e-09
8 +0 +0 +0 +8.400695e-10
9 +0 +0 +0 +5.392776e-10
10 +0 +0 +0 +3.661095e-10
11 +0 +0 +0 +2.497120e-10
12 +0 +0 +0 +1.713699e-10
13 +0 +0 +0 +1.185897e-10
14 +0 +0 +0 +7.925689e-11
15 +0 +0 +0 +5.103930e-11
16 +0 +0 +0 +3.437655e-11
17 +0 +0 +0 +2.070484e-11
18 +0 +0 +0 +1.275496e-11
19 +0 +0 +0 +1.071858e-11
20 +0 +0 +0 +8.093653e-12
21 +0 +0 +0 +4.430128e-12
22 +0 +0 +0 +3.998151e-12
23 +0 +0 +0 +2.501236e-12
24 +0 +0 +0 +1.438338e-12
25 +0 +0 +0 +2.531437e-13
26 +0 +0 +0 +3.481618e-13
27 +0 +0 +0 +9.023396e-13
28 +0 +0 +0 +1.283023e-13
29 +0 +0 +0 -7.175034e-14
30 +0 +0 +0 +1.367748e-13
31 +0 +0 +0 -7.402289e-14
32 +0 +0 +0 -1.768272e-13
33 +0 +0 +0 +8.155409e-14
34 +0 +0 +0 -3.760449e-13
35 +0 +0 +0 -4.849215e-13
36 +0 +0 +0 -3.365418e-13
37 +0 +0 +0 +4.636218e-14
38 +0 +0 +0 -5.263557e-13
39 +0 +0 +0 -3.658411e-13
40 +0 +0 +0 -3.369446e-13
41 +0 +0 +0 -2.501012e-13
42 +0 +0 +0 -4.221970e-13
43 +0 +0 +0 -4.291876e-13
44 +0 +0 +0 -2.076720e-13
45 +0 +0 +0 -1.699266e-13
46 +0 +0 +0 -2.452749e-13
47 +0 +0 +0 -2.998981e-13
48 +0 +0 +0 -1.863229e-13
49 +0 +0 +0 -8.823362e-14
50 +0 +0 +0 -5.332963e-15
51 +0 +0 +0 -1.092170e-13
52 +0 +0 +0 -4.522878e-14
53 +0 +0 +0 -7.436600e-14
54 +0 +0 +0 -1.055694e-13
55 +0 +0 +0 -1.787435e-14
56 +0 +0 +0 -8.157565e-14
57 +0 +0 +0 -8.215986e-14
58 +0 +0 +0 -8.586854e-14
59 +0 +0 +0 -1.131870e-13
60 +0 +0 +0 -4.990377e-14
61 +0 +0 +0 +1.565222e-14
62 +0 +0 +0 -7.117152e-16
63 +0 +0 +0 -2.953960e-14
