0 +0 +0 +0 +1.348914e-08
1 +0 +0 +0 +2.464088e-08
2 +0 +0 +0 +1.377990e-08
3 +0 +0 +0 +8.100304e-09
4 +0 +0 +0 +5.041918e-09
5 +0 +0 +0 +3.248611e-09
6 +0 +0 +0 +2.159190e-09
7 +0 +0 +0 +1.426844e-09
8 +0 +0 +0 +9.441875e-10
9 +0 +0 +0 +6.000636e-10
10 +0 +0 +0 +4.116325e-10
11 +0 +0 +0 +2.675277e-10
12 +0 +0 +0 +1.838825e-10
13 +0 +0 +0 +1.282284e-10
14 +0 +0 +0 +8.213195e-11
15 +0 +0 +0 +5.871497e-11
16 +0 +0 +0 +4.272033e-11
17 +0 +0 +0 +3.168500e-11
18 +0 +0 +0 +1.948181e-11
19 +0 +0 +0 +1.412262e-11
20 +0 +0 +0 +9.921528e-12
21 +0 +0 +0 +6.302674e-12
22 +0 +0 +0 +5.212798e-12
23 +0 +0 +0 +3.539283e-12
24 +0 +0 +0 +1.221241e-12
25 +0 +0 +0 +2.658479e-13
26 +0 +0 +0 -8.415245e-13
27 +0 +0 +0 +2.036390e-13
28 +0 +0 +0 +6.209160e-15
29 +0 +0 +0 -3.597706e-13
30 +0 +0 +0 -4.224662e-13
31 +0 +0 +0 -4.475186e-13
32 +0 +0 +0 +1.537162e-13
33 +0 +0 +0 -1.152920e-13
34 +0 +0 +0 +3.186575e-13
35 +0 +0 +0 +2.318256e-13
36 +0 +0 +0 +4.765466e-13
37 +0 +0 +0 +4.778596e-13
38 +0 +0 +0 +3.007698e-13
39 +0 +0 +0 +2.263761e-13
40 +0 +0 +0 +3.701985e-14
41 +0 +0 +0 -4.860370e-14
42 +0 +0 +0 -1.382920e-13
43 +0 +0 +0 -1.384621e-13
44 +0 +0 +0 -6.452549e-14
45 +0 +0 +0 -3.061606e-13
46 +0 +0 +0 -2.045294e-13
47 +0 +0 +0 -8.838313e-14
48 +0 +0 +0 +2.361706e-14
49 +0 +0 +0 -1.203572e-13
50 +0 +0 +0 -1.362450e-13
51 +0 +0 +0 -1.195587e-13
52 +0 +0 +0 -9.110115e-15
53 +0 +0 +0 -1.288911e-14
54 +0 +0 +0 -5.071542e-14
55 +0 +0 +0 -5.760686e-14
56 +0 +0 +0 +4.700973e-14
57 +0 +0 +0 +2.999452e-14
58 +0 +0 +0 +7.421133e-14
59 +0 +0 +0 +1.689280e-15
60 +0 +0 +0 +3.806344e-15
61 +0 +0 +0 -4.019725e-14
62 +0 +0 +0 -7.688974e-15
63 +0 +0 +0 +2.757102e-14
