0 +0 +0 +0 +1.282263e-08
1 +0 +0 +0 +2.389118e-08
2 +0 +0 +0 +1.345186e-08
3 +0 +0 +0 +7.907993e-09
4 +0 +0 +0 +4.958079e-09
5 +0 +0 +0 +3.178002e-09
6 +0 +0 +0 +2.034925e-09
7 +0 +0 +0 +1.274728e-09
8 +0 +0 +0 +8.558819e-10
9 +0 +0 +0 +5.703133e-10
10 +0 +0 +0 +3.944952e-10
11 +0 +0 +0 +2.671568e-10
12 +0 +0 +0 +1.780919e-10
13 +0 +0 +0 +1.234224e-10
14 +0 +0 +0 +8.165991e-11
15 +0 +0 +0 +6.205116e-11
16 +0 +0 +0 +3.898646e-11
17 +0 +0 +0 +2.773760e-11
18 +0 +0 +0 +1.944773e-11
19 +0 +0 +0 +1.334692e-11
20 +0 +0 +0 +8.475121e-12
21 +0 +0 +0 +6.254187e-12
22 +0 +0 +0 +5.926658e-12
23 +0 +0 +0 +4.942071e-12
24 +0 +0 +0 +4.392137e-12
25 +0 +0 +0 +2.414941e-12
26 +0 +0 +0 +7.677360e-13
27 +0 +0 +0 -2.362128e-13
28 +0 +0 +0 -1.311742e-12
29 +0 +0 +0 -1.017484e-12
30 +0 +0 +0 -9.454839e-13
31 +0 +0 +0 -1.079602e-12
32 +0 +0 +0 -4.411288e-13
33 +0 +0 +0 -1.909375e-13
34 +0 +0 +0 -6.681823e-15
35 +0 +0 +0 +1.994156e-13
36 +0 +0 +0 +5.214825e-13
37 +0 +0 +0 +7.892475e-13
38 +0 +0 +0 +5.820635e-13
39 +0 +0 +0 +6.272380e-13
40 +0 +0 +0 +6.582167e-13
41 +0 +0 +0 +2.427809e-13
42 +0 +0 +0 +1.597376e-13
43 +0 +0 +0 -9.839672e-14
44 +0 +0 +0 +1.058525e-13
45 +0 +0 +0 -1.523733e-13
46 +0 +0 +0 -1.853267e-13
47 +0 +0 +0 -9.668915e-14
48 +0 +0 +0 -7.530508e-14
49 +0 +0 +0 -1.176549e-13
50 +0 +0 +0 -1.361797e-13
51 +0 +0 +0 +3.876994e-14
52 +0 +0 +0 +1.852295e-13
53 +0 +0 +0 +2.913767e-13
54 +0 +0 +0 +2.093712e-13
55 +0 +0 +0 +6.141389e-14
56 +0 +0 +0 +1.892148e-13
57 +0 +0 +0 +1.588645e-13
58 +0 +0 +0 +2.992697e-13
59 +0 +0 +0 +2.565635e-13
60 +0 +0 +0 +8.453812e-14
61 +0 +0 +0 +1.803921e-14
62 +0 +0 +0 -1.325554e-14
63 +0 +0 +0 -1.314416e-14
