0 +0 +0 +0 +1.341487e-08
1 +0 +0 +0 +2.390985e-08
2 +0 +0 +0 +1.324487e-08
3 +0 +0 +0 +7.766781e-09
4 +0 +0 +0 +4.765195e-09
5 +0 +0 +0 +2.977823e-09
6 +0 +0 +0 +1.926479e-09
7 +0 +0 +0 +1.263355e-09
8 +0 +0 +0 +8.255636e-10
9 +0 +0 +0 +5.442302e-10
10 +0 +0 +0 +3.691508e-10
11 +0 +0 +0 +2.445821e-10
12 +0 +0 +0 +1.685467e-10
13 +0 +0 +0 +1.151491e-10
14 +0 +0 +0 +8.040843e-11
15 +0 +0 +0 +5.433836e-11
16 +0 +0 +0 +3.829512e-11
17 +0 +0 +0 +3.016214e-11
18 +0 +0 +0 +2.180035e-11
19 +0 +0 +0 +1.632518e-11
20 +0 +0 +0 +9.968263e-12
21 +0 +0 +0 +8.308746e-12
22 +0 +0 +0 +7.071332e-12
23 +0 +0 +0 +5.455646e-12
24 +0 +0 +0 +4.988815e-12
25 +0 +0 +0 +3.442789e-12
26 +0 +0 +0 +2.456318e-12
27 +0 +0 +0 +1.293015e-12
28 +0 +0 +0 +9.191215e-13
29 +0 +0 +0 +1.013635e-12
30 +0 +0 +0 +1.028029e-12
31 +0 +0 +0 +2.385964e-15
32 +0 +0 +0 +2.728103e-13
33 +0 +0 +0 -2.015608e-13
34 +0 +0 +0 -7.724859e-14
35 +0 +0 +0 -4.394675e-13
36 +0 +0 +0 -2.393655e-13
37 +0 +0 +0 +7.815106e-15
38 +0 +0 +0 -1.388754e-13
39 +0 +0 +0 +1.828966e-13
40 +0 +0 +0 -3.082318e-15
41 +0 +0 +0 -4.419526e-15
42 +0 +0 +0 -9.027783e-14
43 +0 +0 +0 -6.537813e-14
44 +0 +0 +0 -1.188792e-13
45 +0 +0 +0 -3.224964e-13
46 +0 +0 +0 -1.283946e-13
47 +0 +0 +0 -1.408196e-13
48 +0 +0 +0 +7.140607e-15
49 +0 +0 +0 -1.265520e-13
50 +0 +0 +0 -7.630055e-14
51 +0 +0 +0 +5.916871e-14
52 +0 +0 +0 +1.512186e-13
53 +0 +0 +0 +1.478231e-13
54 +0 +0 +0 +1.154640e-13
55 +0 +0 +0 +2.687302e-14
56 +0 +0 +0 -3.558801e-14
57 +0 +0 +0 -9.737562e-14
58 +0 +0 +0 -1.244927e-13
59 +0 +0 +0 -9.243200e-14
60 +0 +0 +0 -1.156487e-13
61 +0 +0 +0 -7.094673e-15
62 +0 +0 +0 -5.324976e-14
63 +0 +0 +0 +8.531486e-15
