0 +0 +0 +0 +1.317448e-08
1 +0 +0 +0 +2.393988e-08
2 +0 +0 +0 +1.352344e-08
3 +0 +0 +0 +7.901618e-09
4 +0 +0 +0 +4.857899e-09
5 +0 +0 +0 +3.073135e-09
6 +0 +0 +0 +1.970820e-09
7 +0 +0 +0 +1.278164e-09
8 +0 +0 +0 +8.579507e-10
9 +0 +0 +0 +5.601624e-10
10 +0 +0 +0 +3.827780e-10
11 +0 +0 +0 +2.657918e-10
12 +0 +0 +0 +1.794819e-10
13 +0 +0 +0 +1.293835e-10
14 +0 +0 +0 +8.673313e-11
15 +0 +0 +0 +6.219560e-11
16 +0 +0 +0 +4.190323e-11
17 +0 +0 +0 +3.159847e-11
18 +0 +0 +0 +2.486564e-11
19 +0 +0 +0 +1.678470e-11
20 +0 +0 +0 +1.054956e-11
21 +0 +0 +0 +6.998170e-12
22 +0 +0 +0 +5.217963e-12
23 +0 +0 +0 +5.190348e-12
24 +0 +0 +0 +4.448451e-12
25 +0 +0 +0 +3.593553e-12
26 +0 +0 +0 +2.830846e-12
27 +0 +0 +0 +1.443762e-12
28 +0 +0 +0 +1.152574e-12
29 +0 +0 +0 +9.583905e-13
30 +0 +0 +0 +3.070212e-13
31 +0 +0 +0 +1.366875e-13
32 +0 +0 +0 +2.230414e-13
33 +0 +0 +0 +4.882193e-13
34 +0 +0 +0 +1.209386e-13
35 +0 +0 +0 -7.706222e-14
36 +0 +0 +0 +2.856144e-13
37 +0 +0 +0 +2.605366e-13
38 +0 +0 +0 -7.668830e-14
39 +0 +0 +0 -3.478103e-13
40 +0 +0 +0 -3.888765e-13
41 +0 +0 +0 -3.780493e-13
42 +0 +0 +0 -1.661947e-13
43 +0 +0 +0 -3.089225e-15
44 +0 +0 +0 +1.708221e-13
45 +0 +0 +0 +8.765951e-14
46 +0 +0 +0 +2.883422e-15
47 +0 +0 +0 -9.032145e-14
48 +0 +0 +0 -3.805243e-13
49 +0 +0 +0 -3.717284e-13
50 +0 +0 +0 -2.980162e-13
51 +0 +0 +0 -1.136697e-13
52 +0 +0 +0 -1.624524e-13
53 +0 +0 +0 -2.397371e-13
54 +0 +0 +0 -2.415408e-13
55 +0 +0 +0 -8.084149e-14
56 +0 +0 +0 -1.270989e-13
57 +0 +0 +0 -5.956653e-14
58 +0 +0 +0 -1.583636e-13
59 +0 +0 +0 -1.001879e-13
60 +0 +0 +0 -7.826167e-14
61 +0 +0 +0 +7.436085e-14
62 +0 +0 +0 +1.773330e-14
63 +0 +0 +0 +1.118075e-13
