0 +0 +0 +0 +1.288511e-08
1 +0 +0 +0 +2.412142e-08
2 +0 +0 +0 +1.350767e-08
3 +0 +0 +0 +7.992608e-09
4 +0 +0 +0 +4.964181e-09
5 +0 +0 +0 +3.141167e-09
6 +0 +0 +0 +2.042352e-09
7 +0 +0 +0 +1.328238e-09
8 +0 +0 +0 +8.726042e-10
9 +0 +0 +0 +5.886189e-10
10 +0 +0 +0 +3.965829e-10
11 +0 +0 +0 +2.758121e-10
12 +0 +0 +0 +1.839874e-10
13 +0 +0 +0 +1.165032e-10
14 +0 +0 +0 +8.204608e-11
15 +0 +0 +0 +5.712843e-11
16 +0 +0 +0 +3.744308e-11
17 +0 +0 +0 +2.628939e-11
18 +0 +0 +0 +1.970109e-11
19 +0 +0 +0 +1.454212e-11
20 +0 +0 +0 +1.117917e-11
21 +0 +0 +0 +8.757298e-12
22 +0 +0 +0 +5.581579e-12
23 +0 +0 +0 +3.050306e-12
24 +0 +0 +0 +1.849506e-12
25 +0 +0 +0 +9.884776e-13
26 +0 +0 +0 +6.123941e-13
27 +0 +0 +0 +1.214692e-13
28 +0 +0 +0 -6.747903e-13
29 +0 +0 +0 -2.307561e-13
30 +0 +0 +0 -2.347063e-13
31 +0 +0 +0 +4.082883e-13
32 +0 +0 +0 -4.021386e-14
33 +0 +0 +0 -3.451295e-13
34 +0 +0 +0 -2.976503e-13
35 +0 +0 +0 -3.641859e-13
36 +0 +0 +0 -5.871266e-13
37 +0 +0 +0 -4.600911e-13
38 +0 +0 +0 -3.236269e-13
39 +0 +0 +0 -2.244839e-13
40 +0 +0 +0 -2.528082e-13
41 +0 +0 +0 +4.382455e-14
42 +0 +0 +0 +9.334157e-14
43 +0 +0 +0 +3.134719e-13
44 +0 +0 +0 -7.020752e-14
45 +0 +0 +0 -9.897909e-14
46 +0 +0 +0 +3.590059e-14
47 +0 +0 +0 +9.857821e-14
48 +0 +0 +0 +9.914295e-14
49 +0 +0 +0 -1.483806e-13
50 +0 +0 +0 -1.617379e-14
51 +0 +0 +0 +2.227393e-14
52 +0 +0 +0 -4.255650e-14
53 +0 +0 +0 -4.172537e-16
54 +0 +0 +0 -4.229712e-14
55 +0 +0 +0 +3.664847e-14
56 +0 +0 +0 +5.488655e-14
57 +0 +0 +0 +1.113250e-13
58 +0 +0 +0 +2.028672e-13
59 +0 +0 +0 +1.780725e-13
60 +0 +0 +0 +2.078414e-13
61 +0 +0 +0 +1.767833e-13
62 +0 +0 +0 +1.303138e-13
63 +0 +0 +0 +9.623551e-14
