0 +0 +0 +0 +1.318805e-08
1 +0 +0 +0 +2.386121e-08
2 +0 +0 +0 +1.298848e-08
3 +0 +0 +0 +7.703727e-09
4 +0 +0 +0 +4.772246e-09
5 +0 +0 +0 +3.040013e-09
6 +0 +0 +0 +1.994924e-09
7 +0 +0 +0 +1.324202e-09
8 +0 +0 +0 +8.777181e-10
9 +0 +0 +0 +5.788428e-10
10 +0 +0 +0 +3.935552e-10
11 +0 +0 +0 +2.710345e-10
12 +0 +0 +0 +1.865428e-10
13 +0 +0 +0 +1.202624e-10
14 +0 +0 +0 +8.138946e-11
15 +0 +0 +0 +5.342293e-11
16 +0 +0 +0 +3.970447e-11
17 +0 +0 +0 +2.563691e-11
18 +0 +0 +0 +1.778946e-11
19 +0 +0 +0 +1.095904e-11
20 +0 +0 +0 +9.261515e-12
21 +0 +0 +0 +6.123613e-12
22 +0 +0 +0 +5.601303e-12
23 +0 +0 +0 +5.197430e-12
24 +0 +0 +0 +3.980586e-12
25 +0 +0 +0 +3.686287e-12
26 +0 +0 +0 +3.475673e-12
27 +0 +0 +0 +2.968309e-12
28 +0 +0 +0 +2.459861e-12
29 +0 +0 +0 +1.414833e-12
30 +0 +0 +0 +9.746124e-13
31 +0 +0 +0 +4.416646e-13
32 +0 +0 +0 -4.081187e-13
33 +0 +0 +0 -7.961891e-13
34 +0 +0 +0 -7.068471e-13
35 +0 +0 +0 -1.089427e-12
36 +0 +0 +0 -1.115090e-12
37 +0 +0 +0 -9.623921e-13
38 +0 +0 +0 -5.936099e-13
39 +0 +0 +0 -5.197353e-13
40 +0 +0 +0 -3.272925e-13
41 +0 +0 +0 -2.973434e-13
42 +0 +0 +0 -3.640009e-13
43 +0 +0 +0 -2.853448e-13
44 +0 +0 +0 -1.242767e-13
45 +0 +0 +0 -1.046473e-13
46 +0 +0 +0 -4.898340e-14
47 +0 +0 +0 -1.164333e-13
48 +0 +0 +0 -9.956928e-14
49 +0 +0 +0 -1.812691e-14
50 +0 +0 +0 -1.197929e-14
51 +0 +0 +0 +5.917332e-14
52 +0 +0 +0 +2.339412e-14
53 +0 +0 +0 -1.022730e-13
54 +0 +0 +0 +1.606817e-14
55 +0 +0 +0 -1.026648e-13
56 +0 +0 +0 -1.120297e-13
57 +0 +0 +0 +1.684707e-15
58 +0 +0 +0 +1.261359e-14
59 +0 +0 +0 -1.309526e-14
60 +0 +0 +0 -5.468328e-14
61 +0 +0 +0 -5.243575e-14
62 +0 +0 +0 -1.133991e-13
63 +0 +0 +0 -1.054332e-13
