0 +0 +0 +0 +1.331054e-08
1 +0 +0 +0 +2.425973e-08
2 +0 +0 +0 +1.355639e-08
3 +0 +0 +0 +7.837110e-09
4 +0 +0 +0 +4.923963e-09
5 +0 +0 +0 +3.161561e-09
6 +0 +0 +0 +2.032457e-09
7 +0 +0 +0 +1.339669e-09
8 +0 +0 +0 +8.836976e-10
9 +0 +0 +0 +5.913620e-10
10 +0 +0 +0 +4.217361e-10
11 +0 +0 +0 +2.864149e-10
12 +0 +0 +0 +1.967181e-10
13 +0 +0 +0 +1.337014e-10
14 +0 +0 +0 +9.118467e-11
15 +0 +0 +0 +6.644301e-11
16 +0 +0 +0 +4.526856e-11
17 +0 +0 +0 +2.907270e-11
18 +0 +0 +0 +2.064861e-11
19 +0 +0 +0 +1.303272e-11
20 +0 +0 +0 +1.113211e-11
21 +0 +0 +0 +8.355951e-12
22 +0 +0 +0 +6.351893e-12
23 +0 +0 +0 +4.528886e-12
24 +0 +0 +0 +3.084754e-12
25 +0 +0 +0 +1.395532e-12
26 +0 +0 +0 -6.579451e-13
27 +0 +0 +0 -6.889690e-13
28 +0 +0 +0 -5.781644e-13
29 +0 +0 +0 -1.032051e-12
30 +0 +0 +0 -1.491107e-12
31 +0 +0 +0 -1.101285e-12
32 +0 +0 +0 -1.121034e-12
33 +0 +0 +0 -7.182844e-13
34 +0 +0 +0 -4.940721e-13
35 +0 +0 +0 -1.027826e-13
36 +0 +0 +0 -3.895357e-14
37 +0 +0 +0 +1.514627e-13
38 +0 +0 +0 -7.319348e-15
39 +0 +0 +0 +2.499330e-13
40 +0 +0 +0 -9.989043e-14
41 +0 +0 +0 +1.773249e-13
42 +0 +0 +0 +2.810257e-14
43 +0 +0 +0 +1.758370e-13
44 +0 +0 +0 -2.069202e-15
45 +0 +0 +0 -6.015728e-14
46 +0 +0 +0 +1.352141e-13
47 +0 +0 +0 +1.571583e-14
48 +0 +0 +0 -9.523462e-16
49 +0 +0 +0 -1.849669e-13
50 +0 +0 +0 -2.050614e-13
51 +0 +0 +0 -3.548725e-13
52 +0 +0 +0 -2.332321e-13
53 +0 +0 +0 -6.697441e-14
54 +0 +0 +0 -2.260409e-13
55 +0 +0 +0 -1.511178e-13
56 +0 +0 +0 +7.449265e-14
57 +0 +0 +0 +2.109151e-14
58 +0 +0 +0 +8.484447e-15
59 +0 +0 +0 +4.273921e-14
60 +0 +0 +0 +5.631854e-14
61 +0 +0 +0 +7.154076e-14
62 +0 +0 +0 +2.827708e-14
63 +0 +0 +0 +6.938144e-14
