0 +0 +0 +0 +1.252301e-08
1 +0 +0 +0 +2.415522e-08
2 +0 +0 +0 +1.348795e-08
3 +0 +0 +0 +8.146014e-09
4 +0 +0 +0 +5.025037e-09
5 +0 +0 +0 +3.107888e-09
6 +0 +0 +0 +2.007473e-09
7 +0 +0 +0 +1.356978e-09
8 +0 +0 +0 +8.954234e-10
9 +0 +0 +0 +5.927258e-10
10 +0 +0 +0 +4.076586e-10
11 +0 +0 +0 +2.774993e-10
12 +0 +0 +0 +1.844492e-10
13 +0 +0 +0 +1.245854e-10
14 +0 +0 +0 +7.945758e-11
15 +0 +0 +0 +5.689105e-11
16 +0 +0 +0 +3.855929e-11
17 +0 +0 +0 +2.474490e-11
18 +0 +0 +0 +1.582042e-11
19 +0 +0 +0 +1.118259e-11
20 +0 +0 +0 +7.804063e-12
21 +0 +0 +0 +5.960659e-12
22 +0 +0 +0 +5.359125e-12
23 +0 +0 +0 +5.113079e-12
24 +0 +0 +0 +3.819423e-12
25 +0 +0 +0 +3.620584e-12
26 +0 +0 +0 +3.114248e-12
27 +0 +0 +0 +2.787983e-12
28 +0 +0 +0 +1.404825e-12
29 +0 +0 +0 +8.557263e-13
30 +0 +0 +0 +6.236616e-13
31 +0 +0 +0 +7.113055e-13
32 +0 +0 +0 +3.205971e-13
33 +0 +0 +0 +1.764876e-13
34 +0 +0 +0 +1.985660e-13
35 +0 +0 +0 +3.988037e-13
36 +0 +0 +0 +2.867635e-13
37 +0 +0 +0 +3.616027e-13
38 +0 +0 +0 +5.412989e-13
39 +0 +0 +0 +4.101315e-13
40 +0 +0 +0 +4.332860e-13
41 +0 +0 +0 +5.154030e-13
42 +0 +0 +0 +6.959693e-13
43 +0 +0 +0 +5.092543e-13
44 +0 +0 +0 +3.905221e-13
45 +0 +0 +0 +1.845675e-13
46 +0 +0 +0 +1.407416e-13
47 +0 +0 +0 +1.447546e-13
48 +0 +0 +0 -1.404091e-14
49 +0 +0 +0 +1.912632e-13
50 +0 +0 +0 +1.865295e-13
51 +0 +0 +0 +6.589237e-14
52 +0 +0 +0 +6.795706e-14
53 +0 +0 +0 -3.657673e-14
54 +0 +0 +0 -8.780354e-17
55 +0 +0 +0 -8.199936e-14
56 +0 +0 +0 -1.443448e-13
57 +0 +0 +0 +8.284966e-15
58 +0 +0 +0 +4.610057e-14
59 +0 +0 +0 +1.938263e-15
60 +0 +0 +0 +6.997366e-15
61 +0 +0 +0 -7.217945e-14
62 +0 +0 +0 +1.189328e-14
63 +0 +0 +0 +6.218904e-17
