0 +0 +0 +0 +1.294067e-08
1 +0 +0 +0 +2.397869e-08
2 +0 +0 +0 +1.334981e-08
3 +0 +0 +0 +7.690339e-09
4 +0 +0 +0 +4.657079e-09
5 +0 +0 +0 +2.978089e-09
6 +0 +0 +0 +1.903145e-09
7 +0 +0 +0 +1.251293e-09
8 +0 +0 +0 +8.295395e-10
9 +0 +0 +0 +5.494251e-10
10 +0 +0 +0 +3.746602e-10
11 +0 +0 +0 +2.387273e-10
12 +0 +0 +0 +1.587917e-10
13 +0 +0 +0 +1.082847e-10
14 +0 +0 +0 +7.461242e-11
15 +0 +0 +0 +5.167926e-11
16 +0 +0 +0 +3.508030e-11
17 +0 +0 +0 +2.116389e-11
18 +0 +0 +0 +1.354436e-11
19 +0 +0 +0 +1.154122e-11
20 +0 +0 +0 +9.326928e-12
21 +0 +0 +0 +6.308833e-12
22 +0 +0 +0 +4.524306e-12
23 +0 +0 +0 +2.786889e-12
24 +0 +0 +0 +1.989745e-12
25 +0 +0 +0 +1.654647e-12
26 +0 +0 +0 +1.853275e-12
27 +0 +0 +0 +4.593168e-13
28 +0 +0 +0 -6.844187e-13
29 +0 +0 +0 -1.026091e-12
30 +0 +0 +0 -8.125811e-13
31 +0 +0 +0 -5.909576e-13
32 +0 +0 +0 -1.389205e-13
33 +0 +0 +0 -4.464772e-13
34 +0 +0 +0 -9.356095e-14
35 +0 +0 +0 -1.333602e-13
36 +0 +0 +0 -3.609149e-13
37 +0 +0 +0 -1.413410e-13
38 +0 +0 +0 +7.725907e-14
39 +0 +0 +0 +1.232231e-13
40 +0 +0 +0 +4.138042e-13
41 +0 +0 +0 +5.255226e-13
42 +0 +0 +0 +3.493213e-13
43 +0 +0 +0 +4.558049e-13
44 +0 +0 +0 +7.578538e-13
45 +0 +0 +0 +2.659395e-13
46 +0 +0 +0 +4.130288e-13
47 +0 +0 +0 +3.481613e-13
48 +0 +0 +0 +2.974359e-13
49 +0 +0 +0 +2.970013e-13
50 +0 +0 +0 +2.595634e-13
51 +0 +0 +0 +1.140442e-13
52 +0 +0 +0 +5.281728e-14
53 +0 +0 +0 +3.492102e-14
54 +0 +0 +0 -3.154086e-14
55 +0 +0 +0 -8.280769e-14
56 +0 +0 +0 -7.181708e-14
57 +0 +0 +0 -1.000624e-13
58 +0 +0 +0 -5.692034e-15
59 +0 +0 +0 +1.188418e-13
60 +0 +0 +0 +1.616832e-13
61 +0 +0 +0 +9.986021e-14
62 +0 +0 +0 +5.386052e-14
63 +0 +0 +0 -1.508135e-14
