0 +0 +0 +0 +1.386795e-08
1 +0 +0 +0 +2.501546e-08
2 +0 +0 +0 +1.380298e-08
3 +0 +0 +0 +8.196427e-09
4 +0 +0 +0 +5.089147e-09
5 +0 +0 +0 +3.286086e-09
6 +0 +0 +0 +2.107296e-09
7 +0 +0 +0 +1.380996e-09
8 +0 +0 +0 +8.957460e-10
9 +0 +0 +0 +5.940290e-10
10 +0 +0 +0 +3.963064e-10
11 +0 +0 +0 +2.747722e-10
12 +0 +0 +0 +1.838477e-10
13 +0 +0 +0 +1.235728e-10
14 +0 +0 +0 +8.276825e-11
15 +0 +0 +0 +5.445633e-11
16 +0 +0 +0 +3.619235e-11
17 +0 +0 +0 +2.267989e-11
18 +0 +0 +0 +1.250539e-11
19 +0 +0 +0 +8.567169e-12
20 +0 +0 +0 +4.218101e-12
21 +0 +0 +0 +4.444743e-12
22 +0 +0 +0 +3.096742e-12
23 +0 +0 +0 +1.388979e-12
24 +0 +0 +0 +1.537505e-12
25 +0 +0 +0 +1.908125e-12
26 +0 +0 +0 +1.887757e-12
27 +0 +0 +0 +1.498397e-12
28 +0 +0 +0 +5.402643e-13
29 +0 +0 +0 -1.708849e-13
30 +0 +0 +0 -3.077659e-13
31 +0 +0 +0 +4.822196e-13
32 +0 +0 +0 +3.717692e-13
33 +0 +0 +0 +4.008007e-13
34 +0 +0 +0 +6.356902e-13
35 +0 +0 +0 +1.394849e-13
36 +0 +0 +0 -3.943572e-13
37 +0 +0 +0 -1.627322e-13
38 +0 +0 +0 -4.029637e-13
39 +0 +0 +0 -2.065882e-13
40 +0 +0 +0 -3.069398e-13
41 +0 +0 +0 -1.643965e-13
42 +0 +0 +0 -2.209875e-13
43 +0 +0 +0 -9.512729e-14
44 +0 +0 +0 -1.233402e-13
45 +0 +0 +0 +1.071522e-13
46 +0 +0 +0 -3.922895e-14
47 +0 +0 +0 -8.086552e-15
48 +0 +0 +0 -2.475991e-14
49 +0 +0 +0 -5.454754e-14
50 +0 +0 +0 -1.105502e-13
51 +0 +0 +0 -2.233144e-13
52 +0 +0 +0 -1.046143e-13
53 +0 +0 +0 -1.550480e-13
54 +0 +0 +0 -7.800815e-14
55 +0 +0 +0 -3.968833e-14
56 +0 +0 +0 -4.443376e-14
57 +0 +0 +0 -7.604631e-14
58 +0 +0 +0 -6.661950e-14
59 +0 +0 +0 -3.945111e-14
60 +0 +0 +0 -2.317656e-14
61 +0 +0 +0 -3.045020e-14
62 +0 +0 +0 -2.223616e-14
63 +0 +0 +0 -1.652371e-14
