0 +0 +0 +0 +1.294447e-08
1 +0 +0 +0 +2.376366e-08
2 +0 +0 +0 +1.312751e-08
3 +0 +0 +0 +7.725639e-09
4 +0 +0 +0 +4.732408e-09
5 +0 +0 +0 +3.045243e-09
6 +0 +0 +0 +2.008843e-09
7 +0 +0 +0 +1.320445e-09
8 +0 +0 +0 +8.734262e-10
9 +0 +0 +0 +6.017801e-10
10 +0 +0 +0 +3.948187e-10
11 +0 +0 +0 +2.663932e-10
12 +0 +0 +0 +1.890084e-10
13 +0 +0 +0 +1.192809e-10
14 +0 +0 +0 +8.368763e-11
15 +0 +0 +0 +5.849534e-11
16 +0 +0 +0 +4.298367e-11
17 +0 +0 +0 +2.952325e-11
18 +0 +0 +0 +2.110667e-11
19 +0 +0 +0 +1.433405e-11
20 +0 +0 +0 +8.816987e-12
21 +0 +0 +0 +7.628904e-12
22 +0 +0 +0 +4.750099e-12
23 +0 +0 +0 +3.292351e-12
24 +0 +0 +0 +7.498974e-13
25 +0 +0 +0 -5.839130e-13
26 +0 +0 +0 -8.461848e-13
27 +0 +0 +0 -5.252588e-13
28 +0 +0 +0 -1.010361e-13
29 +0 +0 +0 -7.059697e-13
30 +0 +0 +0 -4.458325e-13
31 +0 +0 +0 -8.085439e-13
32 +0 +0 +0 -7.755850e-13
33 +0 +0 +0 -3.392918e-14
34 +0 +0 +0 +6.143934e-13
35 +0 +0 +0 +1.090318e-12
36 +0 +0 +0 +9.052068e-13
37 +0 +0 +0 +1.032450e-12
38 +0 +0 +0 +5.958053e-13
39 +0 +0 +0 +2.976514e-13
40 +0 +0 +0 -1.773005e-13
41 +0 +0 +0 -2.248303e-13
42 +0 +0 +0 -1.267761e-14
43 +0 +0 +0 -8.993563e-14
44 +0 +0 +0 -1.648910e-13
45 +0 +0 +0 -1.758788e-13
46 +0 +0 +0 -2.136690e-13
47 +0 +0 +0 -1.351007e-13
48 +0 +0 +0 -1.757525e-13
49 +0 +0 +0 -1.803293e-13
50 +0 +0 +0 +7.308272e-15
51 +0 +0 +0 +7.774717e-14
52 +0 +0 +0 +1.236871e-13
53 +0 +0 +0 +1.779499e-13
54 +0 +0 +0 +1.501696e-13
55 +0 +0 +0 +1.902334e-13
56 +0 +0 +0 +1.208824e-13
57 +0 +0 +0 +9.762593e-14
58 +0 +0 +0 +1.493632e-13
59 +0 +0 +0 +1.198224e-13
60 +0 +0 +0 +9.928073e-14
61 +0 +0 +0 +8.508937e-14
62 +0 +0 +0 +1.126971e-13
63 +0 +0 +0 -2.082826e-14
