0 +0 +0 +0 +1.352243e-08
1 +0 +0 +0 +2.394064e-08
2 +0 +0 +0 +1.338490e-08
3 +0 +0 +0 +7.807995e-09
4 +0 +0 +0 +4.775340e-09
5 +0 +0 +0 +3.011963e-09
6 +0 +0 +0 +1.919818e-09
7 +0 +0 +0 +1.287165e-09
8 +0 +0 +0 +8.517915e-10
9 +0 +0 +0 +5.609318e-10
10 +0 +0 +0 +3.782253e-10
11 +0 +0 +0 +2.518845e-10
12 +0 +0 +0 +1.688458e-10
13 +0 +0 +0 +1.130479e-10
14 +0 +0 +0 +7.397166e-11
15 +0 +0 +0 +4.943780e-11
16 +0 +0 +0 +3.231456e-11
17 +0 +0 +0 +2.247400e-11
18 +0 +0 +0 +1.212355e-11
19 +0 +0 +0 +7.607580e-12
20 +0 +0 +0 +5.842541e-12
21 +0 +0 +0 +3.533246e-12
22 +0 +0 +0 +2.101417e-12
23 +0 +0 +0 +1.743678e-13
24 +0 +0 +0 +1.257072e-13
25 +0 +0 +0 +3.536982e-13
26 +0 +0 +0 -8.613020e-13
27 +0 +0 +0 -6.708528e-13
28 +0 +0 +0 -9.819990e-13
29 +0 +0 +0 -1.937577e-13
30 +0 +0 +0 -1.739969e-13
31 +0 +0 +0 +2.388073e-13
32 +0 +0 +0 -9.140893e-14
33 +0 +0 +0 -3.099032e-13
34 +0 +0 +0 -3.393897e-13
35 +0 +0 +0 -2.978577e-13
36 +0 +0 +0 -5.377520e-13
37 +0 +0 +0 -2.120861e-13
38 +0 +0 +0 -1.176212e-13
39 +0 +0 +0 -1.632794e-13
40 +0 +0 +0 -1.455959e-13
41 +0 +0 +0 +5.241478e-15
42 +0 +0 +0 -3.076779e-13
43 +0 +0 +0 -1.144375e-13
44 +0 +0 +0 -1.452555e-13
45 +0 +0 +0 -9.229161e-14
46 +0 +0 +0 -1.299107e-13
47 +0 +0 +0 +1.412013e-13
48 +0 +0 +0 +1.140152e-13
49 +0 +0 +0 +4.946968e-14
50 +0 +0 +0 +9.695936e-14
51 +0 +0 +0 +1.777200e-13
52 +0 +0 +0 +4.558315e-14
53 +0 +0 +0 +3.336810e-14
54 +0 +0 +0 -4.526709e-14
55 +0 +0 +0 -4.330843e-15
56 +0 +0 +0 -3.326017e-14
57 +0 +0 +0 -7.524725e-15
58 +0 +0 +0 +9.701558e-15
59 +0 +0 +0 +1.513145e-13
60 +0 +0 +0 +1.066336e-13
61 +0 +0 +0 +6.861058e-14
62 +0 +0 +0 +1.748768e-14
63 +0 +0 +0 +6.045282e-14
