0 +0 +0 +0 +1.389529e-08
1 +0 +0 +0 +2.439335e-08
2 +0 +0 +0 +1.344616e-08
3 +0 +0 +0 +7.924413e-09
4 +0 +0 +0 +4.952288e-09
5 +0 +0 +0 +3.049157e-09
6 +0 +0 +0 +2.037289e-09
7 +0 +0 +0 +1.331413e-09
8 +0 +0 +0 +8.739908e-10
9 +0 +0 +0 +5.728978e-10
10 +0 +0 +0 +3.700568e-10
11 +0 +0 +0 +2.429022e-10
12 +0 +0 +0 +1.644675e-10
13 +0 +0 +0 +1.074114e-10
14 +0 +0 +0 +7.346434e-11
15 +0 +0 +0 +5.211826e-11
16 +0 +0 +0 +3.697859e-11
17 +0 +0 +0 +2.079365e-11
18 +0 +0 +0 +1.504598e-11
19 +0 +0 +0 +8.847247e-12
20 +0 +0 +0 +7.403457e-12
21 +0 +0 +0 +6.036809e-12
22 +0 +0 +0 +3.703849e-12
23 +0 +0 +0 +2.704242e-12
24 +0 +0 +0 +1.476057e-13
25 +0 +0 +0 -5.142439e-13
26 +0 +0 +0 -9.504666e-13
27 +0 +0 +0 -7.460297e-13
28 +0 +0 +0 -5.019414e-13
29 +0 +0 +0 -2.544790e-13
30 +0 +0 +0 +2.118992e-13
31 +0 +0 +0 -2.379566e-13
32 +0 +0 +0 -2.498798e-13
33 +0 +0 +0 -5.622736e-14
34 +0 +0 +0 -6.762764e-14
35 +0 +0 +0 +4.862785e-13
36 +0 +0 +0 +1.812071e-13
37 +0 +0 +0 +8.667061e-14
38 +0 +0 +0 +2.467424e-13
39 +0 +0 +0 +1.517651e-13
40 +0 +0 +0 +3.330121e-14
41 +0 +0 +0 +1.223868e-13
42 +0 +0 +0 -2.128335e-14
43 +0 +0 +0 -2.270726e-13
44 +0 +0 +0 -1.251697e-13
45 +0 +0 +0 -9.950046e-14
46 +0 +0 +0 +2.351636e-15
47 +0 +0 +0 -4.133657e-15
48 +0 +0 +0 +1.870741e-13
49 +0 +0 +0 +1.445375e-13
50 +0 +0 +0 +4.909676e-14
51 +0 +0 +0 -3.264597e-14
52 +0 +0 +0 -1.458767e-14
53 +0 +0 +0 +6.878675e-14
54 +0 +0 +0 -5.857061e-14
55 +0 +0 +0 -9.725056e-14
56 +0 +0 +0 -7.751862e-14
57 +0 +0 +0 -1.429062e-13
58 +0 +0 +0 -1.409662e-13
59 +0 +0 +0 -1.030113e-13
60 +0 +0 +0 -1.708035e-13
61 +0 +0 +0 -1.210866e-13
62 +0 +0 +0 -9.260169e-14
63 +0 +0 +0 -8.023079e-14
