0 +0 +0 +0 +1.398956e-08
1 +0 +0 +0 +2.525688e-08
2 +0 +0 +0 +1.406491e-08
3 +0 +0 +0 +8.146076e-09
4 +0 +0 +0 +5.234740e-09
5 +0 +0 +0 +3.265941e-09
6 +0 +0 +0 +2.127850e-09
7 +0 +0 +0 +1.368570e-09
8 +0 +0 +0 +9.169187e-10
9 +0 +0 +0 +6.148554e-10
10 +0 +0 +0 +4.121631e-10
11 +0 +0 +0 +2.760183e-10
12 +0 +0 +0 +1.823077e-10
13 +0 +0 +0 +1.182553e-10
14 +0 +0 +0 +7.573825e-11
15 +0 +0 +0 +4.873662e-11
16 +0 +0 +0 +3.658362e-11
17 +0 +0 +0 +2.558142e-11
18 +0 +0 +0 +1.436274e-11
19 +0 +0 +0 +9.251030e-12
20 +0 +0 +0 +6.440462e-12
21 +0 +0 +0 +4.490017e-12
22 +0 +0 +0 +3.487107e-12
23 +0 +0 +0 +2.317036e-12
24 +0 +0 +0 +2.038495e-12
25 +0 +0 +0 +1.290886e-12
26 +0 +0 +0 +7.468474e-13
27 +0 +0 +0 +9.576394e-13
28 +0 +0 +0 +7.273196e-13
29 +0 +0 +0 +4.112174e-13
30 +0 +0 +0 +6.491555e-13
31 +0 +0 +0 +5.449641e-13
32 +0 +0 +0 +5.249018e-13
33 +0 +0 +0 +3.688870e-13
34 +0 +0 +0 +9.019329e-13
35 +0 +0 +0 +8.851236e-13
36 +0 +0 +0 +5.658522e-13
37 +0 +0 +0 +5.613934e-13
38 +0 +0 +0 +5.258979e-13
39 +0 +0 +0 +3.302995e-13
40 +0 +0 +0 +2.051696e-13
41 +0 +0 +0 +2.687136e-14
42 +0 +0 +0 -1.387948e-13
43 +0 +0 +0 +4.069713e-14
44 +0 +0 +0 -3.255094e-14
45 +0 +0 +0 -8.382525e-14
46 +0 +0 +0 -2.514737e-13
47 +0 +0 +0 -3.140533e-13
48 +0 +0 +0 -3.833678e-13
49 +0 +0 +0 -2.811683e-13
50 +0 +0 +0 -6.781776e-15
51 +0 +0 +0 +1.959282e-14
52 +0 +0 +0 -1.124774e-13
53 +0 +0 +0 -1.019179e-13
54 +0 +0 +0 -9.316724e-14
55 +0 +0 +0 +4.015741e-14
56 +0 +0 +0 +4.418563e-14
57 +0 +0 +0 -2.598620e-14
58 +0 +0 +0 +1.157100e-13
59 +0 +0 +0 +1.296773e-13
60 +0 +0 +0 +1.187395e-13
61 +0 +0 +0 +5.146323e-14
62 +0 +0 +0 -4.009978e-15
63 +0 +0 +0 -3.210569e-15
