0 +0 +0 +0 +1.215385e-08
1 +0 +0 +0 +2.395908e-08
2 +0 +0 +0 +1.344992e-08
3 +0 +0 +0 +7.903853e-09
4 +0 +0 +0 +4.972940e-09
5 +0 +0 +0 +3.148043e-09
6 +0 +0 +0 +2.026212e-09
7 +0 +0 +0 +1.346209e-09
8 +0 +0 +0 +8.971460e-10
9 +0 +0 +0 +6.148595e-10
10 +0 +0 +0 +4.363978e-10
11 +0 +0 +0 +2.880835e-10
12 +0 +0 +0 +1.958641e-10
13 +0 +0 +0 +1.308963e-10
14 +0 +0 +0 +9.334959e-11
15 +0 +0 +0 +6.891974e-11
16 +0 +0 +0 +4.917120e-11
17 +0 +0 +0 +3.366660e-11
18 +0 +0 +0 +2.240773e-11
19 +0 +0 +0 +1.499750e-11
20 +0 +0 +0 +9.139048e-12
21 +0 +0 +0 +5.340540e-12
22 +0 +0 +0 +3.757212e-12
23 +0 +0 +0 +3.198193e-12
24 +0 +0 +0 +2.942318e-12
25 +0 +0 +0 +2.947504e-12
26 +0 +0 +0 +1.945593e-12
27 +0 +0 +0 +2.060624e-12
28 +0 +0 +0 +4.343049e-13
29 +0 +0 +0 +4.299183e-13
30 +0 +0 +0 -1.172459e-13
31 +0 +0 +0 -2.443362e-13
32 +0 +0 +0 -1.796808e-13
33 +0 +0 +0 +1.999634e-13
34 +0 +0 +0 -5.334908e-13
35 +0 +0 +0 -5.359979e-13
36 +0 +0 +0 -8.323073e-13
37 +0 +0 +0 -6.401046e-13
38 +0 +0 +0 -7.180496e-13
39 +0 +0 +0 -4.126441e-13
40 +0 +0 +0 -4.347465e-13
41 +0 +0 +0 -2.739669e-13
42 +0 +0 +0 -1.279417e-13
43 +0 +0 +0 -2.354658e-13
44 +0 +0 +0 -3.063466e-13
45 +0 +0 +0 -3.828924e-13
46 +0 +0 +0 -3.833218e-13
47 +0 +0 +0 -2.819716e-14
48 +0 +0 +0 -5.132735e-14
49 +0 +0 +0 -9.382013e-14
50 +0 +0 +0 -2.096947e-14
51 +0 +0 +0 -2.617700e-15
52 +0 +0 +0 +4.939943e-14
53 +0 +0 +0 +1.547456e-13
54 +0 +0 +0 +9.724586e-14
55 +0 +0 +0 -4.766354e-15
56 +0 +0 +0 +4.184346e-15
57 +0 +0 +0 +4.321589e-14
58 +0 +0 +0 +3.213577e-14
59 +0 +0 +0 -4.158091e-14
60 +0 +0 +0 -9.653689e-14
61 +0 +0 +0 -3.509552e-14
62 +0 +0 +0 -4.928844e-14
63 +0 +0 +0 -2.075122e-14
