0 +0 +0 +0 +1.329529e-08
1 +0 +0 +0 +2.475380e-08
2 +0 +0 +0 +1.364880e-08
3 +0 +0 +0 +8.282099e-09
4 +0 +0 +0 +4.974394e-09
5 +0 +0 +0 +3.127221e-09
6 +0 +0 +0 +2.088213e-09
7 +0 +0 +0 +1.374049e-09
8 +0 +0 +0 +9.085371e-10
9 +0 +0 +0 +6.049917e-10
10 +0 +0 +0 +3.986309e-10
11 +0 +0 +0 +2.806741e-10
12 +0 +0 +0 +1.931940e-10
13 +0 +0 +0 +1.353047e-10
14 +0 +0 +0 +9.338190e-11
15 +0 +0 +0 +6.767558e-11
16 +0 +0 +0 +4.262221e-11
17 +0 +0 +0 +3.085273e-11
18 +0 +0 +0 +2.214152e-11
19 +0 +0 +0 +1.326440e-11
20 +0 +0 +0 +1.131776e-11
21 +0 +0 +0 +9.568634e-12
22 +0 +0 +0 +6.945096e-12
23 +0 +0 +0 +3.788415e-12
24 +0 +0 +0 +1.546912e-12
25 +0 +0 +0 +1.594276e-12
26 +0 +0 +0 +1.005014e-12
27 +0 +0 +0 +1.007801e-12
28 +0 +0 +0 +9.871754e-13
29 +0 +0 +0 +1.120089e-13
30 +0 +0 +0 +8.353232e-13
31 +0 +0 +0 +4.859753e-13
32 +0 +0 +0 +3.873982e-13
33 +0 +0 +0 -5.028930e-14
34 +0 +0 +0 +7.939230e-14
35 +0 +0 +0 +1.985213e-14
36 +0 +0 +0 +5.149630e-14
37 +0 +0 +0 +1.467554e-13
38 +0 +0 +0 +1.932567e-13
39 +0 +0 +0 +3.289429e-13
40 +0 +0 +0 +2.246979e-14
41 +0 +0 +0 -1.507667e-15
42 +0 +0 +0 -1.410732e-14
43 +0 +0 +0 -8.491473e-14
44 +0 +0 +0 -1.653180e-13
45 +0 +0 +0 -8.096816e-14
46 +0 +0 +0 -9.693026e-14
47 +0 +0 +0 +1.395892e-13
48 +0 +0 +0 +6.518424e-14
49 +0 +0 +0 +1.823243e-13
50 +0 +0 +0 +3.274301e-13
51 +0 +0 +0 +2.310009e-13
52 +0 +0 +0 +2.204219e-13
53 +0 +0 +0 +8.955672e-14
54 +0 +0 +0 +4.557666e-14
55 +0 +0 +0 -9.929469e-14
56 +0 +0 +0 -1.469699e-13
57 +0 +0 +0 -1.469038e-13
58 +0 +0 +0 -4.246542e-14
59 +0 +0 +0 -5.680832e-14
60 +0 +0 +0 +1.919390e-15
61 +0 +0 +0 -1.314429e-13
62 +0 +0 +0 -2.079430e-13
63 +0 +0 +0 -2.068820e-13
