0 +0 +0 +0 +1.281575e-08
1 +0 +0 +0 +2.291289e-08
2 +0 +0 +0 +1.258282e-08
3 +0 +0 +0 +7.373092e-09
4 +0 +0 +0 +4.559422e-09
5 +0 +0 +0 +2.853617e-09
6 +0 +0 +0 +1.850416e-09
7 +0 +0 +0 +1.218420e-09
8 +0 +0 +0 +8.120395e-10
9 +0 +0 +0 +5.240311e-10
10 +0 +0 +0 +3.520559e-10
11 +0 +0 +0 +2.384335e-10
12 +0 +0 +0 +1.580304e-10
13 +0 +0 +0 +1.005656e-10
14 +0 +0 +0 +7.148959e-11
15 +0 +0 +0 +4.844804e-11
16 +0 +0 +0 +3.507249e-11
17 +0 +0 +0 +2.383895e-11
18 +0 +0 +0 +1.960441e-11
19 +0 +0 +0 +1.524511e-11
20 +0 +0 +0 +9.430294e-12
21 +0 +0 +0 +7.555805e-12
22 +0 +0 +0 +4.439902e-12
23 +0 +0 +0 +1.936600e-12
24 +0 +0 +0 +4.990431e-13
25 +0 +0 +0 -6.329383e-13
26 +0 +0 +0 -1.030114e-12
27 +0 +0 +0 -1.370322e-12
28 +0 +0 +0 -1.274793e-12
29 +0 +0 +0 -4.058048e-13
30 +0 +0 +0 -3.599392e-13
31 +0 +0 +0 -3.715862e-13
32 +0 +0 +0 +6.234978e-13
33 +0 +0 +0 +4.678069e-13
34 +0 +0 +0 +7.341207e-13
35 +0 +0 +0 +6.536286e-13
36 +0 +0 +0 +4.560772e-13
37 +0 +0 +0 +6.125676e-13
38 +0 +0 +0 +4.289386e-13
39 +0 +0 +0 +1.621968e-13
40 +0 +0 +0 +1.351930e-13
41 +0 +0 +0 +3.352633e-14
42 +0 +0 +0 -1.164808e-13
43 +0 +0 +0 -2.594349e-13
44 +0 +0 +0 -2.315668e-13
45 +0 +0 +0 -1.716618e-13
46 +0 +0 +0 -1.134141e-13
47 +0 +0 +0 +2.074675e-14
48 +0 +0 +0 +7.867667e-14
49 +0 +0 +0 +6.471302e-14
50 +0 +0 +0 +1.088066e-13
51 +0 +0 +0 +1.010190e-13
52 +0 +0 +0 +1.500398e-13
53 +0 +0 +0 +8.931126e-14
54 +0 +0 +0 +6.603628e-14
55 +0 +0 +0 +1.755799e-14
56 +0 +0 +0 -1.141810e-14
57 +0 +0 +0 -7.201887e-15
58 +0 +0 +0 -3.668320e-14
59 +0 +0 +0 -7.794521e-14
60 +0 +0 +0 -2.996815e-14
61 +0 +0 +0 -7.872703e-14
62 +0 +0 +0 -6.532355e-14
63 +0 +0 +0 -2.681395e-14
