0 +0 +0 +0 +1.333659e-08
1 +0 +0 +0 +2.443984e-08
2 +0 +0 +0 +1.371454e-08
3 +0 +0 +0 +8.099791e-09
4 +0 +0 +0 +4.887017e-09
5 +0 +0 +0 +3.136541e-09
6 +0 +0 +0 +2.035822e-09
7 +0 +0 +0 +1.309621e-09
8 +0 +0 +0 +8.343929e-10
9 +0 +0 +0 +5.626684e-10
10 +0 +0 +0 +3.748494e-10
11 +0 +0 +0 +2.494133e-10
12 +0 +0 +0 +1.697379e-10
13 +0 +0 +0 +1.181226e-10
14 +0 +0 +0 +7.924887e-11
15 +0 +0 +0 +5.098756e-11
16 +0 +0 +0 +3.333084e-11
17 +0 +0 +0 +2.360885e-11
18 +0 +0 +0 +1.743477e-11
19 +0 +0 +0 +1.313873e-11
20 +0 +0 +0 +8.180838e-12
21 +0 +0 +0 +6.813857e-12
22 +0 +0 +0 +6.564754e-12
23 +0 +0 +0 +3.519841e-12
24 +0 +0 +0 +3.008928e-12
25 +0 +0 +0 +2.300594e-12
26 +0 +0 +0 +1.095354e-12
27 +0 +0 +0 +8.690096e-13
28 +0 +0 +0 -1.369390e-13
29 +0 +0 +0 -3.039140e-13
30 +0 +0 +0 -8.382517e-13
31 +0 +0 +0 -1.163524e-12
32 +0 +0 +0 -8.766484e-13
33 +0 +0 +0 -1.070854e-12
34 +0 +0 +0 -7.897615e-13
35 +0 +0 +0 -4.873248e-13
36 +0 +0 +0 -5.985798e-13
37 +0 +0 +0 -9.422009e-13
38 +0 +0 +0 -6.122805e-13
39 +0 +0 +0 -6.385957e-13
40 +0 +0 +0 -4.415059e-13
41 +0 +0 +0 -7.001458e-13
42 +0 +0 +0 -3.295818e-13
43 +0 +0 +0 -3.629432e-13
44 +0 +0 +0 -3.557129e-13
45 +0 +0 +0 -9.134655e-14
46 +0 +0 +0 -6.219107e-14
47 +0 +0 +0 +8.804384e-14
48 +0 +0 +0 +2.987073e-14
49 +0 +0 +0 +1.002056e-13
50 +0 +0 +0 +1.368276e-13
51 +0 +0 +0 +1.144584e-13
52 +0 +0 +0 +1.088190e-13
53 +0 +0 +0 +1.463660e-13
54 +0 +0 +0 +7.762208e-14
55 +0 +0 +0 +8.039509e-14
56 +0 +0 +0 -4.877330e-14
57 +0 +0 +0 -6.247398e-14
58 +0 +0 +0 -7.510684e-14
59 +0 +0 +0 -3.525440e-15
60 +0 +0 +0 -3.160612e-14
61 +0 +0 +0 +9.462168e-14
62 +0 +0 +0 +8.528168e-14
63 +0 +0 +0 +1.071512e-13
