0 +0 +0 +0 +1.203743e-08
1 +0 +0 +0 +2.384176e-08
2 +0 +0 +0 +1.334936e-08
3 +0 +0 +0 +7.891314e-09
4 +0 +0 +0 +4.919291e-09
5 +0 +0 +0 +3.096200e-09
6 +0 +0 +0 +2.011866e-09
7 +0 +0 +0 +1.320502e-09
8 +0 +0 +0 +8.754954e-10
9 +0 +0 +0 +5.893609e-10
10 +0 +0 +0 +3.863021e-10
11 +0 +0 +0 +2.616105e-10
12 +0 +0 +0 +1.803037e-10
13 +0 +0 +0 +1.264261e-10
14 +0 +0 +0 +8.645373e-11
15 +0 +0 +0 +5.857987e-11
16 +0 +0 +0 +3.854571e-11
17 +0 +0 +0 +2.676224e-11
18 +0 +0 +0 +1.883498e-11
19 +0 +0 +0 +1.076933e-11
20 +0 +0 +0 +8.787559e-12
21 +0 +0 +0 +5.810050e-12
22 +0 +0 +0 +4.934535e-12
23 +0 +0 +0 +3.063225e-12
24 +0 +0 +0 +1.275357e-12
25 +0 +0 +0 +9.022427e-13
26 +0 +0 +0 +1.895424e-12
27 +0 +0 +0 +2.122324e-12
28 +0 +0 +0 +1.302555e-12
29 +0 +0 +0 +9.911543e-13
30 +0 +0 +0 +1.309398e-12
31 +0 +0 +0 +1.267396e-12
32 +0 +0 +0 +6.952750e-13
33 +0 +0 +0 +6.024135e-13
34 +0 +0 +0 +2.160480e-13
35 +0 +0 +0 +3.973027e-14
36 +0 +0 +0 -4.552336e-13
37 +0 +0 +0 -4.838310e-13
38 +0 +0 +0 -3.151834e-13
39 +0 +0 +0 -2.823720e-13
40 +0 +0 +0 -3.950629e-13
41 +0 +0 +0 -5.042581e-13
42 +0 +0 +0 -5.696975e-13
43 +0 +0 +0 -1.278833e-13
44 +0 +0 +0 -1.723610e-13
45 +0 +0 +0 -2.609966e-13
46 +0 +0 +0 -2.821356e-13
47 +0 +0 +0 -2.512409e-13
48 +0 +0 +0 -2.868259e-13
49 +0 +0 +0 -2.421456e-13
50 +0 +0 +0 -1.481638e-13
51 +0 +0 +0 -6.578870e-14
52 +0 +0 +0 +6.701394e-14
53 +0 +0 +0 +5.271590e-14
54 +0 +0 +0 +2.615488e-14
55 +0 +0 +0 +5.614188e-14
56 +0 +0 +0 +1.988803e-14
57 +0 +0 +0 -7.035896e-15
58 +0 +0 +0 +8.612158e-14
59 +0 +0 +0 +7.707212e-14
60 +0 +0 +0 +1.451293e-13
61 +0 +0 +0 +5.731612e-14
62 +0 +0 +0 +6.839454e-14
63 +0 +0 +0 +4.773257e-14
