0 +0 +0 +0 +1.339146e-08
1 +0 +0 +0 +2.444789e-08
2 +0 +0 +0 +1.365867e-08
3 +0 +0 +0 +7.943927e-09
4 +0 +0 +0 +5.016170e-09
5 +0 +0 +0 +3.137615e-09
6 +0 +0 +0 +2.069029e-09
7 +0 +0 +0 +1.373453e-09
8 +0 +0 +0 +9.104566e-10
9 +0 +0 +0 +6.033901e-10
10 +0 +0 +0 +3.910909e-10
11 +0 +0 +0 +2.588700e-10
12 +0 +0 +0 +1.824459e-10
13 +0 +0 +0 +1.245855e-10
14 +0 +0 +0 +8.368222e-11
15 +0 +0 +0 +5.516420e-11
16 +0 +0 +0 +3.614201e-11
17 +0 +0 +0 +2.576513e-11
18 +0 +0 +0 +1.484766e-11
19 +0 +0 +0 +9.837978e-12
20 +0 +0 +0 +7.312420e-12
21 +0 +0 +0 +3.961933e-12
22 +0 +0 +0 +2.152125e-12
23 +0 +0 +0 +2.346985e-12
24 +0 +0 +0 +2.524673e-12
25 +0 +0 +0 +1.996812e-12
26 +0 +0 +0 +1.518280e-12
27 +0 +0 +0 +1.047570e-12
28 +0 +0 +0 +1.318777e-12
29 +0 +0 +0 +8.839034e-13
30 +0 +0 +0 +5.932752e-13
31 +0 +0 +0 +1.244544e-12
32 +0 +0 +0 +9.687915e-13
33 +0 +0 +0 +9.517953e-13
34 +0 +0 +0 +6.825612e-13
35 +0 +0 +0 +2.155540e-13
36 +0 +0 +0 -1.200581e-13
37 +0 +0 +0 +7.884486e-14
38 +0 +0 +0 +1.816202e-13
39 +0 +0 +0 +6.847491e-13
40 +0 +0 +0 +1.928155e-13
41 +0 +0 +0 +1.865177e-13
42 +0 +0 +0 +9.707147e-14
43 +0 +0 +0 -1.835605e-13
44 +0 +0 +0 +3.034294e-14
45 +0 +0 +0 +1.177290e-13
46 +0 +0 +0 +2.443094e-14
47 +0 +0 +0 -8.844940e-15
48 +0 +0 +0 -6.719165e-14
49 +0 +0 +0 -3.086053e-14
50 +0 +0 +0 -4.610897e-14
51 +0 +0 +0 -3.806336e-15
52 +0 +0 +0 +1.252286e-13
53 +0 +0 +0 +1.628703e-13
54 +0 +0 +0 +1.320681e-13
55 +0 +0 +0 +1.259859e-13
56 +0 +0 +0 -3.155962e-14
57 +0 +0 +0 +2.279785e-15
58 +0 +0 +0 -6.843185e-14
59 +0 +0 +0 -1.469762e-13
60 +0 +0 +0 -1.451332e-13
61 +0 +0 +0 -7.519796e-14
62 +0 +0 +0 -8.823221e-15
63 +0 +0 +0 +9.935732e-14
