0 +0 +0 +0 +1.411070e-08
1 +0 +0 +0 +2.529689e-08
2 +0 +0 +0 +1.414420e-08
3 +0 +0 +0 +8.399044e-09
4 +0 +0 +0 +5.195412e-09
5 +0 +0 +0 +3.362631e-09
6 +0 +0 +0 +2.161861e-09
7 +0 +0 +0 +1.406059e-09
8 +0 +0 +0 +9.181743e-10
9 +0 +0 +0 +6.165206e-10
10 +0 +0 +0 +3.949479e-10
11 +0 +0 +0 +2.539455e-10
12 +0 +0 +0 +1.668857e-10
13 +0 +0 +0 +1.170017e-10
14 +0 +0 +0 +7.893879e-11
15 +0 +0 +0 +5.446888e-11
16 +0 +0 +0 +3.898012e-11
17 +0 +0 +0 +2.829903e-11
18 +0 +0 +0 +1.722577e-11
19 +0 +0 +0 +1.085314e-11
20 +0 +0 +0 +8.104020e-12
21 +0 +0 +0 +5.760037e-12
22 +0 +0 +0 +3.809009e-12
23 +0 +0 +0 +3.715304e-12
24 +0 +0 +0 +3.177297e-12
25 +0 +0 +0 +3.313428e-12
26 +0 +0 +0 +3.029075e-12
27 +0 +0 +0 +2.118497e-12
28 +0 +0 +0 +1.932744e-12
29 +0 +0 +0 +1.965763e-12
30 +0 +0 +0 +6.556197e-13
31 +0 +0 +0 +1.554014e-13
32 +0 +0 +0 +5.006881e-13
33 +0 +0 +0 +2.889889e-13
34 +0 +0 +0 +2.492367e-13
35 +0 +0 +0 -9.861800e-14
36 +0 +0 +0 +1.089511e-13
37 +0 +0 +0 -2.186442e-14
38 +0 +0 +0 -1.888418e-13
39 +0 +0 +0 -3.339418e-13
40 +0 +0 +0 -6.086016e-13
41 +0 +0 +0 -1.722647e-13
42 +0 +0 +0 -1.310854e-13
43 +0 +0 +0 -5.922941e-14
44 +0 +0 +0 -3.350054e-13
45 +0 +0 +0 -2.069856e-13
46 +0 +0 +0 -1.436262e-13
47 +0 +0 +0 -7.604429e-14
48 +0 +0 +0 -3.673491e-14
49 +0 +0 +0 +4.489816e-14
50 +0 +0 +0 -8.171880e-15
51 +0 +0 +0 -1.161868e-14
52 +0 +0 +0 +1.726005e-15
53 +0 +0 +0 +5.972933e-14
54 +0 +0 +0 +2.165249e-13
55 +0 +0 +0 +7.189052e-14
56 +0 +0 +0 +3.316760e-14
57 +0 +0 +0 -5.169340e-14
58 +0 +0 +0 -3.812413e-14
59 +0 +0 +0 +2.678110e-14
60 +0 +0 +0 -7.158665e-14
61 +0 +0 +0 -1.299941e-14
62 +0 +0 +0 -5.394660e-15
63 +0 +0 +0 +1.020368e-13
