0 +0 +0 +0 +1.315331e-08
1 +0 +0 +0 +2.466370e-08
2 +0 +0 +0 +1.381813e-08
3 +0 +0 +0 +8.091349e-09
4 +0 +0 +0 +5.075061e-09
5 +0 +0 +0 +3.237122e-09
6 +0 +0 +0 +2.105863e-09
7 +0 +0 +0 +1.367750e-09
8 +0 +0 +0 +8.926894e-10
9 +0 +0 +0 +5.861186e-10
10 +0 +0 +0 +3.875419e-10
11 +0 +0 +0 +2.575289e-10
12 +0 +0 +0 +1.824716e-10
13 +0 +0 +0 +1.207744e-10
14 +0 +0 +0 +8.674340e-11
15 +0 +0 +0 +5.610320e-11
16 +0 +0 +0 +3.810766e-11
17 +0 +0 +0 +2.598758e-11
18 +0 +0 +0 +1.787613e-11
19 +0 +0 +0 +1.376126e-11
20 +0 +0 +0 +1.046531e-11
21 +0 +0 +0 +6.878028e-12
22 +0 +0 +0 +3.935012e-12
23 +0 +0 +0 +2.256007e-12
24 +0 +0 +0 +6.124394e-13
25 +0 +0 +0 -4.177997e-13
26 +0 +0 +0 -1.731915e-12
27 +0 +0 +0 -1.818857e-12
28 +0 +0 +0 -1.920326e-12
29 +0 +0 +0 -1.938097e-12
30 +0 +0 +0 -1.934458e-12
31 +0 +0 +0 -1.195516e-12
32 +0 +0 +0 -1.555041e-12
33 +0 +0 +0 -8.573525e-13
34 +0 +0 +0 -1.008427e-12
35 +0 +0 +0 -6.505958e-13
36 +0 +0 +0 -8.826092e-13
37 +0 +0 +0 -7.136535e-13
38 +0 +0 +0 -3.803698e-13
39 +0 +0 +0 -2.666755e-13
40 +0 +0 +0 +2.403851e-14
41 +0 +0 +0 +4.772869e-14
42 +0 +0 +0 -1.994316e-13
43 +0 +0 +0 -2.181576e-13
44 +0 +0 +0 -1.049525e-13
45 +0 +0 +0 -1.679889e-13
46 +0 +0 +0 +8.650291e-14
47 +0 +0 +0 +8.235825e-14
48 +0 +0 +0 +7.770282e-14
49 +0 +0 +0 +4.303196e-14
50 +0 +0 +0 -9.065162e-14
51 +0 +0 +0 -1.279481e-13
52 +0 +0 +0 -1.290663e-13
53 +0 +0 +0 -1.113252e-13
54 +0 +0 +0 +9.753108e-14
55 +0 +0 +0 +1.488181e-13
56 +0 +0 +0 +2.306052e-13
57 +0 +0 +0 +2.242955e-13
58 +0 +0 +0 +1.199929e-13
59 +0 +0 +0 +4.339173e-14
60 +0 +0 +0 +7.854466e-14
61 +0 +0 +0 +1.585759e-13
62 +0 +0 +0 +1.550006e-13
63 +0 +0 +0 +9.326753e-14
