0 +0 +0 +0 +1.368492e-08
1 +0 +0 +0 +2.492972e-08
2 +0 +0 +0 +1.393722e-08
3 +0 +0 +0 +8.324602e-09
4 +0 +0 +0 +5.031600e-09
5 +0 +0 +0 +3.243024e-09
6 +0 +0 +0 +2.074750e-09
7 +0 +0 +0 +1.370133e-09
8 +0 +0 +0 +9.157590e-10
9 +0 +0 +0 +6.087858e-10
10 +0 +0 +0 +4.122891e-10
11 +0 +0 +0 +2.744572e-10
12 +0 +0 +0 +1.844308e-10
13 +0 +0 +0 +1.271791e-10
14 +0 +0 +0 +8.268749e-11
15 +0 +0 +0 +5.804028e-11
16 +0 +0 +0 +3.703344e-11
17 +0 +0 +0 +2.365710e-11
18 +0 +0 +0 +1.514075e-11
19 +0 +0 +0 +7.814178e-12
20 +0 +0 +0 +6.486412e-12
21 +0 +0 +0 +4.819145e-12
22 +0 +0 +0 +4.625827e-12
23 +0 +0 +0 +4.469559e-12
24 +0 +0 +0 +3.219583e-12
25 +0 +0 +0 +3.214197e-12
26 +0 +0 +0 +2.288160e-12
27 +0 +0 +0 +1.257596e-12
28 +0 +0 +0 +5.264130e-13
29 +0 +0 +0 +3.433067e-13
30 +0 +0 +0 -4.253846e-13
31 +0 +0 +0 -2.998266e-13
32 +0 +0 +0 -2.702921e-13
33 +0 +0 +0 -3.944235e-13
34 +0 +0 +0 -2.304381e-13
35 +0 +0 +0 +6.548481e-14
36 +0 +0 +0 +1.015039e-13
37 +0 +0 +0 +3.762307e-13
38 +0 +0 +0 +5.240943e-13
39 +0 +0 +0 +4.461112e-13
40 +0 +0 +0 +3.671445e-13
41 +0 +0 +0 +3.495804e-13
42 +0 +0 +0 -5.562528e-14
43 +0 +0 +0 +5.489533e-14
44 +0 +0 +0 +2.794188e-13
45 +0 +0 +0 -3.567992e-14
46 +0 +0 +0 -2.285950e-14
47 +0 +0 +0 -2.714901e-13
48 +0 +0 +0 -2.691015e-13
49 +0 +0 +0 -2.036024e-13
50 +0 +0 +0 -2.296565e-13
51 +0 +0 +0 -1.320643e-13
52 +0 +0 +0 -5.026207e-14
53 +0 +0 +0 -2.222687e-14
54 +0 +0 +0 +1.834555e-13
55 +0 +0 +0 +2.195763e-13
56 +0 +0 +0 +2.071553e-13
57 +0 +0 +0 +9.228197e-14
58 +0 +0 +0 +6.265074e-14
59 +0 +0 +0 +9.189511e-14
60 +0 +0 +0 +1.481949e-13
61 +0 +0 +0 +2.106386e-13
62 +0 +0 +0 +2.009223e-13
63 +0 +0 +0 +1.695178e-13
