0 +0 +0 +0 +1.228667e-08
1 +0 +0 +0 +2.435349e-08
2 +0 +0 +0 +1.373688e-08
3 +0 +0 +0 +8.063183e-09
4 +0 +0 +0 +4.993655e-09
5 +0 +0 +0 +3.178456e-09
6 +0 +0 +0 +2.026696e-09
7 +0 +0 +0 +1.325341e-09
8 +0 +0 +0 +8.851451e-10
9 +0 +0 +0 +5.970588e-10
10 +0 +0 +0 +4.011267e-10
11 +0 +0 +0 +2.708212e-10
12 +0 +0 +0 +1.840578e-10
13 +0 +0 +0 +1.252605e-10
14 +0 +0 +0 +8.702265e-11
15 +0 +0 +0 +5.803905e-11
16 +0 +0 +0 +4.040974e-11
17 +0 +0 +0 +2.623328e-11
18 +0 +0 +0 +1.845408e-11
19 +0 +0 +0 +1.265133e-11
20 +0 +0 +0 +8.761274e-12
21 +0 +0 +0 +6.541122e-12
22 +0 +0 +0 +5.910038e-12
23 +0 +0 +0 +4.863179e-12
24 +0 +0 +0 +3.566168e-12
25 +0 +0 +0 +3.419153e-12
26 +0 +0 +0 +2.198728e-12
27 +0 +0 +0 +1.696013e-12
28 +0 +0 +0 +1.475099e-12
29 +0 +0 +0 +1.402051e-12
30 +0 +0 +0 +1.162969e-12
31 +0 +0 +0 +7.274397e-13
32 +0 +0 +0 +7.786271e-13
33 +0 +0 +0 +5.134360e-13
34 +0 +0 +0 +4.247438e-13
35 +0 +0 +0 +5.134773e-13
36 +0 +0 +0 +3.382704e-13
37 +0 +0 +0 +7.171515e-14
38 +0 +0 +0 +3.034012e-13
39 +0 +0 +0 -5.407084e-14
40 +0 +0 +0 -1.196240e-13
41 +0 +0 +0 -1.754285e-13
42 +0 +0 +0 -2.595200e-13
43 +0 +0 +0 -8.360779e-14
44 +0 +0 +0 -1.838349e-13
45 +0 +0 +0 -4.281346e-13
46 +0 +0 +0 -3.106536e-13
47 +0 +0 +0 -3.710966e-13
48 +0 +0 +0 -3.125389e-13
49 +0 +0 +0 -2.634849e-13
50 +0 +0 +0 -2.936365e-13
51 +0 +0 +0 -1.244286e-13
52 +0 +0 +0 -1.556624e-13
53 +0 +0 +0 -2.039191e-13
54 +0 +0 +0 -1.756507e-13
55 +0 +0 +0 -1.441724e-13
56 +0 +0 +0 -1.630457e-13
57 +0 +0 +0 -7.427002e-14
58 +0 +0 +0 -1.512304e-14
59 +0 +0 +0 +1.571375e-14
60 +0 +0 +0 +4.131752e-14
61 +0 +0 +0 -2.568694e-14
62 +0 +0 +0 -1.000553e-14
63 +0 +0 +0 +5.555713e-15
