0 +0 +0 +0 +1.345734e-08
1 +0 +0 +0 +2.465039e-08
2 +0 +0 +0 +1.374387e-08
3 +0 +0 +0 +8.119082e-09
4 +0 +0 +0 +5.001104e-09
5 +0 +0 +0 +3.329527e-09
6 +0 +0 +0 +2.112930e-09
7 +0 +0 +0 +1.406507e-09
8 +0 +0 +0 +9.553534e-10
9 +0 +0 +0 +6.329533e-10
10 +0 +0 +0 +4.199005e-10
11 +0 +0 +0 +2.828060e-10
12 +0 +0 +0 +1.899452e-10
13 +0 +0 +0 +1.282507e-10
14 +0 +0 +0 +7.799138e-11
15 +0 +0 +0 +5.721191e-11
16 +0 +0 +0 +3.615337e-11
17 +0 +0 +0 +2.828807e-11
18 +0 +0 +0 +1.788196e-11
19 +0 +0 +0 +1.086855e-11
20 +0 +0 +0 +8.725347e-12
21 +0 +0 +0 +4.793363e-12
22 +0 +0 +0 +2.093155e-12
23 +0 +0 +0 +1.436849e-12
24 +0 +0 +0 +9.495569e-13
25 +0 +0 +0 +1.104290e-13
26 +0 +0 +0 -1.315663e-12
27 +0 +0 +0 -1.263695e-12
28 +0 +0 +0 -7.909066e-13
29 +0 +0 +0 -7.750512e-13
30 +0 +0 +0 +2.269422e-13
31 +0 +0 +0 +1.872595e-13
32 +0 +0 +0 -6.047239e-14
33 +0 +0 +0 +4.314934e-13
34 +0 +0 +0 +1.668964e-13
35 +0 +0 +0 +1.734538e-13
36 +0 +0 +0 -2.588209e-13
37 +0 +0 +0 -4.074859e-13
38 +0 +0 +0 -4.363453e-13
39 +0 +0 +0 -4.892377e-13
40 +0 +0 +0 -5.082664e-13
41 +0 +0 +0 -3.353748e-13
42 +0 +0 +0 -1.319674e-13
43 +0 +0 +0 -8.653284e-15
44 +0 +0 +0 +2.778753e-13
45 +0 +0 +0 +2.674058e-13
46 +0 +0 +0 +3.656667e-13
47 +0 +0 +0 +4.958392e-13
48 +0 +0 +0 +2.967366e-13
49 +0 +0 +0 +2.016378e-13
50 +0 +0 +0 +8.852379e-14
51 +0 +0 +0 +3.362239e-14
52 +0 +0 +0 -2.873631e-14
53 +0 +0 +0 -4.499202e-14
54 +0 +0 +0 -2.665502e-14
55 +0 +0 +0 -4.078734e-14
56 +0 +0 +0 -1.607235e-13
57 +0 +0 +0 -3.363530e-13
58 +0 +0 +0 -2.594483e-13
59 +0 +0 +0 -2.386547e-13
60 +0 +0 +0 -2.296168e-13
61 +0 +0 +0 -1.100992e-13
62 +0 +0 +0 -1.089088e-13
63 +0 +0 +0 +3.862696e-15
