0 +0 +0 +0 +1.206961e-08
1 +0 +0 +0 +2.400182e-08
2 +0 +0 +0 +1.329620e-08
3 +0 +0 +0 +7.805450e-09
4 +0 +0 +0 +4.923791e-09
5 +0 +0 +0 +3.151135e-09
6 +0 +0 +0 +2.064189e-09
7 +0 +0 +0 +1.375667e-09
8 +0 +0 +0 +8.842605e-10
9 +0 +0 +0 +5.855452e-10
10 +0 +0 +0 +3.907062e-10
11 +0 +0 +0 +2.701472e-10
12 +0 +0 +0 +1.820546e-10
13 +0 +0 +0 +1.192214e-10
14 +0 +0 +0 +7.672482e-11
15 +0 +0 +0 +5.100468e-11
16 +0 +0 +0 +3.680637e-11
17 +0 +0 +0 +2.588097e-11
18 +0 +0 +0 +1.694982e-11
19 +0 +0 +0 +1.054707e-11
20 +0 +0 +0 +6.743954e-12
21 +0 +0 +0 +4.070541e-12
22 +0 +0 +0 +1.351365e-12
23 +0 +0 +0 +5.907101e-13
24 +0 +0 +0 +1.201197e-12
25 +0 +0 +0 +1.290893e-12
26 +0 +0 +0 +1.214153e-12
27 +0 +0 +0 +3.367688e-13
28 +0 +0 +0 +1.016435e-12
29 +0 +0 +0 +2.268328e-13
30 +0 +0 +0 +4.570760e-13
31 +0 +0 +0 +7.271922e-13
32 +0 +0 +0 -1.799759e-14
33 +0 +0 +0 +3.279870e-14
34 +0 +0 +0 -4.967762e-14
35 +0 +0 +0 -3.586801e-13
36 +0 +0 +0 +2.449544e-13
37 +0 +0 +0 +4.610907e-13
38 +0 +0 +0 -3.575736e-14
39 +0 +0 +0 -1.041786e-13
40 +0 +0 +0 +2.943287e-13
41 +0 +0 +0 +3.386163e-13
42 +0 +0 +0 +6.780795e-14
43 +0 +0 +0 +1.984585e-13
44 +0 +0 +0 +2.946879e-13
45 +0 +0 +0 +2.488481e-13
46 +0 +0 +0 +8.127273e-14
47 +0 +0 +0 +1.306873e-13
48 +0 +0 +0 +2.740238e-14
49 +0 +0 +0 +1.156875e-13
50 +0 +0 +0 +2.677492e-14
51 +0 +0 +0 +5.204221e-14
52 +0 +0 +0 +3.697054e-14
53 +0 +0 +0 -5.997906e-14
54 +0 +0 +0 -1.585884e-14
55 +0 +0 +0 -2.916561e-14
56 +0 +0 +0 +4.188962e-14
57 +0 +0 +0 +6.282226e-14
58 +0 +0 +0 +1.042419e-13
59 +0 +0 +0 +9.496315e-14
60 +0 +0 +0 +1.859501e-13
61 +0 +0 +0 +1.375962e-13
62 +0 +0 +0 +4.189480e-14
63 +0 +0 +0 +6.864174e-14
