0 +0 +0 +0 +1.386057e-08
1 +0 +0 +0 +2.448363e-08
2 +0 +0 +0 +1.395367e-08
3 +0 +0 +0 +8.119155e-09
4 +0 +0 +0 +5.096327e-09
5 +0 +0 +0 +3.214441e-09
6 +0 +0 +0 +2.087222e-09
7 +0 +0 +0 +1.383213e-09
8 +0 +0 +0 +9.168070e-10
9 +0 +0 +0 +6.097087e-10
10 +0 +0 +0 +4.105272e-10
11 +0 +0 +0 +2.716317e-10
12 +0 +0 +0 +1.698640e-10
13 +0 +0 +0 +1.172612e-10
14 +0 +0 +0 +7.974163e-11
15 +0 +0 +0 +5.415974e-11
16 +0 +0 +0 +3.559633e-11
17 +0 +0 +0 +2.285746e-11
18 +0 +0 +0 +1.470451e-11
19 +0 +0 +0 +8.743525e-12
20 +0 +0 +0 +5.337571e-12
21 +0 +0 +0 +4.342932e-12
22 +0 +0 +0 +3.243355e-12
23 +0 +0 +0 +2.504284e-12
24 +0 +0 +0 +1.671724e-12
25 +0 +0 +0 +2.496074e-12
26 +0 +0 +0 +2.290241e-12
27 +0 +0 +0 +1.628304e-12
28 +0 +0 +0 +1.475872e-12
29 +0 +0 +0 +7.536115e-13
30 +0 +0 +0 +1.271263e-12
31 +0 +0 +0 +7.833499e-13
32 +0 +0 +0 +8.307431e-13
33 +0 +0 +0 +6.141046e-13
34 +0 +0 +0 +4.690068e-13
35 +0 +0 +0 +6.340312e-13
36 +0 +0 +0 +7.459308e-13
37 +0 +0 +0 +7.237474e-13
38 +0 +0 +0 +6.732306e-13
39 +0 +0 +0 +3.745923e-13
40 +0 +0 +0 +2.536788e-13
41 +0 +0 +0 +1.701345e-13
42 +0 +0 +0 +2.239273e-13
43 +0 +0 +0 +2.306896e-14
44 +0 +0 +0 +9.923468e-14
45 +0 +0 +0 +2.328924e-13
46 +0 +0 +0 +7.871966e-14
47 +0 +0 +0 +8.060126e-14
48 +0 +0 +0 +1.356604e-13
49 +0 +0 +0 -1.456856e-13
50 +0 +0 +0 +1.317774e-14
51 +0 +0 +0 -8.931645e-14
52 +0 +0 +0 +5.111117e-15
53 +0 +0 +0 +3.233464e-14
54 +0 +0 +0 +5.007423e-14
55 +0 +0 +0 +8.893441e-14
56 +0 +0 +0 +1.961838e-14
57 +0 +0 +0 +6.452363e-14
58 +0 +0 +0 +1.779037e-14
59 +0 +0 +0 +2.700553e-14
60 +0 +0 +0 +1.453605e-13
61 +0 +0 +0 +1.109763e-13
62 +0 +0 +0 +1.397731e-13
63 +0 +0 +0 +1.204436e-13
