0 +0 +0 +0 +1.352247e-08
1 +0 +0 +0 +2.405749e-08
2 +0 +0 +0 +1.339768e-08
3 +0 +0 +0 +7.981854e-09
4 +0 +0 +0 +4.950077e-09
5 +0 +0 +0 +3.197477e-09
6 +0 +0 +0 +2.045099e-09
7 +0 +0 +0 +1.333550e-09
8 +0 +0 +0 +8.905624e-10
9 +0 +0 +0 +6.115675e-10
10 +0 +0 +0 +3.880536e-10
11 +0 +0 +0 +2.669436e-10
12 +0 +0 +0 +1.808185e-10
13 +0 +0 +0 +1.243396e-10
14 +0 +0 +0 +8.202478e-11
15 +0 +0 +0 +5.984747e-11
16 +0 +0 +0 +3.786859e-11
17 +0 +0 +0 +2.394873e-11
18 +0 +0 +0 +1.623067e-11
19 +0 +0 +0 +1.225165e-11
20 +0 +0 +0 +9.399804e-12
21 +0 +0 +0 +6.947058e-12
22 +0 +0 +0 +3.808802e-12
23 +0 +0 +0 +2.227534e-12
24 +0 +0 +0 +1.773998e-12
25 +0 +0 +0 +1.124774e-12
26 +0 +0 +0 -7.360777e-14
27 +0 +0 +0 -1.057940e-12
28 +0 +0 +0 -1.059459e-12
29 +0 +0 +0 -1.183479e-12
30 +0 +0 +0 -5.454392e-13
31 +0 +0 +0 -5.336133e-13
32 +0 +0 +0 -7.377446e-15
33 +0 +0 +0 +4.204911e-13
34 +0 +0 +0 -6.658969e-14
35 +0 +0 +0 -7.242278e-14
36 +0 +0 +0 +8.302477e-14
37 +0 +0 +0 +6.248325e-13
38 +0 +0 +0 +2.760061e-13
39 +0 +0 +0 +3.811269e-13
40 +0 +0 +0 +5.906013e-14
41 +0 +0 +0 +2.197654e-13
42 +0 +0 +0 +2.743944e-13
43 +0 +0 +0 +1.453438e-13
44 +0 +0 +0 +4.145469e-13
45 +0 +0 +0 +3.929654e-13
46 +0 +0 +0 +2.826229e-13
47 +0 +0 +0 +9.649937e-14
48 +0 +0 +0 +1.503921e-13
49 +0 +0 +0 +2.174143e-13
50 +0 +0 +0 +1.903514e-13
51 +0 +0 +0 +1.898168e-13
52 +0 +0 +0 +1.136482e-13
53 +0 +0 +0 +1.086179e-13
54 +0 +0 +0 +5.480639e-14
55 +0 +0 +0 +4.988290e-14
56 +0 +0 +0 -4.549152e-14
57 +0 +0 +0 -6.718942e-14
58 +0 +0 +0 -8.102824e-14
59 +0 +0 +0 -5.264156e-14
60 +0 +0 +0 -9.324558e-15
61 +0 +0 +0 -3.676169e-14
62 +0 +0 +0 -3.386382e-15
63 +0 +0 +0 +1.412114e-16
