0 +0 +0 +0 +1.284092e-08
1 +0 +0 +0 +2.440423e-08
2 +0 +0 +0 +1.352583e-08
3 +0 +0 +0 +8.026564e-09
4 +0 +0 +0 +4.934070e-09
5 +0 +0 +0 +3.148179e-09
6 +0 +0 +0 +2.037909e-09
7 +0 +0 +0 +1.295620e-09
8 +0 +0 +0 +8.569386e-10
9 +0 +0 +0 +5.888868e-10
10 +0 +0 +0 +3.976607e-10
11 +0 +0 +0 +2.723965e-10
12 +0 +0 +0 +1.836263e-10
13 +0 +0 +0 +1.296628e-10
14 +0 +0 +0 +8.944642e-11
15 +0 +0 +0 +5.925520e-11
16 +0 +0 +0 +4.148416e-11
17 +0 +0 +0 +2.653683e-11
18 +0 +0 +0 +1.788864e-11
19 +0 +0 +0 +1.470133e-11
20 +0 +0 +0 +1.042979e-11
21 +0 +0 +0 +6.661664e-12
22 +0 +0 +0 +4.373937e-12
23 +0 +0 +0 +1.669304e-12
24 +0 +0 +0 +4.085333e-15
25 +0 +0 +0 -4.460001e-13
26 +0 +0 +0 -1.008820e-12
27 +0 +0 +0 -3.601238e-13
28 +0 +0 +0 -3.310075e-13
29 +0 +0 +0 -3.467191e-14
30 +0 +0 +0 +1.292196e-13
31 +0 +0 +0 +2.836011e-13
32 +0 +0 +0 +7.226731e-13
33 +0 +0 +0 +9.410321e-13
34 +0 +0 +0 +9.824498e-13
35 +0 +0 +0 +7.393344e-13
36 +0 +0 +0 +2.236015e-13
37 +0 +0 +0 -1.437175e-13
38 +0 +0 +0 +1.867404e-14
39 +0 +0 +0 -2.043698e-13
40 +0 +0 +0 -5.444320e-14
41 +0 +0 +0 +3.144835e-13
42 +0 +0 +0 +3.546999e-15
43 +0 +0 +0 +4.552197e-14
44 +0 +0 +0 -3.004070e-14
45 +0 +0 +0 +5.751004e-14
46 +0 +0 +0 +2.748369e-14
47 +0 +0 +0 -6.533823e-15
48 +0 +0 +0 +2.302354e-13
49 +0 +0 +0 +3.053261e-13
50 +0 +0 +0 +2.015986e-13
51 +0 +0 +0 +2.545759e-13
52 +0 +0 +0 +1.787586e-13
53 +0 +0 +0 +4.666709e-14
54 +0 +0 +0 -3.247385e-14
55 +0 +0 +0 -2.291027e-14
56 +0 +0 +0 -3.122822e-14
57 +0 +0 +0 -3.421209e-14
58 +0 +0 +0 -2.935752e-14
59 +0 +0 +0 -6.033809e-15
60 +0 +0 +0 -2.039466e-15
61 +0 +0 +0 -1.806805e-14
62 +0 +0 +0 -3.718833e-14
63 +0 +0 +0 -1.969913e-14
