0 +0 +0 +0 +1.325512e-08
1 +0 +0 +0 +2.498310e-08
2 +0 +0 +0 +1.409441e-08
3 +0 +0 +0 +8.438731e-09
4 +0 +0 +0 +5.329296e-09
5 +0 +0 +0 +3.393693e-09
6 +0 +0 +0 +2.222297e-09
7 +0 +0 +0 +1.466446e-09
8 +0 +0 +0 +9.729046e-10
9 +0 +0 +0 +6.439919e-10
10 +0 +0 +0 +4.433743e-10
11 +0 +0 +0 +2.915163e-10
12 +0 +0 +0 +1.884923e-10
13 +0 +0 +0 +1.296735e-10
14 +0 +0 +0 +8.929790e-11
15 +0 +0 +0 +6.551310e-11
16 +0 +0 +0 +4.293763e-11
17 +0 +0 +0 +2.812637e-11
18 +0 +0 +0 +1.582621e-11
19 +0 +0 +0 +1.270680e-11
20 +0 +0 +0 +9.390708e-12
21 +0 +0 +0 +6.554457e-12
22 +0 +0 +0 +3.833159e-12
23 +0 +0 +0 +2.615408e-12
24 +0 +0 +0 +1.187699e-12
25 +0 +0 +0 +9.122783e-13
26 +0 +0 +0 +5.118766e-13
27 +0 +0 +0 +1.453774e-12
28 +0 +0 +0 +2.017927e-12
29 +0 +0 +0 +1.007284e-12
30 +0 +0 +0 +1.248758e-12
31 +0 +0 +0 +1.028430e-12
32 +0 +0 +0 +1.055386e-12
33 +0 +0 +0 +6.376795e-13
34 +0 +0 +0 -2.133298e-13
35 +0 +0 +0 +3.107141e-13
36 +0 +0 +0 +4.188965e-13
37 +0 +0 +0 +3.490396e-13
38 +0 +0 +0 +8.184751e-13
39 +0 +0 +0 +5.269787e-13
40 +0 +0 +0 +5.792376e-13
41 +0 +0 +0 +5.096116e-13
42 +0 +0 +0 +4.141340e-13
43 +0 +0 +0 +1.878172e-13
44 +0 +0 +0 +4.438359e-14
45 +0 +0 +0 -3.219198e-14
46 +0 +0 +0 -4.541669e-13
47 +0 +0 +0 -4.591375e-13
48 +0 +0 +0 -2.340526e-13
49 +0 +0 +0 -2.701545e-13
50 +0 +0 +0 -1.830531e-13
51 +0 +0 +0 -1.279165e-13
52 +0 +0 +0 -6.419081e-14
53 +0 +0 +0 -1.420324e-13
54 +0 +0 +0 -5.978367e-14
55 +0 +0 +0 +2.513305e-14
56 +0 +0 +0 -6.337927e-14
57 +0 +0 +0 -7.451524e-15
58 +0 +0 +0 +7.594343e-15
59 +0 +0 +0 -9.560156e-14
60 +0 +0 +0 -9.325383e-14
61 +0 +0 +0 -1.624059e-14
62 +0 +0 +0 +2.716986e-14
63 +0 +0 +0 +3.957596e-15
