0 +0 +0 +0 +1.227990e-08
1 +0 +0 +0 +2.427295e-08
2 +0 +0 +0 +1.330232e-08
3 +0 +0 +0 +7.876597e-09
4 +0 +0 +0 +4.865376e-09
5 +0 +0 +0 +3.069776e-09
6 +0 +0 +0 +2.025649e-09
7 +0 +0 +0 +1.316031e-09
8 +0 +0 +0 +8.709079e-10
9 +0 +0 +0 +5.714952e-10
10 +0 +0 +0 +3.816257e-10
11 +0 +0 +0 +2.536317e-10
12 +0 +0 +0 +1.740249e-10
13 +0 +0 +0 +1.216961e-10
14 +0 +0 +0 +8.259468e-11
15 +0 +0 +0 +5.909882e-11
16 +0 +0 +0 +3.776884e-11
17 +0 +0 +0 +2.337155e-11
18 +0 +0 +0 +1.574494e-11
19 +0 +0 +0 +1.211041e-11
20 +0 +0 +0 +9.655853e-12
21 +0 +0 +0 +6.525943e-12
22 +0 +0 +0 +4.245784e-12
23 +0 +0 +0 +3.452698e-12
24 +0 +0 +0 +3.262389e-12
25 +0 +0 +0 +2.179741e-12
26 +0 +0 +0 +1.980141e-12
27 +0 +0 +0 +1.528997e-12
28 +0 +0 +0 +5.390333e-13
29 +0 +0 +0 +7.714779e-13
30 +0 +0 +0 +3.082458e-13
31 +0 +0 +0 -4.700806e-13
32 +0 +0 +0 -8.364161e-13
33 +0 +0 +0 -9.432016e-13
34 +0 +0 +0 -5.753787e-13
35 +0 +0 +0 -9.255503e-13
36 +0 +0 +0 -7.492687e-13
37 +0 +0 +0 -9.735423e-13
38 +0 +0 +0 -3.581597e-13
39 +0 +0 +0 -1.935115e-13
40 +0 +0 +0 -7.608078e-13
41 +0 +0 +0 -3.949834e-13
42 +0 +0 +0 -1.111386e-13
43 +0 +0 +0 +1.292889e-13
44 +0 +0 +0 +2.546446e-13
45 +0 +0 +0 +2.599864e-13
46 +0 +0 +0 +5.210854e-14
47 +0 +0 +0 +2.176449e-13
48 +0 +0 +0 +1.547928e-13
49 +0 +0 +0 +1.306249e-13
50 +0 +0 +0 +6.280309e-14
51 +0 +0 +0 +2.026407e-13
52 +0 +0 +0 +1.556662e-13
53 +0 +0 +0 +1.613303e-13
54 +0 +0 +0 +2.518367e-13
55 +0 +0 +0 +2.674526e-13
56 +0 +0 +0 +1.591162e-13
57 +0 +0 +0 +1.216294e-13
58 +0 +0 +0 +1.126541e-13
59 +0 +0 +0 +5.559744e-14
60 +0 +0 +0 +8.553962e-14
61 +0 +0 +0 +5.229307e-14
62 +0 +0 +0 -6.613047e-15
63 +0 +0 +0 -1.849321e-14
