0 +0 +0 +0 +1.312798e-08
1 +0 +0 +0 +2.449513e-08
2 +0 +0 +0 +1.364271e-08
3 +0 +0 +0 +8.338194e-09
4 +0 +0 +0 +5.075361e-09
5 +0 +0 +0 +3.280036e-09
6 +0 +0 +0 +2.178647e-09
7 +0 +0 +0 +1.432365e-09
8 +0 +0 +0 +9.473161e-10
9 +0 +0 +0 +6.298544e-10
10 +0 +0 +0 +4.287810e-10
11 +0 +0 +0 +2.932654e-10
12 +0 +0 +0 +1.948577e-10
13 +0 +0 +0 +1.299691e-10
14 +0 +0 +0 +8.643029e-11
15 +0 +0 +0 +6.294345e-11
16 +0 +0 +0 +4.085959e-11
17 +0 +0 +0 +2.841469e-11
18 +0 +0 +0 +1.960861e-11
19 +0 +0 +0 +1.363843e-11
20 +0 +0 +0 +8.877986e-12
21 +0 +0 +0 +5.907012e-12
22 +0 +0 +0 +1.683999e-12
23 +0 +0 +0 +6.142355e-13
24 +0 +0 +0 -1.481499e-12
25 +0 +0 +0 -1.386264e-12
26 +0 +0 +0 -2.417293e-12
27 +0 +0 +0 -1.198532e-12
28 +0 +0 +0 -1.073055e-12
29 +0 +0 +0 -8.499695e-13
30 +0 +0 +0 -7.264077e-14
31 +0 +0 +0 +6.465994e-14
32 +0 +0 +0 -3.920851e-13
33 +0 +0 +0 -1.401716e-13
34 +0 +0 +0 -3.265704e-13
35 +0 +0 +0 -4.275689e-13
36 +0 +0 +0 -6.206414e-13
37 +0 +0 +0 -7.679286e-13
38 +0 +0 +0 -7.128613e-13
39 +0 +0 +0 -9.699652e-13
40 +0 +0 +0 -5.932286e-13
41 +0 +0 +0 -3.695467e-13
42 +0 +0 +0 -2.589631e-13
43 +0 +0 +0 -2.798550e-13
44 +0 +0 +0 -2.611481e-13
45 +0 +0 +0 -2.671912e-13
46 +0 +0 +0 -2.879740e-13
47 +0 +0 +0 -2.008445e-13
48 +0 +0 +0 -5.616786e-14
49 +0 +0 +0 +6.830948e-14
50 +0 +0 +0 +2.764551e-14
51 +0 +0 +0 +1.160190e-13
52 +0 +0 +0 +2.617634e-13
53 +0 +0 +0 +2.624095e-13
54 +0 +0 +0 +2.141870e-13
55 +0 +0 +0 +1.356118e-13
56 +0 +0 +0 +3.029802e-14
57 +0 +0 +0 +8.717718e-15
58 +0 +0 +0 -5.225069e-14
59 +0 +0 +0 +3.883154e-14
60 +0 +0 +0 +2.129428e-14
61 +0 +0 +0 +2.351725e-14
62 +0 +0 +0 -2.919176e-14
63 +0 +0 +0 +3.211972e-14
