0 +0 +0 +0 +1.392979e-08
1 +0 +0 +0 +2.429159e-08
2 +0 +0 +0 +1.363695e-08
3 +0 +0 +0 +7.888577e-09
4 +0 +0 +0 +4.958827e-09
5 +0 +0 +0 +3.150675e-09
6 +0 +0 +0 +2.050383e-09
7 +0 +0 +0 +1.367205e-09
8 +0 +0 +0 +8.776062e-10
9 +0 +0 +0 +5.888740e-10
10 +0 +0 +0 +3.957488e-10
11 +0 +0 +0 +2.702984e-10
12 +0 +0 +0 +1.797255e-10
13 +0 +0 +0 +1.167746e-10
14 +0 +0 +0 +7.401402e-11
15 +0 +0 +0 +5.164848e-11
16 +0 +0 +0 +3.400553e-11
17 +0 +0 +0 +2.318589e-11
18 +0 +0 +0 +1.344266e-11
19 +0 +0 +0 +9.066451e-12
20 +0 +0 +0 +4.970556e-12
21 +0 +0 +0 +3.779850e-12
22 +0 +0 +0 +2.598344e-12
23 +0 +0 +0 +1.048186e-12
24 +0 +0 +0 +1.266017e-12
25 +0 +0 +0 +7.864707e-13
26 +0 +0 +0 +1.335211e-12
27 +0 +0 +0 +3.585570e-13
28 +0 +0 +0 -1.183743e-12
29 +0 +0 +0 -8.732280e-13
30 +0 +0 +0 -3.693148e-13
31 +0 +0 +0 -4.924833e-13
32 +0 +0 +0 -6.476318e-13
33 +0 +0 +0 -4.899121e-13
34 +0 +0 +0 -6.978745e-14
35 +0 +0 +0 -4.006077e-13
36 +0 +0 +0 -6.132581e-14
37 +0 +0 +0 +1.978641e-13
38 +0 +0 +0 +3.502705e-13
39 +0 +0 +0 +2.861140e-13
40 +0 +0 +0 +1.007044e-13
41 +0 +0 +0 -2.572728e-13
42 +0 +0 +0 -2.587490e-13
43 +0 +0 +0 -1.047538e-13
44 +0 +0 +0 -2.684013e-13
45 +0 +0 +0 -3.835331e-13
46 +0 +0 +0 -4.851920e-13
47 +0 +0 +0 -5.104973e-13
48 +0 +0 +0 -4.027902e-13
49 +0 +0 +0 -2.778043e-13
50 +0 +0 +0 -2.892040e-13
51 +0 +0 +0 -2.784370e-13
52 +0 +0 +0 -1.883223e-13
53 +0 +0 +0 -3.051904e-13
54 +0 +0 +0 -2.246487e-13
55 +0 +0 +0 -1.565392e-13
56 +0 +0 +0 -1.225381e-13
57 +0 +0 +0 -6.431937e-14
58 +0 +0 +0 -5.435771e-14
59 +0 +0 +0 -4.833226e-14
60 +0 +0 +0 +2.295533e-14
61 +0 +0 +0 -1.219510e-13
62 +0 +0 +0 -1.035316e-13
63 +0 +0 +0 -7.888622e-14
