0 +0 +0 +0 +1.402948e-08
1 +0 +0 +0 +2.492115e-08
2 +0 +0 +0 +1.380424e-08
3 +0 +0 +0 +8.211402e-09
4 +0 +0 +0 +4.999781e-09
5 +0 +0 +0 +3.259110e-09
6 +0 +0 +0 +2.059206e-09
7 +0 +0 +0 +1.362985e-09
8 +0 +0 +0 +9.133667e-10
9 +0 +0 +0 +6.045254e-10
10 +0 +0 +0 +4.063902e-10
11 +0 +0 +0 +2.748208e-10
12 +0 +0 +0 +1.942881e-10
13 +0 +0 +0 +1.259081e-10
14 +0 +0 +0 +8.799867e-11
15 +0 +0 +0 +6.281174e-11
16 +0 +0 +0 +4.283938e-11
17 +0 +0 +0 +2.735010e-11
18 +0 +0 +0 +1.841627e-11
19 +0 +0 +0 +1.388522e-11
20 +0 +0 +0 +1.067552e-11
21 +0 +0 +0 +8.524771e-12
22 +0 +0 +0 +7.497366e-12
23 +0 +0 +0 +6.576602e-12
24 +0 +0 +0 +6.232055e-12
25 +0 +0 +0 +3.737973e-12
26 +0 +0 +0 +3.072214e-12
27 +0 +0 +0 +2.500654e-12
28 +0 +0 +0 +1.449280e-12
29 +0 +0 +0 +8.914791e-13
30 +0 +0 +0 +1.927200e-13
31 +0 +0 +0 +2.630766e-13
32 +0 +0 +0 +7.125068e-13
33 +0 +0 +0 +5.526663e-13
34 +0 +0 +0 +4.303973e-13
35 +0 +0 +0 +3.263629e-13
36 +0 +0 +0 +2.308059e-13
37 +0 +0 +0 +7.066255e-13
38 +0 +0 +0 +4.241856e-13
39 +0 +0 +0 +2.788421e-13
40 +0 +0 +0 +5.529261e-14
41 +0 +0 +0 -6.690148e-15
42 +0 +0 +0 +6.933214e-14
43 +0 +0 +0 -2.182123e-13
44 +0 +0 +0 -3.233742e-13
45 +0 +0 +0 -1.766467e-13
46 +0 +0 +0 -7.587479e-14
47 +0 +0 +0 +7.305018e-15
48 +0 +0 +0 +2.300082e-14
49 +0 +0 +0 +1.464583e-13
50 +0 +0 +0 +5.871123e-14
51 +0 +0 +0 +2.593829e-15
52 +0 +0 +0 -4.036693e-14
53 +0 +0 +0 -1.808544e-13
54 +0 +0 +0 -1.487592e-13
55 +0 +0 +0 -2.212645e-13
56 +0 +0 +0 -1.829390e-13
57 +0 +0 +0 -2.337966e-13
58 +0 +0 +0 -1.271315e-13
59 +0 +0 +0 -1.166994e-14
60 +0 +0 +0 -3.332308e-14
61 +0 +0 +0 -9.569003e-14
62 +0 +0 +0 -1.102371e-13
63 +0 +0 +0 -6.188321e-14
