0 +0 +0 +0 +1.332491e-08
1 +0 +0 +0 +2.435922e-08
2 +0 +0 +0 +1.383433e-08
3 +0 +0 +0 +7.925935e-09
4 +0 +0 +0 +4.882221e-09
5 +0 +0 +0 +3.121708e-09
6 +0 +0 +0 +2.015557e-09
7 +0 +0 +0 +1.337175e-09
8 +0 +0 +0 +8.879769e-10
9 +0 +0 +0 +5.753471e-10
10 +0 +0 +0 +3.774319e-10
11 +0 +0 +0 +2.520730e-10
12 +0 +0 +0 +1.753837e-10
13 +0 +0 +0 +1.187631e-10
14 +0 +0 +0 +8.252550e-11
15 +0 +0 +0 +5.852051e-11
16 +0 +0 +0 +3.894688e-11
17 +0 +0 +0 +2.581144e-11
18 +0 +0 +0 +1.923270e-11
19 +0 +0 +0 +1.566024e-11
20 +0 +0 +0 +9.624760e-12
21 +0 +0 +0 +6.946260e-12
22 +0 +0 +0 +3.944340e-12
23 +0 +0 +0 +2.366088e-12
24 +0 +0 +0 +1.837693e-12
25 +0 +0 +0 +8.006010e-13
26 +0 +0 +0 +6.120007e-13
27 +0 +0 +0 +1.317514e-12
28 +0 +0 +0 +1.029079e-12
29 +0 +0 +0 +7.062490e-13
30 +0 +0 +0 +4.620829e-13
31 +0 +0 +0 +9.796952e-13
32 +0 +0 +0 +9.762382e-13
33 +0 +0 +0 +7.149573e-13
34 +0 +0 +0 +5.374841e-13
35 +0 +0 +0 +7.712204e-13
36 +0 +0 +0 +8.296672e-13
37 +0 +0 +0 +5.819968e-13
38 +0 +0 +0 +5.994259e-13
39 +0 +0 +0 +6.931378e-13
40 +0 +0 +0 +4.802089e-13
41 +0 +0 +0 +6.084702e-13
42 +0 +0 +0 +2.744767e-13
43 +0 +0 +0 +2.334631e-13
44 +0 +0 +0 +3.849256e-13
45 +0 +0 +0 +3.392333e-13
46 +0 +0 +0 +3.332750e-13
47 +0 +0 +0 +2.256861e-13
48 +0 +0 +0 +2.774408e-14
49 +0 +0 +0 -1.971064e-13
50 +0 +0 +0 -2.259736e-13
51 +0 +0 +0 -1.404673e-13
52 +0 +0 +0 -2.097741e-13
53 +0 +0 +0 -3.039644e-13
54 +0 +0 +0 -2.853844e-13
55 +0 +0 +0 -3.267345e-13
56 +0 +0 +0 -1.916362e-13
57 +0 +0 +0 -2.062420e-13
58 +0 +0 +0 -2.373935e-13
59 +0 +0 +0 -1.513694e-13
60 +0 +0 +0 -8.626392e-14
61 +0 +0 +0 -1.354443e-13
62 +0 +0 +0 -4.102001e-14
63 +0 +0 +0 -3.807120e-14
