0 +0 +0 +0 +1.378450e-08
1 +0 +0 +0 +2.445822e-08
2 +0 +0 +0 +1.357003e-08
3 +0 +0 +0 +7.756876e-09
4 +0 +0 +0 +4.806230e-09
5 +0 +0 +0 +3.048523e-09
6 +0 +0 +0 +2.039181e-09
7 +0 +0 +0 +1.354335e-09
8 +0 +0 +0 +9.203924e-10
9 +0 +0 +0 +6.119215e-10
10 +0 +0 +0 +4.129662e-10
11 +0 +0 +0 +2.776004e-10
12 +0 +0 +0 +1.866473e-10
13 +0 +0 +0 +1.274230e-10
14 +0 +0 +0 +8.948227e-11
15 +0 +0 +0 +6.073051e-11
16 +0 +0 +0 +4.489411e-11
17 +0 +0 +0 +2.882355e-11
18 +0 +0 +0 +1.881590e-11
19 +0 +0 +0 +1.215711e-11
20 +0 +0 +0 +5.576821e-12
21 +0 +0 +0 +2.245944e-12
22 +0 +0 +0 +1.106083e-12
23 +0 +0 +0 -1.417842e-13
24 +0 +0 +0 +6.136708e-13
25 +0 +0 +0 +1.240905e-12
26 +0 +0 +0 +6.489896e-13
27 +0 +0 +0 +1.024802e-12
28 +0 +0 +0 +8.184440e-13
29 +0 +0 +0 +6.413945e-13
30 +0 +0 +0 +1.715191e-13
31 +0 +0 +0 +2.230949e-13
32 +0 +0 +0 +6.524952e-13
33 +0 +0 +0 +4.352906e-13
34 +0 +0 +0 +6.638246e-13
35 +0 +0 +0 +3.473412e-13
36 +0 +0 +0 +3.766872e-13
37 +0 +0 +0 +6.714788e-13
38 +0 +0 +0 +6.147983e-13
39 +0 +0 +0 +4.105425e-13
40 +0 +0 +0 +2.283433e-13
41 +0 +0 +0 +4.585819e-13
42 +0 +0 +0 +1.203843e-14
43 +0 +0 +0 +1.784738e-13
44 +0 +0 +0 +5.762528e-14
45 +0 +0 +0 +2.133051e-13
46 +0 +0 +0 +1.329825e-13
47 +0 +0 +0 +1.044230e-14
48 +0 +0 +0 +7.588142e-14
49 +0 +0 +0 -1.694664e-15
50 +0 +0 +0 -6.124873e-14
51 +0 +0 +0 -1.199439e-13
52 +0 +0 +0 +4.497604e-14
53 +0 +0 +0 +3.647490e-14
54 +0 +0 +0 +6.004589e-14
55 +0 +0 +0 +7.201241e-14
56 +0 +0 +0 +1.703795e-13
57 +0 +0 +0 +1.777800e-13
58 +0 +0 +0 +1.435328e-13
59 +0 +0 +0 +5.062961e-14
60 +0 +0 +0 +8.281281e-14
61 +0 +0 +0 +4.396901e-14
62 +0 +0 +0 -5.961897e-14
63 +0 +0 +0 -7.844873e-16
