0 +0 +0 +0 +1.376399e-08
1 +0 +0 +0 +2.499303e-08
2 +0 +0 +0 +1.375101e-08
3 +0 +0 +0 +8.173203e-09
4 +0 +0 +0 +5.133508e-09
5 +0 +0 +0 +3.294759e-09
6 +0 +0 +0 +2.135802e-09
7 +0 +0 +0 +1.398898e-09
8 +0 +0 +0 +9.441772e-10
9 +0 +0 +0 +6.295479e-10
10 +0 +0 +0 +4.187775e-10
11 +0 +0 +0 +2.927454e-10
12 +0 +0 +0 +1.968964e-10
13 +0 +0 +0 +1.334428e-10
14 +0 +0 +0 +9.083304e-11
15 +0 +0 +0 +6.356529e-11
16 +0 +0 +0 +4.315914e-11
17 +0 +0 +0 +2.582553e-11
18 +0 +0 +0 +1.625202e-11
19 +0 +0 +0 +1.013340e-11
20 +0 +0 +0 +7.185178e-12
21 +0 +0 +0 +5.117974e-12
22 +0 +0 +0 +3.431119e-12
23 +0 +0 +0 +2.885270e-12
24 +0 +0 +0 +6.361065e-13
25 +0 +0 +0 +1.806540e-12
26 +0 +0 +0 +3.491673e-13
27 +0 +0 +0 +4.173863e-13
28 +0 +0 +0 +4.498142e-13
29 +0 +0 +0 +2.512658e-13
30 +0 +0 +0 +5.003017e-13
31 +0 +0 +0 +6.504795e-13
32 +0 +0 +0 +8.494434e-13
33 +0 +0 +0 +1.217493e-12
34 +0 +0 +0 +1.267876e-12
35 +0 +0 +0 +1.099655e-12
36 +0 +0 +0 +6.100401e-13
37 +0 +0 +0 +4.582951e-13
38 +0 +0 +0 +4.543058e-13
39 +0 +0 +0 +3.906336e-13
40 +0 +0 +0 +2.250793e-13
41 +0 +0 +0 +2.105162e-14
42 +0 +0 +0 +1.117345e-14
43 +0 +0 +0 +8.780851e-14
44 +0 +0 +0 -5.361943e-14
45 +0 +0 +0 -1.309739e-13
46 +0 +0 +0 -2.735525e-13
47 +0 +0 +0 -2.973607e-13
48 +0 +0 +0 -1.859727e-13
49 +0 +0 +0 -1.452277e-13
50 +0 +0 +0 -2.177525e-13
51 +0 +0 +0 -2.489643e-13
52 +0 +0 +0 -2.154970e-13
53 +0 +0 +0 -2.221731e-13
54 +0 +0 +0 -2.825017e-13
55 +0 +0 +0 -2.133802e-13
56 +0 +0 +0 -1.363825e-13
57 +0 +0 +0 -5.036861e-14
58 +0 +0 +0 -1.666172e-13
59 +0 +0 +0 -5.272821e-14
60 +0 +0 +0 -7.091902e-14
61 +0 +0 +0 -1.130281e-13
62 +0 +0 +0 -1.266173e-13
63 +0 +0 +0 -9.430527e-14
