0 +0 +0 +0 +1.344633e-08
1 +0 +0 +0 +2.405705e-08
2 +0 +0 +0 +1.329626e-08
3 +0 +0 +0 +7.870920e-09
4 +0 +0 +0 +4.885179e-09
5 +0 +0 +0 +3.147117e-09
6 +0 +0 +0 +2.080446e-09
7 +0 +0 +0 +1.365007e-09
8 +0 +0 +0 +9.074837e-10
9 +0 +0 +0 +6.066365e-10
10 +0 +0 +0 +4.078982e-10
11 +0 +0 +0 +2.690926e-10
12 +0 +0 +0 +1.859749e-10
13 +0 +0 +0 +1.271616e-10
14 +0 +0 +0 +8.706498e-11
15 +0 +0 +0 +6.430447e-11
16 +0 +0 +0 +4.494301e-11
17 +0 +0 +0 +3.054869e-11
18 +0 +0 +0 +2.153976e-11
19 +0 +0 +0 +1.413287e-11
20 +0 +0 +0 +9.547160e-12
21 +0 +0 +0 +5.210928e-12
22 +0 +0 +0 +3.602383e-12
23 +0 +0 +0 +3.050083e-12
24 +0 +0 +0 +1.734187e-12
25 +0 +0 +0 +1.059996e-12
26 +0 +0 +0 -1.116511e-14
27 +0 +0 +0 -1.753786e-13
28 +0 +0 +0 -2.658960e-13
29 +0 +0 +0 +8.960377e-14
30 +0 +0 +0 -3.427476e-13
31 +0 +0 +0 +1.301992e-13
32 +0 +0 +0 -3.673650e-13
33 +0 +0 +0 -1.249487e-13
34 +0 +0 +0 -4.731149e-13
35 +0 +0 +0 -2.899712e-13
36 +0 +0 +0 -5.591160e-13
37 +0 +0 +0 -3.008838e-13
38 +0 +0 +0 -1.001306e-13
39 +0 +0 +0 -8.380133e-14
40 +0 +0 +0 -3.912214e-13
41 +0 +0 +0 -2.008199e-13
42 +0 +0 +0 -2.799683e-13
43 +0 +0 +0 -3.920291e-13
44 +0 +0 +0 -3.575225e-13
45 +0 +0 +0 -2.094732e-13
46 +0 +0 +0 -5.367954e-14
47 +0 +0 +0 -1.983395e-13
48 +0 +0 +0 -2.198459e-13
49 +0 +0 +0 -1.321445e-13
50 +0 +0 +0 -1.310987e-13
51 +0 +0 +0 -2.585721e-13
52 +0 +0 +0 -2.168100e-13
53 +0 +0 +0 -2.031094e-13
54 +0 +0 +0 -2.753814e-13
55 +0 +0 +0 -3.155909e-13
56 +0 +0 +0 -2.255794e-13
57 +0 +0 +0 -1.384517e-13
58 +0 +0 +0 -1.295225e-13
59 +0 +0 +0 -3.802721e-14
60 +0 +0 +0 +7.610449e-14
61 +0 +0 +0 +8.633342e-14
62 +0 +0 +0 +1.099678e-13
63 +0 +0 +0 +1.543705e-13
