0 +0 +0 +0 +1.293261e-08
1 +0 +0 +0 +2.349513e-08
2 +0 +0 +0 +1.344102e-08
3 +0 +0 +0 +8.039091e-09
4 +0 +0 +0 +5.079567e-09
5 +0 +0 +0 +3.207903e-09
6 +0 +0 +0 +2.079975e-09
7 +0 +0 +0 +1.324497e-09
8 +0 +0 +0 +9.085096e-10
9 +0 +0 +0 +5.907105e-10
10 +0 +0 +0 +4.171777e-10
11 +0 +0 +0 +2.836236e-10
12 +0 +0 +0 +1.868187e-10
13 +0 +0 +0 +1.258417e-10
14 +0 +0 +0 +8.928218e-11
15 +0 +0 +0 +6.191513e-11
16 +0 +0 +0 +4.385410e-11
17 +0 +0 +0 +2.998118e-11
18 +0 +0 +0 +2.277804e-11
19 +0 +0 +0 +1.533530e-11
20 +0 +0 +0 +8.730375e-12
21 +0 +0 +0 +5.604209e-12
22 +0 +0 +0 +5.428584e-12
23 +0 +0 +0 +3.178815e-12
24 +0 +0 +0 +1.347527e-12
25 +0 +0 +0 +8.042924e-13
26 +0 +0 +0 +1.301541e-12
27 +0 +0 +0 +3.597208e-13
28 +0 +0 +0 +3.226106e-13
29 +0 +0 +0 +2.502704e-13
30 +0 +0 +0 -5.745971e-14
31 +0 +0 +0 +2.547844e-13
32 +0 +0 +0 +4.788037e-13
33 +0 +0 +0 +2.601931e-13
34 +0 +0 +0 -3.846821e-14
35 +0 +0 +0 -1.827270e-13
36 +0 +0 +0 +1.924136e-13
37 +0 +0 +0 -1.219940e-13
38 +0 +0 +0 +1.464443e-13
39 +0 +0 +0 +5.295563e-13
40 +0 +0 +0 +2.782569e-13
41 +0 +0 +0 +2.262694e-13
42 +0 +0 +0 +1.325569e-13
43 +0 +0 +0 +1.965131e-13
44 +0 +0 +0 +1.132097e-13
45 +0 +0 +0 -9.358120e-14
46 +0 +0 +0 +1.259207e-13
47 +0 +0 +0 +1.024146e-13
48 +0 +0 +0 +9.944014e-14
49 +0 +0 +0 +1.992470e-13
50 +0 +0 +0 +2.120530e-13
51 +0 +0 +0 +3.097460e-13
52 +0 +0 +0 +3.111337e-13
53 +0 +0 +0 +2.858936e-13
54 +0 +0 +0 +2.690196e-13
55 +0 +0 +0 +2.103090e-13
56 +0 +0 +0 +1.327034e-13
57 +0 +0 +0 +2.201992e-14
58 +0 +0 +0 +2.298863e-14
59 +0 +0 +0 -7.714263e-14
60 +0 +0 +0 -5.335619e-14
61 +0 +0 +0 -1.339707e-13
62 +0 +0 +0 -1.959820e-13
63 +0 +0 +0 -1.443422e-13
