0 +0 +0 +0 +1.316103e-08
1 +0 +0 +0 +2.411605e-08
2 +0 +0 +0 +1.330041e-08
3 +0 +0 +0 +7.836788e-09
4 +0 +0 +0 +4.808357e-09
5 +0 +0 +0 +3.009864e-09
6 +0 +0 +0 +1.924863e-09
7 +0 +0 +0 +1.274130e-09
8 +0 +0 +0 +8.565202e-10
9 +0 +0 +0 +5.690846e-10
10 +0 +0 +0 +3.734475e-10
11 +0 +0 +0 +2.437815e-10
12 +0 +0 +0 +1.666974e-10
13 +0 +0 +0 +1.125129e-10
14 +0 +0 +0 +7.587229e-11
15 +0 +0 +0 +5.420182e-11
16 +0 +0 +0 +4.058008e-11
17 +0 +0 +0 +2.820828e-11
18 +0 +0 +0 +2.323284e-11
19 +0 +0 +0 +1.677849e-11
20 +0 +0 +0 +1.209379e-11
21 +0 +0 +0 +1.000106e-11
22 +0 +0 +0 +7.574834e-12
23 +0 +0 +0 +4.698004e-12
24 +0 +0 +0 +4.076273e-12
25 +0 +0 +0 +2.504507e-12
26 +0 +0 +0 +8.819371e-13
27 +0 +0 +0 -1.459639e-13
28 +0 +0 +0 +3.688536e-13
29 +0 +0 +0 +6.861929e-14
30 +0 +0 +0 +5.212239e-13
31 +0 +0 +0 +6.007123e-13
32 +0 +0 +0 +7.068059e-14
33 +0 +0 +0 +5.612704e-13
34 +0 +0 +0 -1.922178e-13
35 +0 +0 +0 -5.813107e-13
36 +0 +0 +0 -9.405587e-13
37 +0 +0 +0 -9.768952e-13
38 +0 +0 +0 -4.313454e-13
39 +0 +0 +0 -3.231825e-13
40 +0 +0 +0 +9.941938e-14
41 +0 +0 +0 +3.355141e-14
42 +0 +0 +0 +3.040456e-13
43 +0 +0 +0 +8.117299e-14
44 +0 +0 +0 +2.555447e-13
45 +0 +0 +0 -1.537261e-14
46 +0 +0 +0 +6.083090e-14
47 +0 +0 +0 +5.217412e-14
48 +0 +0 +0 +1.768590e-13
49 +0 +0 +0 +1.478886e-13
50 +0 +0 +0 +9.668077e-14
51 +0 +0 +0 +8.868979e-14
52 +0 +0 +0 +2.948567e-14
53 +0 +0 +0 -1.969553e-14
54 +0 +0 +0 -2.964946e-14
55 +0 +0 +0 +1.096451e-14
56 +0 +0 +0 +1.294472e-14
57 +0 +0 +0 +1.083704e-13
58 +0 +0 +0 +5.941985e-14
59 +0 +0 +0 +1.655491e-13
60 +0 +0 +0 +1.357218e-13
61 +0 +0 +0 +1.717004e-13
62 +0 +0 +0 +1.173175e-13
63 +0 +0 +0 +1.205002e-13
