0 +0 +0 +0 +1.323904e-08
1 +0 +0 +0 +2.427596e-08
2 +0 +0 +0 +1.318339e-08
3 +0 +0 +0 +7.842095e-09
4 +0 +0 +0 +4.791923e-09
5 +0 +0 +0 +3.012883e-09
6 +0 +0 +0 +1.956157e-09
7 +0 +0 +0 +1.313429e-09
8 +0 +0 +0 +8.696606e-10
9 +0 +0 +0 +6.022597e-10
10 +0 +0 +0 +4.044131e-10
11 +0 +0 +0 +2.682540e-10
12 +0 +0 +0 +1.877703e-10
13 +0 +0 +0 +1.270875e-10
14 +0 +0 +0 +8.539984e-11
15 +0 +0 +0 +6.167796e-11
16 +0 +0 +0 +4.470089e-11
17 +0 +0 +0 +3.196768e-11
18 +0 +0 +0 +2.351739e-11
19 +0 +0 +0 +1.616756e-11
20 +0 +0 +0 +1.225827e-11
21 +0 +0 +0 +8.431000e-12
22 +0 +0 +0 +5.253798e-12
23 +0 +0 +0 +3.558151e-12
24 +0 +0 +0 +2.918654e-12
25 +0 +0 +0 +3.960942e-13
26 +0 +0 +0 +7.533074e-13
27 +0 +0 +0 +1.541627e-12
28 +0 +0 +0 +1.373682e-12
29 +0 +0 +0 +1.741114e-12
30 +0 +0 +0 +1.107600e-12
31 +0 +0 +0 +9.884436e-13
32 +0 +0 +0 +6.223844e-13
33 +0 +0 +0 +3.557501e-13
34 +0 +0 +0 -2.100117e-13
35 +0 +0 +0 -3.094337e-14
36 +0 +0 +0 +4.309059e-14
37 +0 +0 +0 +7.594738e-14
38 +0 +0 +0 +1.192918e-13
39 +0 +0 +0 -2.208112e-13
40 +0 +0 +0 -3.458443e-13
41 +0 +0 +0 -1.822493e-13
42 +0 +0 +0 -2.735835e-13
43 +0 +0 +0 -3.798977e-13
44 +0 +0 +0 -2.097976e-13
45 +0 +0 +0 -1.012134e-13
46 +0 +0 +0 -2.032012e-13
47 +0 +0 +0 -2.130805e-13
48 +0 +0 +0 -6.733182e-14
49 +0 +0 +0 -2.391946e-13
50 +0 +0 +0 -2.429983e-13
51 +0 +0 +0 -2.841571e-13
52 +0 +0 +0 -2.999475e-13
53 +0 +0 +0 -3.025037e-13
54 +0 +0 +0 -1.643655e-13
55 +0 +0 +0 -1.022562e-13
56 +0 +0 +0 -9.362905e-14
57 +0 +0 +0 -3.616723e-14
58 +0 +0 +0 -6.046467e-14
59 +0 +0 +0 -2.480743e-14
60 +0 +0 +0 -8.751968e-14
61 +0 +0 +0 -1.382044e-13
62 +0 +0 +0 -1.923061e-13
63 +0 +0 +0 -1.826127e-13
