0 +0 +0 +0 +8.892502e-09
1 +0 +0 +0 +1.774593e-08
2 +0 +0 +0 +9.750991e-09
3 +0 +0 +0 +5.845260e-09
4 +0 +0 +0 +3.481306e-09
5 +0 +0 +0 +2.245658e-09
6 +0 +0 +0 +1.448243e-09
7 +0 +0 +0 +9.464974e-10
8 +0 +0 +0 +6.239393e-10
9 +0 +0 +0 +4.242850e-10
10 +0 +0 +0 +2.761275e-10
11 +0 +0 +0 +1.826330e-10
12 +0 +0 +0 +1.208019e-10
13 +0 +0 +0 +8.527997e-11
14 +0 +0 +0 +5.980425e-11
15 +0 +0 +0 +4.211668e-11
16 +0 +0 +0 +2.729931e-11
17 +0 +0 +0 +1.920612e-11
18 +0 +0 +0 +1.176203e-11
19 +0 +0 +0 +9.217260e-12
20 +0 +0 +0 +5.515413e-12
21 +0 +0 +0 +3.146931e-12
22 +0 +0 +0 +1.144030e-12
23 +0 +0 +0 +1.347543e-13
24 +0 +0 +0 -1.771117e-13
25 +0 +0 +0 +8.345740e-14
26 +0 +0 +0 +3.033273e-13
27 +0 +0 +0 -8.889672e-14
28 +0 +0 +0 +4.083605e-13
29 +0 +0 +0 +7.134705e-13
30 +0 +0 +0 +1.546507e-13
31 +0 +0 +0 +7.316872e-14
32 +0 +0 +0 -2.030513e-13
33 +0 +0 +0 -4.703232e-13
34 +0 +0 +0 -3.975153e-13
35 +0 +0 +0 -3.121738e-13
36 +0 +0 +0 +1.430064e-15
37 +0 +0 +0 +2.258400e-13
38 +0 +0 +0 +9.664347e-14
39 +0 +0 +0 -4.531872e-15
40 +0 +0 +0 -1.142612e-13
41 +0 +0 +0 -1.259369e-13
42 +0 +0 +0 -1.064690e-13
43 +0 +0 +0 -3.504708e-13
44 +0 +0 +0 -3.104159e-13
45 +0 +0 +0 -1.457229e-13
46 +0 +0 +0 +1.260821e-13
47 +0 +0 +0 +6.122824e-14
48 +0 +0 +0 +5.826969e-14
49 +0 +0 +0 +6.454944e-15
50 +0 +0 +0 -3.287854e-14
51 +0 +0 +0 +6.423556e-14
52 +0 +0 +0 -5.686700e-14
53 +0 +0 +0 -7.746145e-14
54 +0 +0 +0 -1.137139e-13
55 +0 +0 +0 -1.479379e-13
56 +0 +0 +0 -8.219795e-14
57 +0 +0 +0 +2.967199e-14
58 +0 +0 +0 +1.992700e-14
59 +0 +0 +0 -6.985078e-15
60 +0 +0 +0 -6.415818e-14
61 +0 +0 +0 -1.200386e-13
62 +0 +0 +0 -9.579860e-14
63 +0 +0 +0 -7.966053e-14
