0 +0 +0 +0 +1.363051e-08
1 +0 +0 +0 +2.439113e-08
2 +0 +0 +0 +1.343294e-08
3 +0 +0 +0 +7.747069e-09
4 +0 +0 +0 +4.915362e-09
5 +0 +0 +0 +3.163077e-09
6 +0 +0 +0 +2.033963e-09
7 +0 +0 +0 +1.338097e-09
8 +0 +0 +0 +9.059497e-10
9 +0 +0 +0 +5.986880e-10
10 +0 +0 +0 +4.060971e-10
11 +0 +0 +0 +2.726456e-10
12 +0 +0 +0 +1.807408e-10
13 +0 +0 +0 +1.243519e-10
14 +0 +0 +0 +8.646141e-11
15 +0 +0 +0 +5.535666e-11
16 +0 +0 +0 +4.131175e-11
17 +0 +0 +0 +2.530053e-11
18 +0 +0 +0 +1.700991e-11
19 +0 +0 +0 +1.319919e-11
20 +0 +0 +0 +8.097836e-12
21 +0 +0 +0 +5.269183e-12
22 +0 +0 +0 +3.318954e-12
23 +0 +0 +0 +2.342249e-12
24 +0 +0 +0 +3.139211e-12
25 +0 +0 +0 +2.989358e-12
26 +0 +0 +0 +2.034764e-12
27 +0 +0 +0 +2.102854e-12
28 +0 +0 +0 +1.504967e-12
29 +0 +0 +0 +1.444166e-12
30 +0 +0 +0 +1.576454e-12
31 +0 +0 +0 +9.706643e-13
32 +0 +0 +0 +1.474006e-12
33 +0 +0 +0 +1.437975e-12
34 +0 +0 +0 +1.508691e-12
35 +0 +0 +0 +1.286445e-12
36 +0 +0 +0 +1.125543e-12
37 +0 +0 +0 +1.146033e-12
38 +0 +0 +0 +6.718040e-13
39 +0 +0 +0 +7.575299e-13
40 +0 +0 +0 +6.164920e-13
41 +0 +0 +0 +6.689557e-13
42 +0 +0 +0 +2.873863e-13
43 +0 +0 +0 +4.099279e-13
44 +0 +0 +0 +5.086433e-13
45 +0 +0 +0 +2.729096e-13
46 +0 +0 +0 +2.810585e-13
47 +0 +0 +0 +2.262010e-13
48 +0 +0 +0 +9.132518e-14
49 +0 +0 +0 +9.566825e-14
50 +0 +0 +0 +7.749257e-14
51 +0 +0 +0 +1.480563e-13
52 +0 +0 +0 +1.614837e-13
53 +0 +0 +0 +1.113658e-13
54 +0 +0 +0 +6.868229e-14
55 +0 +0 +0 +5.271057e-14
56 +0 +0 +0 -7.812683e-15
57 +0 +0 +0 -1.758697e-14
58 +0 +0 +0 -7.828504e-14
59 +0 +0 +0 +3.072738e-14
60 +0 +0 +0 +3.658811e-14
61 +0 +0 +0 -2.342396e-14
62 +0 +0 +0 -5.915811e-14
63 +0 +0 +0 -3.360173e-14
