0 +0 +0 +0 +1.263226e-08
1 +0 +0 +0 +2.442523e-08
2 +0 +0 +0 +1.352471e-08
3 +0 +0 +0 +7.976554e-09
4 +0 +0 +0 +4.996601e-09
5 +0 +0 +0 +3.232642e-09
6 +0 +0 +0 +2.145041e-09
7 +0 +0 +0 +1.379003e-09
8 +0 +0 +0 +9.342675e-10
9 +0 +0 +0 +6.098610e-10
10 +0 +0 +0 +3.975679e-10
11 +0 +0 +0 +2.660186e-10
12 +0 +0 +0 +1.787033e-10
13 +0 +0 +0 +1.146596e-10
14 +0 +0 +0 +8.010354e-11
15 +0 +0 +0 +5.390985e-11
16 +0 +0 +0 +3.448004e-11
17 +0 +0 +0 +2.355160e-11
18 +0 +0 +0 +1.625484e-11
19 +0 +0 +0 +1.104748e-11
20 +0 +0 +0 +5.331145e-12
21 +0 +0 +0 +4.269679e-12
22 +0 +0 +0 +1.658501e-12
23 +0 +0 +0 +1.255807e-13
24 +0 +0 +0 -5.055557e-14
25 +0 +0 +0 -2.236811e-13
26 +0 +0 +0 +1.055110e-13
27 +0 +0 +0 -3.414297e-13
28 +0 +0 +0 -9.549613e-14
29 +0 +0 +0 +2.829311e-13
30 +0 +0 +0 +2.353622e-14
31 +0 +0 +0 +6.342014e-13
32 +0 +0 +0 +4.208955e-13
33 +0 +0 +0 -9.961273e-14
34 +0 +0 +0 -1.106234e-13
35 +0 +0 +0 -4.429538e-14
36 +0 +0 +0 +1.163319e-13
37 +0 +0 +0 +9.529316e-14
38 +0 +0 +0 +3.284090e-13
39 +0 +0 +0 +3.903049e-13
40 +0 +0 +0 +3.866987e-13
41 +0 +0 +0 +4.174576e-13
42 +0 +0 +0 +6.644005e-13
43 +0 +0 +0 +3.932861e-13
44 +0 +0 +0 +2.478932e-13
45 +0 +0 +0 +2.262760e-13
46 +0 +0 +0 +2.846449e-13
47 +0 +0 +0 +2.794070e-13
48 +0 +0 +0 +3.018236e-13
49 +0 +0 +0 +2.692147e-13
50 +0 +0 +0 +2.578058e-13
51 +0 +0 +0 +1.229864e-13
52 +0 +0 +0 +4.720285e-14
53 +0 +0 +0 +4.034747e-14
54 +0 +0 +0 +1.689285e-13
55 +0 +0 +0 +7.457832e-14
56 +0 +0 +0 +8.779937e-14
57 +0 +0 +0 +1.723804e-14
58 +0 +0 +0 +1.525485e-14
59 +0 +0 +0 +2.980246e-15
60 +0 +0 +0 +9.140634e-14
61 +0 +0 +0 +4.792063e-14
62 +0 +0 +0 +1.471703e-14
63 +0 +0 +0 -1.057511e-14
