0 +0 +0 +0 +1.221305e-08
1 +0 +0 +0 +2.321435e-08
2 +0 +0 +0 +1.287592e-08
3 +0 +0 +0 +7.725536e-09
4 +0 +0 +0 +4.722342e-09
5 +0 +0 +0 +3.011650e-09
6 +0 +0 +0 +1.921658e-09
7 +0 +0 +0 +1.234282e-09
8 +0 +0 +0 +8.162187e-10
9 +0 +0 +0 +5.218308e-10
10 +0 +0 +0 +3.516204e-10
11 +0 +0 +0 +2.339464e-10
12 +0 +0 +0 +1.620334e-10
13 +0 +0 +0 +1.120027e-10
14 +0 +0 +0 +7.739778e-11
15 +0 +0 +0 +5.638700e-11
16 +0 +0 +0 +3.816206e-11
17 +0 +0 +0 +2.325141e-11
18 +0 +0 +0 +1.435786e-11
19 +0 +0 +0 +8.632676e-12
20 +0 +0 +0 +6.704874e-12
21 +0 +0 +0 +4.879030e-12
22 +0 +0 +0 +1.315258e-12
23 +0 +0 +0 +5.454097e-13
24 +0 +0 +0 -5.066393e-13
25 +0 +0 +0 -1.522241e-13
26 +0 +0 +0 +6.553704e-13
27 +0 +0 +0 +1.372829e-12
28 +0 +0 +0 +1.873031e-13
29 +0 +0 +0 -5.624207e-13
30 +0 +0 +0 -1.178136e-13
31 +0 +0 +0 +1.070483e-12
32 +0 +0 +0 +7.924873e-13
33 +0 +0 +0 +5.177536e-13
34 +0 +0 +0 +6.681346e-14
35 +0 +0 +0 +2.323154e-13
36 +0 +0 +0 +1.862613e-13
37 +0 +0 +0 -2.262680e-14
38 +0 +0 +0 +6.027038e-14
39 +0 +0 +0 +2.558617e-13
40 +0 +0 +0 +5.264201e-14
41 +0 +0 +0 -2.212411e-13
42 +0 +0 +0 -2.292179e-13
43 +0 +0 +0 -1.472058e-13
44 +0 +0 +0 +1.049179e-13
45 +0 +0 +0 +1.195769e-13
46 +0 +0 +0 +1.072744e-13
47 +0 +0 +0 +1.421097e-13
48 +0 +0 +0 +9.464737e-14
49 +0 +0 +0 +5.961005e-14
50 +0 +0 +0 +1.398858e-13
51 +0 +0 +0 +1.148851e-13
52 +0 +0 +0 +2.973065e-14
53 +0 +0 +0 -9.288483e-14
54 +0 +0 +0 +1.797856e-14
55 +0 +0 +0 +4.714159e-14
56 +0 +0 +0 +2.250426e-14
57 +0 +0 +0 -3.075102e-14
58 +0 +0 +0 -1.005589e-13
59 +0 +0 +0 -1.400276e-13
60 +0 +0 +0 -4.784689e-14
61 +0 +0 +0 +3.058452e-14
62 +0 +0 +0 +3.110340e-14
63 +0 +0 +0 +7.791870e-15
