0 +0 +0 +0 +1.280598e-08
1 +0 +0 +0 +2.459671e-08
2 +0 +0 +0 +1.367591e-08
3 +0 +0 +0 +8.153252e-09
4 +0 +0 +0 +5.191414e-09
5 +0 +0 +0 +3.299198e-09
6 +0 +0 +0 +2.132106e-09
7 +0 +0 +0 +1.358512e-09
8 +0 +0 +0 +8.987843e-10
9 +0 +0 +0 +5.811040e-10
10 +0 +0 +0 +3.870613e-10
11 +0 +0 +0 +2.560971e-10
12 +0 +0 +0 +1.605728e-10
13 +0 +0 +0 +1.111780e-10
14 +0 +0 +0 +8.160194e-11
15 +0 +0 +0 +4.960748e-11
16 +0 +0 +0 +3.997408e-11
17 +0 +0 +0 +2.778615e-11
18 +0 +0 +0 +1.929542e-11
19 +0 +0 +0 +1.295954e-11
20 +0 +0 +0 +9.523181e-12
21 +0 +0 +0 +7.416915e-12
22 +0 +0 +0 +5.269758e-12
23 +0 +0 +0 +4.308755e-12
24 +0 +0 +0 +1.773317e-12
25 +0 +0 +0 +2.197532e-12
26 +0 +0 +0 +1.304217e-12
27 +0 +0 +0 +1.272077e-12
28 +0 +0 +0 +2.115045e-12
29 +0 +0 +0 +1.596824e-12
30 +0 +0 +0 +7.487353e-13
31 +0 +0 +0 +5.378057e-13
32 +0 +0 +0 +5.682794e-13
33 +0 +0 +0 +2.796351e-13
34 +0 +0 +0 +3.731125e-13
35 +0 +0 +0 +2.278736e-13
36 +0 +0 +0 -4.651981e-14
37 +0 +0 +0 -3.211587e-13
38 +0 +0 +0 -5.507438e-13
39 +0 +0 +0 -6.027366e-13
40 +0 +0 +0 -8.072696e-13
41 +0 +0 +0 -7.032773e-13
42 +0 +0 +0 -6.070135e-13
43 +0 +0 +0 -5.469155e-13
44 +0 +0 +0 -5.185109e-13
45 +0 +0 +0 -2.985015e-13
46 +0 +0 +0 -3.730156e-13
47 +0 +0 +0 -1.532750e-13
48 +0 +0 +0 -1.052303e-13
49 +0 +0 +0 +1.688758e-14
50 +0 +0 +0 -8.307349e-14
51 +0 +0 +0 -2.222638e-14
52 +0 +0 +0 +1.774001e-15
53 +0 +0 +0 +1.412316e-14
54 +0 +0 +0 -1.541382e-15
55 +0 +0 +0 +3.229064e-14
56 +0 +0 +0 +4.898669e-14
57 +0 +0 +0 -3.567372e-14
58 +0 +0 +0 +6.919586e-14
59 +0 +0 +0 -3.457206e-14
60 +0 +0 +0 -1.201017e-13
61 +0 +0 +0 -2.080647e-13
62 +0 +0 +0 -9.439328e-14
63 +0 +0 +0 -1.180886e-13
