0 +0 +0 +0 +1.307030e-08
1 +0 +0 +0 +2.425125e-08
2 +0 +0 +0 +1.341934e-08
3 +0 +0 +0 +7.911785e-09
4 +0 +0 +0 +4.852702e-09
5 +0 +0 +0 +3.088455e-09
6 +0 +0 +0 +2.009701e-09
7 +0 +0 +0 +1.336403e-09
8 +0 +0 +0 +8.796602e-10
9 +0 +0 +0 +5.768728e-10
10 +0 +0 +0 +3.837347e-10
11 +0 +0 +0 +2.591983e-10
12 +0 +0 +0 +1.755702e-10
13 +0 +0 +0 +1.173784e-10
14 +0 +0 +0 +8.032132e-11
15 +0 +0 +0 +5.767529e-11
16 +0 +0 +0 +4.228145e-11
17 +0 +0 +0 +2.552415e-11
18 +0 +0 +0 +1.697524e-11
19 +0 +0 +0 +1.277497e-11
20 +0 +0 +0 +1.293580e-11
21 +0 +0 +0 +8.521602e-12
22 +0 +0 +0 +7.363222e-12
23 +0 +0 +0 +4.659646e-12
24 +0 +0 +0 +3.748008e-12
25 +0 +0 +0 +2.305761e-12
26 +0 +0 +0 +1.803162e-12
27 +0 +0 +0 -6.044439e-14
28 +0 +0 +0 -6.383469e-13
29 +0 +0 +0 -2.853996e-13
30 +0 +0 +0 -1.559629e-13
31 +0 +0 +0 +1.928103e-15
32 +0 +0 +0 -1.856501e-13
33 +0 +0 +0 +5.154893e-14
34 +0 +0 +0 +2.751308e-13
35 +0 +0 +0 +1.244835e-13
36 +0 +0 +0 +2.130947e-13
37 +0 +0 +0 +2.695736e-13
38 +0 +0 +0 +4.628411e-14
39 +0 +0 +0 +1.843053e-13
40 +0 +0 +0 -1.185161e-13
41 +0 +0 +0 -1.984615e-13
42 +0 +0 +0 -3.695476e-13
43 +0 +0 +0 -5.520006e-13
44 +0 +0 +0 -4.471788e-13
45 +0 +0 +0 -4.272649e-13
46 +0 +0 +0 -4.165827e-13
47 +0 +0 +0 -2.056453e-13
48 +0 +0 +0 -9.813459e-14
49 +0 +0 +0 -8.635581e-14
50 +0 +0 +0 +9.312236e-14
51 +0 +0 +0 -8.813688e-15
52 +0 +0 +0 -7.151218e-14
53 +0 +0 +0 -7.965996e-14
54 +0 +0 +0 -1.387176e-13
55 +0 +0 +0 -9.711941e-14
56 +0 +0 +0 -8.478760e-14
57 +0 +0 +0 -1.514444e-13
58 +0 +0 +0 -2.717822e-13
59 +0 +0 +0 -1.918506e-13
60 +0 +0 +0 -2.229929e-13
61 +0 +0 +0 -1.478854e-13
62 +0 +0 +0 -1.045113e-13
63 +0 +0 +0 -1.485696e-13
