0 +0 +0 +0 +1.218819e-08
1 +0 +0 +0 +2.393513e-08
2 +0 +0 +0 +1.309180e-08
3 +0 +0 +0 +7.917144e-09
4 +0 +0 +0 +4.910593e-09
5 +0 +0 +0 +3.101935e-09
6 +0 +0 +0 +2.019187e-09
7 +0 +0 +0 +1.377604e-09
8 +0 +0 +0 +9.135199e-10
9 +0 +0 +0 +6.231452e-10
10 +0 +0 +0 +4.174946e-10
11 +0 +0 +0 +2.854723e-10
12 +0 +0 +0 +1.915803e-10
13 +0 +0 +0 +1.360869e-10
14 +0 +0 +0 +9.167425e-11
15 +0 +0 +0 +6.324630e-11
16 +0 +0 +0 +4.615308e-11
17 +0 +0 +0 +3.234647e-11
18 +0 +0 +0 +2.247487e-11
19 +0 +0 +0 +1.836358e-11
20 +0 +0 +0 +1.326209e-11
21 +0 +0 +0 +8.768130e-12
22 +0 +0 +0 +7.491499e-12
23 +0 +0 +0 +4.738219e-12
24 +0 +0 +0 +2.346173e-12
25 +0 +0 +0 +2.203120e-12
26 +0 +0 +0 +2.274009e-12
27 +0 +0 +0 +1.673693e-12
28 +0 +0 +0 +1.367657e-12
29 +0 +0 +0 +6.853528e-13
30 +0 +0 +0 -1.477739e-13
31 +0 +0 +0 -4.343899e-13
32 +0 +0 +0 -5.372239e-13
33 +0 +0 +0 -6.460171e-13
34 +0 +0 +0 -3.204492e-13
35 +0 +0 +0 -7.552698e-14
36 +0 +0 +0 +1.158536e-13
37 +0 +0 +0 +4.208086e-13
38 +0 +0 +0 +1.433836e-13
39 +0 +0 +0 +1.557585e-13
40 +0 +0 +0 +1.955129e-13
41 +0 +0 +0 +1.443210e-13
42 +0 +0 +0 +2.625784e-14
43 +0 +0 +0 -8.242607e-14
44 +0 +0 +0 +1.997904e-13
45 +0 +0 +0 +1.795795e-13
46 +0 +0 +0 -1.112728e-13
47 +0 +0 +0 -2.423182e-15
48 +0 +0 +0 -1.488651e-14
49 +0 +0 +0 -4.818818e-14
50 +0 +0 +0 +5.192867e-14
51 +0 +0 +0 -3.335292e-15
52 +0 +0 +0 -2.387955e-14
53 +0 +0 +0 +1.793851e-14
54 +0 +0 +0 -4.967529e-14
55 +0 +0 +0 +1.414836e-15
56 +0 +0 +0 -5.934103e-14
57 +0 +0 +0 +3.969938e-15
58 +0 +0 +0 -6.642186e-14
59 +0 +0 +0 -4.673218e-14
60 +0 +0 +0 +5.411934e-14
61 +0 +0 +0 +1.836579e-14
62 +0 +0 +0 +2.112352e-14
63 +0 +0 +0 +2.094873e-14
