0 +0 +0 +0 +1.336971e-08
1 +0 +0 +0 +2.445562e-08
2 +0 +0 +0 +1.357238e-08
3 +0 +0 +0 +8.019308e-09
4 +0 +0 +0 +4.982495e-09
5 +0 +0 +0 +3.193675e-09
6 +0 +0 +0 +2.035742e-09
7 +0 +0 +0 +1.341038e-09
8 +0 +0 +0 +9.075815e-10
9 +0 +0 +0 +6.034222e-10
10 +0 +0 +0 +3.957517e-10
11 +0 +0 +0 +2.607414e-10
12 +0 +0 +0 +1.750285e-10
13 +0 +0 +0 +1.117869e-10
14 +0 +0 +0 +6.947878e-11
15 +0 +0 +0 +4.413065e-11
16 +0 +0 +0 +2.767272e-11
17 +0 +0 +0 +1.876694e-11
18 +0 +0 +0 +1.179955e-11
19 +0 +0 +0 +6.709757e-12
20 +0 +0 +0 +5.257508e-12
21 +0 +0 +0 +4.551565e-12
22 +0 +0 +0 +2.023814e-12
23 +0 +0 +0 +7.874299e-13
24 +0 +0 +0 -2.125057e-12
25 +0 +0 +0 -1.417163e-12
26 +0 +0 +0 -1.002258e-12
27 +0 +0 +0 -2.481325e-13
28 +0 +0 +0 -5.530373e-14
29 +0 +0 +0 -5.007413e-13
30 +0 +0 +0 -5.331088e-13
31 +0 +0 +0 -1.348575e-13
32 +0 +0 +0 -2.352766e-13
33 +0 +0 +0 +6.253233e-15
34 +0 +0 +0 -2.028023e-13
35 +0 +0 +0 -3.797427e-13
36 +0 +0 +0 -3.979315e-13
37 +0 +0 +0 -3.236044e-13
38 +0 +0 +0 -3.085746e-13
39 +0 +0 +0 -2.440690e-13
40 +0 +0 +0 -1.506061e-13
41 +0 +0 +0 -9.699825e-14
42 +0 +0 +0 +4.040209e-14
43 +0 +0 +0 +1.049604e-13
44 +0 +0 +0 +1.917626e-13
45 +0 +0 +0 +7.457661e-14
46 +0 +0 +0 +3.862962e-13
47 +0 +0 +0 +3.046431e-13
48 +0 +0 +0 +9.282038e-14
49 +0 +0 +0 +1.339286e-13
50 +0 +0 +0 +2.295109e-13
51 +0 +0 +0 +1.223608e-13
52 +0 +0 +0 +1.907178e-13
53 +0 +0 +0 +2.397324e-13
54 +0 +0 +0 +7.696460e-14
55 +0 +0 +0 +2.454980e-14
56 +0 +0 +0 +2.451629e-14
57 +0 +0 +0 -2.325122e-14
58 +0 +0 +0 +2.722284e-14
59 +0 +0 +0 +2.742951e-14
60 +0 +0 +0 +1.314202e-13
61 +0 +0 +0 +8.957416e-14
62 +0 +0 +0 -4.624614e-14
63 +0 +0 +0 -2.099709e-14
