0 +0 +0 +0 +1.354377e-08
1 +0 +0 +0 +2.517944e-08
2 +0 +0 +0 +1.407368e-08
3 +0 +0 +0 +8.249779e-09
4 +0 +0 +0 +5.086684e-09
5 +0 +0 +0 +3.262744e-09
6 +0 +0 +0 +2.146897e-09
7 +0 +0 +0 +1.420747e-09
8 +0 +0 +0 +9.095673e-10
9 +0 +0 +0 +6.028985e-10
10 +0 +0 +0 +3.925498e-10
11 +0 +0 +0 +2.706968e-10
12 +0 +0 +0 +1.788704e-10
13 +0 +0 +0 +1.219481e-10
14 +0 +0 +0 +7.997099e-11
15 +0 +0 +0 +5.601019e-11
16 +0 +0 +0 +4.009288e-11
17 +0 +0 +0 +2.910934e-11
18 +0 +0 +0 +2.019994e-11
19 +0 +0 +0 +1.354395e-11
20 +0 +0 +0 +8.985622e-12
21 +0 +0 +0 +6.985401e-12
22 +0 +0 +0 +3.718290e-12
23 +0 +0 +0 +2.450311e-12
24 +0 +0 +0 +2.228463e-12
25 +0 +0 +0 +1.933114e-12
26 +0 +0 +0 +1.588027e-12
27 +0 +0 +0 +1.254836e-12
28 +0 +0 +0 +1.626332e-12
29 +0 +0 +0 +1.128147e-12
30 +0 +0 +0 +4.743870e-13
31 +0 +0 +0 +6.373505e-13
32 +0 +0 +0 +3.539099e-13
33 +0 +0 +0 -1.960776e-13
34 +0 +0 +0 -2.224218e-13
35 +0 +0 +0 -3.168147e-13
36 +0 +0 +0 +3.047350e-13
37 +0 +0 +0 +5.465733e-13
38 +0 +0 +0 +3.270781e-13
39 +0 +0 +0 +2.758451e-13
40 +0 +0 +0 -1.932778e-14
41 +0 +0 +0 -2.295943e-13
42 +0 +0 +0 -3.045825e-13
43 +0 +0 +0 -3.421402e-13
44 +0 +0 +0 -4.007519e-13
45 +0 +0 +0 -4.098144e-14
46 +0 +0 +0 -2.125679e-13
47 +0 +0 +0 -3.917578e-13
48 +0 +0 +0 -2.802431e-13
49 +0 +0 +0 -3.473915e-14
50 +0 +0 +0 -7.182303e-14
51 +0 +0 +0 -1.799329e-13
52 +0 +0 +0 -2.349518e-13
53 +0 +0 +0 -1.455856e-13
54 +0 +0 +0 -2.087555e-13
55 +0 +0 +0 -1.226756e-13
56 +0 +0 +0 -7.357366e-14
57 +0 +0 +0 -3.822373e-14
58 +0 +0 +0 -1.505970e-13
59 +0 +0 +0 -5.859373e-14
60 +0 +0 +0 -6.322431e-14
61 +0 +0 +0 -7.416130e-14
62 +0 +0 +0 -4.145212e-14
63 +0 +0 +0 -9.054492e-14
