0 +0 +0 +0 +1.298031e-08
1 +0 +0 +0 +2.395784e-08
2 +0 +0 +0 +1.304102e-08
3 +0 +0 +0 +7.761183e-09
4 +0 +0 +0 +4.807164e-09
5 +0 +0 +0 +3.089015e-09
6 +0 +0 +0 +1.991393e-09
7 +0 +0 +0 +1.330732e-09
8 +0 +0 +0 +8.653572e-10
9 +0 +0 +0 +5.877609e-10
10 +0 +0 +0 +3.954607e-10
11 +0 +0 +0 +2.672394e-10
12 +0 +0 +0 +1.794617e-10
13 +0 +0 +0 +1.214621e-10
14 +0 +0 +0 +8.360497e-11
15 +0 +0 +0 +5.664643e-11
16 +0 +0 +0 +3.724075e-11
17 +0 +0 +0 +2.623844e-11
18 +0 +0 +0 +2.083810e-11
19 +0 +0 +0 +1.541547e-11
20 +0 +0 +0 +9.899928e-12
21 +0 +0 +0 +7.568556e-12
22 +0 +0 +0 +5.202073e-12
23 +0 +0 +0 +3.080004e-12
24 +0 +0 +0 +1.182194e-12
25 +0 +0 +0 +4.012773e-13
26 +0 +0 +0 -3.008366e-13
27 +0 +0 +0 -2.291130e-14
28 +0 +0 +0 -5.761735e-13
29 +0 +0 +0 -5.564538e-13
30 +0 +0 +0 -8.049687e-13
31 +0 +0 +0 -2.916267e-13
32 +0 +0 +0 -3.401613e-13
33 +0 +0 +0 +1.303903e-13
34 +0 +0 +0 -2.999954e-13
35 +0 +0 +0 -1.160404e-13
36 +0 +0 +0 +2.369460e-13
37 +0 +0 +0 +1.417485e-13
38 +0 +0 +0 -2.327012e-14
39 +0 +0 +0 +1.606091e-13
40 +0 +0 +0 +2.197747e-14
41 +0 +0 +0 +1.933978e-13
42 +0 +0 +0 -1.262037e-13
43 +0 +0 +0 +9.912130e-14
44 +0 +0 +0 +1.082446e-13
45 +0 +0 +0 +8.516168e-14
46 +0 +0 +0 -3.661488e-14
47 +0 +0 +0 +2.114256e-14
48 +0 +0 +0 -7.991410e-14
49 +0 +0 +0 -7.855396e-14
50 +0 +0 +0 -3.447511e-14
51 +0 +0 +0 -4.099558e-14
52 +0 +0 +0 -2.556562e-14
53 +0 +0 +0 -1.646807e-15
54 +0 +0 +0 +1.119288e-13
55 +0 +0 +0 +4.162423e-14
56 +0 +0 +0 -9.953442e-14
57 +0 +0 +0 -1.541597e-13
58 +0 +0 +0 -6.303400e-14
59 +0 +0 +0 -6.293670e-14
60 +0 +0 +0 -1.329522e-13
61 +0 +0 +0 -1.702799e-14
62 +0 +0 +0 +1.132169e-14
63 +0 +0 +0 +3.736707e-14
