0 +0 +0 +0 +1.322379e-08
1 +0 +0 +0 +2.469308e-08
2 +0 +0 +0 +1.396645e-08
3 +0 +0 +0 +8.151377e-09
4 +0 +0 +0 +5.072932e-09
5 +0 +0 +0 +3.250931e-09
6 +0 +0 +0 +2.123612e-09
7 +0 +0 +0 +1.365144e-09
8 +0 +0 +0 +8.916251e-10
9 +0 +0 +0 +5.992195e-10
10 +0 +0 +0 +3.896450e-10
11 +0 +0 +0 +2.601716e-10
12 +0 +0 +0 +1.816536e-10
13 +0 +0 +0 +1.232894e-10
14 +0 +0 +0 +8.525584e-11
15 +0 +0 +0 +5.412234e-11
16 +0 +0 +0 +3.741864e-11
17 +0 +0 +0 +2.777077e-11
18 +0 +0 +0 +1.861800e-11
19 +0 +0 +0 +1.292561e-11
20 +0 +0 +0 +9.706610e-12
21 +0 +0 +0 +8.139654e-12
22 +0 +0 +0 +7.678870e-12
23 +0 +0 +0 +4.260525e-12
24 +0 +0 +0 +3.198913e-12
25 +0 +0 +0 +2.833835e-12
26 +0 +0 +0 +2.664847e-12
27 +0 +0 +0 +1.227052e-12
28 +0 +0 +0 +1.383333e-12
29 +0 +0 +0 +7.247572e-13
30 +0 +0 +0 +4.958580e-13
31 +0 +0 +0 +1.028617e-12
32 +0 +0 +0 +7.680896e-13
33 +0 +0 +0 +7.794902e-13
34 +0 +0 +0 +4.791875e-13
35 +0 +0 +0 +4.823894e-13
36 +0 +0 +0 -3.225329e-14
37 +0 +0 +0 +3.285117e-13
38 +0 +0 +0 -3.062213e-14
39 +0 +0 +0 +1.547851e-13
40 +0 +0 +0 +3.789353e-13
41 +0 +0 +0 +4.325691e-13
42 +0 +0 +0 +1.693317e-13
43 +0 +0 +0 +1.102006e-13
44 +0 +0 +0 +5.634438e-14
45 +0 +0 +0 -2.321359e-13
46 +0 +0 +0 -1.599221e-13
47 +0 +0 +0 +4.192921e-14
48 +0 +0 +0 +1.046930e-13
49 +0 +0 +0 +5.276576e-14
50 +0 +0 +0 +7.827293e-14
51 +0 +0 +0 +6.745390e-14
52 +0 +0 +0 +1.979167e-13
53 +0 +0 +0 +2.784282e-13
54 +0 +0 +0 +2.718738e-13
55 +0 +0 +0 +2.294521e-13
56 +0 +0 +0 +1.773441e-13
57 +0 +0 +0 +1.683960e-13
58 +0 +0 +0 +1.097100e-13
59 +0 +0 +0 +2.166803e-14
60 +0 +0 +0 +3.400279e-14
61 +0 +0 +0 +1.959075e-14
62 +0 +0 +0 +4.166002e-14
63 +0 +0 +0 +3.686922e-14
