0 +0 +0 +0 +1.394649e-08
1 +0 +0 +0 +2.500798e-08
2 +0 +0 +0 +1.389807e-08
3 +0 +0 +0 +8.088852e-09
4 +0 +0 +0 +4.967253e-09
5 +0 +0 +0 +3.215848e-09
6 +0 +0 +0 +2.110511e-09
7 +0 +0 +0 +1.378968e-09
8 +0 +0 +0 +9.006512e-10
9 +0 +0 +0 +5.845137e-10
10 +0 +0 +0 +3.889582e-10
11 +0 +0 +0 +2.624726e-10
12 +0 +0 +0 +1.792916e-10
13 +0 +0 +0 +1.234686e-10
14 +0 +0 +0 +8.479128e-11
15 +0 +0 +0 +6.434781e-11
16 +0 +0 +0 +4.559251e-11
17 +0 +0 +0 +2.953761e-11
18 +0 +0 +0 +2.163161e-11
19 +0 +0 +0 +1.595988e-11
20 +0 +0 +0 +1.132328e-11
21 +0 +0 +0 +9.088205e-12
22 +0 +0 +0 +7.145831e-12
23 +0 +0 +0 +6.534086e-12
24 +0 +0 +0 +4.865905e-12
25 +0 +0 +0 +4.612119e-12
26 +0 +0 +0 +3.834623e-12
27 +0 +0 +0 +3.642524e-12
28 +0 +0 +0 +2.083021e-12
29 +0 +0 +0 +5.203446e-13
30 +0 +0 +0 +6.263887e-13
31 +0 +0 +0 +5.552432e-13
32 +0 +0 +0 -5.383765e-13
33 +0 +0 +0 -3.009764e-13
34 +0 +0 +0 -2.525418e-14
35 +0 +0 +0 -3.015488e-13
36 +0 +0 +0 -4.362106e-13
37 +0 +0 +0 -2.705977e-13
38 +0 +0 +0 -3.886172e-13
39 +0 +0 +0 +1.937339e-13
40 +0 +0 +0 +4.672474e-13
41 +0 +0 +0 +5.524781e-14
42 +0 +0 +0 -5.957171e-14
43 +0 +0 +0 +1.467448e-13
44 +0 +0 +0 +1.443999e-13
45 +0 +0 +0 -8.137533e-14
46 +0 +0 +0 -1.304425e-14
47 +0 +0 +0 +5.794766e-15
48 +0 +0 +0 -1.847507e-13
49 +0 +0 +0 -2.306125e-14
50 +0 +0 +0 -1.447372e-13
51 +0 +0 +0 +3.806318e-14
52 +0 +0 +0 +4.838486e-14
53 +0 +0 +0 +1.418069e-13
54 +0 +0 +0 -5.142884e-14
55 +0 +0 +0 +1.808784e-14
56 +0 +0 +0 +7.707755e-15
57 +0 +0 +0 -9.672773e-15
58 +0 +0 +0 +3.949274e-14
59 +0 +0 +0 -1.658285e-14
60 +0 +0 +0 +7.823639e-15
61 +0 +0 +0 -3.955847e-14
62 +0 +0 +0 -2.587286e-16
63 +0 +0 +0 +6.787789e-14
