0 +0 +0 +0 +1.320915e-08
1 +0 +0 +0 +2.441817e-08
2 +0 +0 +0 +1.363495e-08
3 +0 +0 +0 +7.986796e-09
4 +0 +0 +0 +4.907719e-09
5 +0 +0 +0 +3.149835e-09
6 +0 +0 +0 +2.027945e-09
7 +0 +0 +0 +1.304340e-09
8 +0 +0 +0 +8.742059e-10
9 +0 +0 +0 +5.919490e-10
10 +0 +0 +0 +3.870871e-10
11 +0 +0 +0 +2.641681e-10
12 +0 +0 +0 +1.765629e-10
13 +0 +0 +0 +1.193717e-10
14 +0 +0 +0 +8.159693e-11
15 +0 +0 +0 +5.710991e-11
16 +0 +0 +0 +3.767879e-11
17 +0 +0 +0 +2.368678e-11
18 +0 +0 +0 +1.523385e-11
19 +0 +0 +0 +1.023285e-11
20 +0 +0 +0 +6.738983e-12
21 +0 +0 +0 +4.072661e-12
22 +0 +0 +0 +3.068694e-12
23 +0 +0 +0 +2.250490e-12
24 +0 +0 +0 -1.568958e-13
25 +0 +0 +0 +7.277926e-13
26 +0 +0 +0 +6.523093e-13
27 +0 +0 +0 +2.254419e-13
28 +0 +0 +0 +4.403065e-13
29 +0 +0 +0 +8.277404e-13
30 +0 +0 +0 +9.002281e-13
31 +0 +0 +0 +4.884348e-13
32 +0 +0 +0 +2.607473e-13
33 +0 +0 +0 +4.080767e-13
34 +0 +0 +0 +1.955484e-13
35 +0 +0 +0 -2.883950e-14
36 +0 +0 +0 +3.372946e-13
37 +0 +0 +0 +6.317166e-13
38 +0 +0 +0 +6.207793e-13
39 +0 +0 +0 +1.297601e-13
40 +0 +0 +0 -2.985945e-13
41 +0 +0 +0 -3.767570e-13
42 +0 +0 +0 -1.565673e-13
43 +0 +0 +0 -2.557690e-13
44 +0 +0 +0 -2.282012e-13
45 +0 +0 +0 -4.800550e-14
46 +0 +0 +0 +1.006534e-13
47 +0 +0 +0 +5.992997e-14
48 +0 +0 +0 -9.384757e-15
49 +0 +0 +0 -1.077793e-14
50 +0 +0 +0 -1.144644e-13
51 +0 +0 +0 +2.327726e-14
52 +0 +0 +0 +2.607581e-14
53 +0 +0 +0 -2.690643e-14
54 +0 +0 +0 +4.474396e-14
55 +0 +0 +0 +1.499831e-13
56 +0 +0 +0 +1.352579e-13
57 +0 +0 +0 +9.788608e-14
58 +0 +0 +0 +2.196621e-13
59 +0 +0 +0 +1.563694e-13
60 +0 +0 +0 +1.372949e-13
61 +0 +0 +0 +6.303443e-14
62 +0 +0 +0 +4.040033e-15
63 +0 +0 +0 -6.983361e-14
