0 +0 +0 +0 +1.345399e-08
1 +0 +0 +0 +2.382122e-08
2 +0 +0 +0 +1.323358e-08
3 +0 +0 +0 +7.719345e-09
4 +0 +0 +0 +4.762258e-09
5 +0 +0 +0 +3.023036e-09
6 +0 +0 +0 +1.970736e-09
7 +0 +0 +0 +1.336172e-09
8 +0 +0 +0 +8.861602e-10
9 +0 +0 +0 +5.806881e-10
10 +0 +0 +0 +3.754431e-10
11 +0 +0 +0 +2.521019e-10
12 +0 +0 +0 +1.730179e-10
13 +0 +0 +0 +1.161705e-10
14 +0 +0 +0 +8.198880e-11
15 +0 +0 +0 +5.689806e-11
16 +0 +0 +0 +4.013953e-11
17 +0 +0 +0 +3.010755e-11
18 +0 +0 +0 +1.846648e-11
19 +0 +0 +0 +1.057351e-11
20 +0 +0 +0 +1.026823e-11
21 +0 +0 +0 +7.818376e-12
22 +0 +0 +0 +4.924613e-12
23 +0 +0 +0 +2.728609e-12
24 +0 +0 +0 +2.426951e-12
25 +0 +0 +0 +1.358925e-13
26 +0 +0 +0 +8.770216e-13
27 +0 +0 +0 +8.119071e-13
28 +0 +0 +0 +4.559051e-13
29 +0 +0 +0 +2.963413e-13
30 +0 +0 +0 -4.038379e-13
31 +0 +0 +0 -3.582238e-13
32 +0 +0 +0 -3.760254e-13
33 +0 +0 +0 -8.146189e-15
34 +0 +0 +0 -4.401114e-13
35 +0 +0 +0 -5.875701e-13
36 +0 +0 +0 -4.471027e-13
37 +0 +0 +0 -6.916679e-14
38 +0 +0 +0 +1.998153e-13
39 +0 +0 +0 -2.020995e-13
40 +0 +0 +0 +1.605915e-14
41 +0 +0 +0 +4.181617e-13
42 +0 +0 +0 +3.134864e-13
43 +0 +0 +0 +3.163241e-13
44 +0 +0 +0 +3.958610e-13
45 +0 +0 +0 +1.761817e-13
46 +0 +0 +0 +3.885317e-13
47 +0 +0 +0 +3.976453e-13
48 +0 +0 +0 +2.480792e-13
49 +0 +0 +0 +1.536491e-13
50 +0 +0 +0 -8.303057e-14
51 +0 +0 +0 -1.170970e-13
52 +0 +0 +0 +4.721361e-14
53 +0 +0 +0 -3.354560e-14
54 +0 +0 +0 -2.249094e-14
55 +0 +0 +0 +4.773512e-14
56 +0 +0 +0 +1.209589e-13
57 +0 +0 +0 +1.058158e-13
58 +0 +0 +0 +3.754323e-14
59 +0 +0 +0 +1.279766e-13
60 +0 +0 +0 +1.237126e-13
61 +0 +0 +0 +1.846002e-14
62 +0 +0 +0 +2.482193e-14
63 +0 +0 +0 +1.664142e-15
