0 +0 +0 +0 +1.305932e-08
1 +0 +0 +0 +2.442884e-08
2 +0 +0 +0 +1.371681e-08
3 +0 +0 +0 +7.994350e-09
4 +0 +0 +0 +4.977457e-09
5 +0 +0 +0 +3.188371e-09
6 +0 +0 +0 +2.029730e-09
7 +0 +0 +0 +1.292914e-09
8 +0 +0 +0 +8.778891e-10
9 +0 +0 +0 +5.820513e-10
10 +0 +0 +0 +4.055876e-10
11 +0 +0 +0 +2.770382e-10
12 +0 +0 +0 +1.888855e-10
13 +0 +0 +0 +1.252060e-10
14 +0 +0 +0 +8.401504e-11
15 +0 +0 +0 +5.319198e-11
16 +0 +0 +0 +3.486064e-11
17 +0 +0 +0 +2.283881e-11
18 +0 +0 +0 +1.648881e-11
19 +0 +0 +0 +7.902539e-12
20 +0 +0 +0 +3.724357e-12
21 +0 +0 +0 +3.126601e-12
22 +0 +0 +0 +2.300520e-12
23 +0 +0 +0 +2.450005e-12
24 +0 +0 +0 +1.323196e-12
25 +0 +0 +0 +9.451216e-13
26 +0 +0 +0 +7.739907e-13
27 +0 +0 +0 -3.251799e-14
28 +0 +0 +0 -1.389543e-12
29 +0 +0 +0 -1.543907e-12
30 +0 +0 +0 -8.396281e-13
31 +0 +0 +0 -1.776729e-13
32 +0 +0 +0 -4.097506e-14
33 +0 +0 +0 +5.307796e-13
34 +0 +0 +0 +1.555136e-13
35 +0 +0 +0 +3.446924e-13
36 +0 +0 +0 +2.844227e-13
37 +0 +0 +0 +2.779484e-13
38 +0 +0 +0 +9.685719e-14
39 +0 +0 +0 +1.420274e-13
40 +0 +0 +0 +2.419672e-13
41 +0 +0 +0 +3.589740e-13
42 +0 +0 +0 +3.693299e-13
43 +0 +0 +0 +1.881989e-13
44 +0 +0 +0 +1.809912e-13
45 +0 +0 +0 +3.679637e-13
46 +0 +0 +0 +1.203276e-13
47 +0 +0 +0 +8.938557e-14
48 +0 +0 +0 -2.766012e-14
49 +0 +0 +0 +3.670225e-14
50 +0 +0 +0 +7.784136e-14
51 +0 +0 +0 +6.620834e-15
52 +0 +0 +0 +5.663504e-14
53 +0 +0 +0 -5.008754e-14
54 +0 +0 +0 -4.261888e-14
55 +0 +0 +0 +7.187369e-14
56 +0 +0 +0 +1.111511e-13
57 +0 +0 +0 +2.285207e-13
58 +0 +0 +0 +1.661811e-13
59 +0 +0 +0 +1.823018e-13
60 +0 +0 +0 +7.090225e-14
61 +0 +0 +0 +8.142947e-14
62 +0 +0 +0 +5.290450e-14
63 +0 +0 +0 +6.665416e-15
