0 +0 +0 +0 +1.350205e-08
1 +0 +0 +0 +2.458972e-08
2 +0 +0 +0 +1.377994e-08
3 +0 +0 +0 +8.144144e-09
4 +0 +0 +0 +5.063046e-09
5 +0 +0 +0 +3.165189e-09
6 +0 +0 +0 +2.115904e-09
7 +0 +0 +0 +1.394416e-09
8 +0 +0 +0 +9.289214e-10
9 +0 +0 +0 +6.294584e-10
10 +0 +0 +0 +4.260144e-10
11 +0 +0 +0 +2.876221e-10
12 +0 +0 +0 +1.904074e-10
13 +0 +0 +0 +1.191400e-10
14 +0 +0 +0 +7.927748e-11
15 +0 +0 +0 +5.444835e-11
16 +0 +0 +0 +3.802484e-11
17 +0 +0 +0 +2.508535e-11
18 +0 +0 +0 +1.751649e-11
19 +0 +0 +0 +1.236828e-11
20 +0 +0 +0 +8.992099e-12
21 +0 +0 +0 +6.372802e-12
22 +0 +0 +0 +4.825764e-12
23 +0 +0 +0 +3.438739e-12
24 +0 +0 +0 +3.068647e-12
25 +0 +0 +0 +1.988735e-12
26 +0 +0 +0 +1.195678e-12
27 +0 +0 +0 +1.161896e-12
28 +0 +0 +0 +8.338813e-13
29 +0 +0 +0 +4.639583e-13
30 +0 +0 +0 +5.478432e-13
31 +0 +0 +0 +5.374910e-13
32 +0 +0 +0 -3.629497e-13
33 +0 +0 +0 +2.411270e-13
34 +0 +0 +0 +2.231947e-13
35 +0 +0 +0 -2.516683e-13
36 +0 +0 +0 -1.389213e-13
37 +0 +0 +0 -7.954695e-13
38 +0 +0 +0 -1.062324e-12
39 +0 +0 +0 -6.789517e-13
40 +0 +0 +0 -6.920347e-13
41 +0 +0 +0 -3.453574e-13
42 +0 +0 +0 -2.383828e-13
43 +0 +0 +0 -4.431261e-13
44 +0 +0 +0 -2.746875e-13
45 +0 +0 +0 -1.918073e-13
46 +0 +0 +0 -1.742365e-13
47 +0 +0 +0 -2.035966e-13
48 +0 +0 +0 -8.974880e-14
49 +0 +0 +0 -1.188939e-13
50 +0 +0 +0 +5.229822e-14
51 +0 +0 +0 +4.626444e-14
52 +0 +0 +0 +8.755953e-14
53 +0 +0 +0 +1.659283e-14
54 +0 +0 +0 +7.037451e-14
55 +0 +0 +0 +1.114593e-14
56 +0 +0 +0 -1.357990e-14
57 +0 +0 +0 +9.077330e-14
58 +0 +0 +0 +4.275365e-14
59 +0 +0 +0 +6.699460e-14
60 +0 +0 +0 +3.075856e-14
61 +0 +0 +0 +1.988596e-14
62 +0 +0 +0 -5.758298e-14
63 +0 +0 +0 -1.494732e-13
