0 +0 +0 +0 +1.245934e-08
1 +0 +0 +0 +2.472853e-08
2 +0 +0 +0 +1.388425e-08
3 +0 +0 +0 +8.173400e-09
4 +0 +0 +0 +5.127613e-09
5 +0 +0 +0 +3.209581e-09
6 +0 +0 +0 +2.100222e-09
7 +0 +0 +0 +1.416779e-09
8 +0 +0 +0 +9.473970e-10
9 +0 +0 +0 +6.054939e-10
10 +0 +0 +0 +4.105591e-10
11 +0 +0 +0 +2.794773e-10
12 +0 +0 +0 +1.936213e-10
13 +0 +0 +0 +1.251136e-10
14 +0 +0 +0 +8.481245e-11
15 +0 +0 +0 +5.678273e-11
16 +0 +0 +0 +4.085202e-11
17 +0 +0 +0 +3.045713e-11
18 +0 +0 +0 +2.196369e-11
19 +0 +0 +0 +1.498357e-11
20 +0 +0 +0 +1.411682e-11
21 +0 +0 +0 +8.174387e-12
22 +0 +0 +0 +4.074370e-12
23 +0 +0 +0 +2.471166e-12
24 +0 +0 +0 +8.879122e-13
25 +0 +0 +0 +1.156283e-12
26 +0 +0 +0 +2.757087e-13
27 +0 +0 +0 -1.713767e-13
28 +0 +0 +0 -1.242219e-13
29 +0 +0 +0 -5.034761e-13
30 +0 +0 +0 -9.613793e-13
31 +0 +0 +0 -3.502879e-13
32 +0 +0 +0 +4.707697e-13
33 +0 +0 +0 +1.283672e-13
34 +0 +0 +0 +5.578912e-13
35 +0 +0 +0 +4.638343e-13
36 +0 +0 +0 +5.240484e-13
37 +0 +0 +0 +1.248827e-13
38 +0 +0 +0 +6.534618e-14
39 +0 +0 +0 +1.872241e-14
40 +0 +0 +0 -1.130194e-13
41 +0 +0 +0 -2.677423e-14
42 +0 +0 +0 -1.926242e-14
43 +0 +0 +0 -1.593479e-13
44 +0 +0 +0 -2.171386e-13
45 +0 +0 +0 -2.191363e-13
46 +0 +0 +0 -1.733621e-13
47 +0 +0 +0 -1.148529e-13
48 +0 +0 +0 -9.397361e-14
49 +0 +0 +0 -1.246099e-13
50 +0 +0 +0 -5.547393e-14
51 +0 +0 +0 +3.415512e-15
52 +0 +0 +0 +7.027490e-14
53 +0 +0 +0 +6.321699e-14
54 +0 +0 +0 +9.451005e-14
55 +0 +0 +0 +1.036184e-13
56 +0 +0 +0 +3.869815e-14
57 +0 +0 +0 -1.205199e-13
58 +0 +0 +0 -1.665093e-13
59 +0 +0 +0 -7.103283e-14
60 +0 +0 +0 -2.715549e-14
61 +0 +0 +0 -4.271544e-14
62 +0 +0 +0 -5.755995e-14
63 +0 +0 +0 -8.735814e-14
