0 +0 +0 +0 +1.327554e-08
1 +0 +0 +0 +2.425537e-08
2 +0 +0 +0 +1.354233e-08
3 +0 +0 +0 +7.855130e-09
4 +0 +0 +0 +4.855174e-09
5 +0 +0 +0 +3.104381e-09
6 +0 +0 +0 +1.996827e-09
7 +0 +0 +0 +1.343090e-09
8 +0 +0 +0 +8.883006e-10
9 +0 +0 +0 +5.957261e-10
10 +0 +0 +0 +4.056612e-10
11 +0 +0 +0 +2.847610e-10
12 +0 +0 +0 +1.948576e-10
13 +0 +0 +0 +1.321965e-10
14 +0 +0 +0 +9.183674e-11
15 +0 +0 +0 +6.209099e-11
16 +0 +0 +0 +4.521197e-11
17 +0 +0 +0 +3.029890e-11
18 +0 +0 +0 +2.110592e-11
19 +0 +0 +0 +1.549290e-11
20 +0 +0 +0 +6.582493e-12
21 +0 +0 +0 +4.984367e-12
22 +0 +0 +0 +4.077927e-12
23 +0 +0 +0 +2.282347e-12
24 +0 +0 +0 +1.607180e-12
25 +0 +0 +0 +1.914205e-12
26 +0 +0 +0 +9.152588e-13
27 +0 +0 +0 +9.761745e-13
28 +0 +0 +0 +1.077583e-12
29 +0 +0 +0 +1.591704e-12
30 +0 +0 +0 +9.632475e-13
31 +0 +0 +0 +5.602731e-13
32 +0 +0 +0 +1.292134e-13
33 +0 +0 +0 +4.801473e-13
34 +0 +0 +0 +4.830393e-13
35 +0 +0 +0 +9.035931e-13
36 +0 +0 +0 +5.359755e-13
37 +0 +0 +0 +3.069730e-13
38 +0 +0 +0 +7.438523e-13
39 +0 +0 +0 +4.741726e-13
40 +0 +0 +0 +3.371664e-13
41 +0 +0 +0 -3.510457e-14
42 +0 +0 +0 +1.354237e-13
43 +0 +0 +0 -3.420784e-15
44 +0 +0 +0 +1.506262e-13
45 +0 +0 +0 -4.059069e-14
46 +0 +0 +0 -1.333154e-13
47 +0 +0 +0 -1.923819e-13
48 +0 +0 +0 -4.658896e-14
49 +0 +0 +0 -6.123740e-14
50 +0 +0 +0 -1.457775e-13
51 +0 +0 +0 -1.067143e-13
52 +0 +0 +0 -6.174108e-14
53 +0 +0 +0 -8.534562e-14
54 +0 +0 +0 +1.175585e-13
55 +0 +0 +0 +4.880949e-14
56 +0 +0 +0 +9.331153e-14
57 +0 +0 +0 +7.126244e-14
58 +0 +0 +0 -2.525970e-14
59 +0 +0 +0 -2.946321e-14
60 +0 +0 +0 +1.141601e-13
61 +0 +0 +0 +1.033044e-13
62 +0 +0 +0 +9.332128e-14
63 +0 +0 +0 +1.571964e-13
