0 +0 +0 +0 +1.327075e-08
1 +0 +0 +0 +2.409563e-08
2 +0 +0 +0 +1.336251e-08
3 +0 +0 +0 +8.066497e-09
4 +0 +0 +0 +4.861151e-09
5 +0 +0 +0 +3.105449e-09
6 +0 +0 +0 +2.027617e-09
7 +0 +0 +0 +1.326584e-09
8 +0 +0 +0 +8.758204e-10
9 +0 +0 +0 +5.846164e-10
10 +0 +0 +0 +3.975611e-10
11 +0 +0 +0 +2.620524e-10
12 +0 +0 +0 +1.784790e-10
13 +0 +0 +0 +1.211172e-10
14 +0 +0 +0 +8.722944e-11
15 +0 +0 +0 +5.947823e-11
16 +0 +0 +0 +4.206470e-11
17 +0 +0 +0 +2.738535e-11
18 +0 +0 +0 +1.858381e-11
19 +0 +0 +0 +1.277688e-11
20 +0 +0 +0 +7.012923e-12
21 +0 +0 +0 +3.087340e-12
22 +0 +0 +0 +1.296288e-12
23 +0 +0 +0 +7.207732e-13
24 +0 +0 +0 +6.850501e-13
25 +0 +0 +0 +2.482890e-13
26 +0 +0 +0 +1.313549e-12
27 +0 +0 +0 +4.460357e-13
28 +0 +0 +0 +1.344179e-12
29 +0 +0 +0 +2.075479e-12
30 +0 +0 +0 +2.097332e-12
31 +0 +0 +0 +1.360581e-12
32 +0 +0 +0 +9.756001e-13
33 +0 +0 +0 +4.640094e-13
34 +0 +0 +0 +8.677579e-13
35 +0 +0 +0 +6.258827e-14
36 +0 +0 +0 +1.592967e-13
37 +0 +0 +0 -7.502396e-15
38 +0 +0 +0 -1.260325e-13
39 +0 +0 +0 -6.305700e-15
40 +0 +0 +0 +8.331584e-16
41 +0 +0 +0 -1.252029e-13
42 +0 +0 +0 +9.513325e-14
43 +0 +0 +0 -7.144141e-14
44 +0 +0 +0 +1.485107e-13
45 +0 +0 +0 +1.099065e-13
46 +0 +0 +0 +2.174746e-13
47 +0 +0 +0 +1.900928e-13
48 +0 +0 +0 +4.335208e-14
49 +0 +0 +0 +2.055781e-13
50 +0 +0 +0 +1.617033e-13
51 +0 +0 +0 +5.719448e-14
52 +0 +0 +0 +1.401241e-13
53 +0 +0 +0 +1.264810e-13
54 +0 +0 +0 +1.710669e-13
55 +0 +0 +0 +3.508170e-14
56 +0 +0 +0 -7.530569e-14
57 +0 +0 +0 -3.444773e-14
58 +0 +0 +0 -5.433288e-14
59 +0 +0 +0 +2.937376e-14
60 +0 +0 +0 -8.882193e-14
61 +0 +0 +0 -7.832521e-14
62 +0 +0 +0 -1.423647e-13
63 +0 +0 +0 -1.112395e-13
