0 +0 +0 +0 +1.356694e-08
1 +0 +0 +0 +2.398008e-08
2 +0 +0 +0 +1.312290e-08
3 +0 +0 +0 +7.767736e-09
4 +0 +0 +0 +4.747368e-09
5 +0 +0 +0 +2.997806e-09
6 +0 +0 +0 +1.925428e-09
7 +0 +0 +0 +1.238240e-09
8 +0 +0 +0 +8.324980e-10
9 +0 +0 +0 +5.579137e-10
10 +0 +0 +0 +3.824842e-10
11 +0 +0 +0 +2.599310e-10
12 +0 +0 +0 +1.831340e-10
13 +0 +0 +0 +1.338511e-10
14 +0 +0 +0 +9.355580e-11
15 +0 +0 +0 +6.656249e-11
16 +0 +0 +0 +4.534905e-11
17 +0 +0 +0 +2.921684e-11
18 +0 +0 +0 +2.048722e-11
19 +0 +0 +0 +1.226214e-11
20 +0 +0 +0 +7.751275e-12
21 +0 +0 +0 +3.943027e-12
22 +0 +0 +0 +2.394350e-12
23 +0 +0 +0 +7.217891e-13
24 +0 +0 +0 -2.306059e-13
25 +0 +0 +0 +3.801343e-13
26 +0 +0 +0 +8.767993e-13
27 +0 +0 +0 +1.105233e-12
28 +0 +0 +0 +4.218778e-13
29 +0 +0 +0 +1.668736e-13
30 +0 +0 +0 -1.641186e-13
31 +0 +0 +0 -6.656837e-14
32 +0 +0 +0 +2.250205e-13
33 +0 +0 +0 +2.763908e-14
34 +0 +0 +0 +1.487321e-13
35 +0 +0 +0 -2.968376e-13
36 +0 +0 +0 -1.129278e-13
37 +0 +0 +0 +3.066482e-14
38 +0 +0 +0 +6.069190e-14
39 +0 +0 +0 +1.179675e-13
40 +0 +0 +0 +1.683860e-13
41 +0 +0 +0 -7.153283e-14
42 +0 +0 +0 -2.021530e-13
43 +0 +0 +0 -4.193974e-14
44 +0 +0 +0 +2.411299e-15
45 +0 +0 +0 +3.486187e-14
46 +0 +0 +0 +2.574702e-13
47 +0 +0 +0 +1.567866e-13
48 +0 +0 +0 +1.375154e-13
49 +0 +0 +0 +9.967690e-14
50 +0 +0 +0 +8.166762e-14
51 +0 +0 +0 +1.072080e-13
52 +0 +0 +0 +1.745382e-13
53 +0 +0 +0 +1.795774e-13
54 +0 +0 +0 +1.360748e-13
55 +0 +0 +0 +4.789237e-14
56 +0 +0 +0 -4.007870e-14
57 +0 +0 +0 -4.436961e-14
58 +0 +0 +0 -5.998317e-14
59 +0 +0 +0 -1.230347e-13
60 +0 +0 +0 -1.003130e-13
61 +0 +0 +0 -9.712505e-14
62 +0 +0 +0 -1.826261e-13
63 +0 +0 +0 -1.305357e-13
