0 +0 +0 +0 +1.290462e-08
1 +0 +0 +0 +2.479556e-08
2 +0 +0 +0 +1.384865e-08
3 +0 +0 +0 +8.108011e-09
4 +0 +0 +0 +4.934009e-09
5 +0 +0 +0 +3.088914e-09
6 +0 +0 +0 +2.055131e-09
7 +0 +0 +0 +1.375426e-09
8 +0 +0 +0 +9.113389e-10
9 +0 +0 +0 +6.057991e-10
10 +0 +0 +0 +4.101817e-10
11 +0 +0 +0 +2.689476e-10
12 +0 +0 +0 +1.806313e-10
13 +0 +0 +0 +1.208078e-10
14 +0 +0 +0 +8.017914e-11
15 +0 +0 +0 +5.389133e-11
16 +0 +0 +0 +3.491061e-11
17 +0 +0 +0 +2.367834e-11
18 +0 +0 +0 +1.837627e-11
19 +0 +0 +0 +1.125839e-11
20 +0 +0 +0 +5.301856e-12
21 +0 +0 +0 +2.554913e-12
22 +0 +0 +0 +2.205997e-12
23 +0 +0 +0 +3.333136e-12
24 +0 +0 +0 +2.402684e-12
25 +0 +0 +0 +1.880549e-12
26 +0 +0 +0 +2.176142e-12
27 +0 +0 +0 +1.090059e-12
28 +0 +0 +0 +2.786831e-13
29 +0 +0 +0 +4.786474e-13
30 +0 +0 +0 +5.536184e-13
31 +0 +0 +0 -5.133495e-14
32 +0 +0 +0 +1.619160e-13
33 +0 +0 +0 +1.796669e-13
34 +0 +0 +0 +1.011923e-12
35 +0 +0 +0 +7.320100e-13
36 +0 +0 +0 +6.640219e-13
37 +0 +0 +0 +6.181892e-13
38 +0 +0 +0 +5.575456e-13
39 +0 +0 +0 +5.619499e-13
40 +0 +0 +0 +5.149854e-13
41 +0 +0 +0 +1.292529e-13
42 +0 +0 +0 -1.321015e-13
43 +0 +0 +0 +5.659115e-15
44 +0 +0 +0 +2.802542e-14
45 +0 +0 +0 -9.435834e-15
46 +0 +0 +0 -2.362221e-13
47 +0 +0 +0 -2.027510e-13
48 +0 +0 +0 -2.134707e-13
49 +0 +0 +0 -2.240024e-13
50 +0 +0 +0 -1.804060e-13
51 +0 +0 +0 -2.752198e-14
52 +0 +0 +0 -2.886596e-14
53 +0 +0 +0 +3.822921e-15
54 +0 +0 +0 +9.121351e-15
55 +0 +0 +0 +1.229294e-13
56 +0 +0 +0 +8.775286e-14
57 +0 +0 +0 +7.423898e-14
58 +0 +0 +0 +1.177393e-13
59 +0 +0 +0 -7.722119e-14
60 +0 +0 +0 -9.987150e-14
61 +0 +0 +0 -7.181262e-14
62 +0 +0 +0 -7.913298e-14
63 +0 +0 +0 -7.420020e-14
