0 +0 +0 +0 +1.352678e-08
1 +0 +0 +0 +2.349437e-08
2 +0 +0 +0 +1.308115e-08
3 +0 +0 +0 +7.688527e-09
4 +0 +0 +0 +4.830799e-09
5 +0 +0 +0 +3.026322e-09
6 +0 +0 +0 +1.970985e-09
7 +0 +0 +0 +1.292394e-09
8 +0 +0 +0 +8.502225e-10
9 +0 +0 +0 +5.538183e-10
10 +0 +0 +0 +3.643723e-10
11 +0 +0 +0 +2.356357e-10
12 +0 +0 +0 +1.631149e-10
13 +0 +0 +0 +1.162632e-10
14 +0 +0 +0 +7.774564e-11
15 +0 +0 +0 +5.407521e-11
16 +0 +0 +0 +3.600261e-11
17 +0 +0 +0 +2.197042e-11
18 +0 +0 +0 +1.059300e-11
19 +0 +0 +0 +5.159766e-12
20 +0 +0 +0 +1.713753e-12
21 +0 +0 +0 -4.057257e-13
22 +0 +0 +0 -1.183127e-13
23 +0 +0 +0 -7.716031e-13
24 +0 +0 +0 -8.115851e-13
25 +0 +0 +0 -9.099618e-13
26 +0 +0 +0 -7.201255e-13
27 +0 +0 +0 -8.180192e-13
28 +0 +0 +0 -9.370969e-13
29 +0 +0 +0 -5.541307e-13
30 +0 +0 +0 -9.572324e-14
31 +0 +0 +0 +6.512396e-14
32 +0 +0 +0 +9.299196e-13
33 +0 +0 +0 +9.751471e-13
34 +0 +0 +0 +7.245616e-13
35 +0 +0 +0 +7.488148e-13
36 +0 +0 +0 +1.182360e-12
37 +0 +0 +0 +9.000737e-13
38 +0 +0 +0 +5.092974e-13
39 +0 +0 +0 +5.756644e-13
40 +0 +0 +0 +6.975381e-13
41 +0 +0 +0 +5.722966e-13
42 +0 +0 +0 +6.383736e-13
43 +0 +0 +0 +7.783768e-13
44 +0 +0 +0 +5.543558e-13
45 +0 +0 +0 +4.682101e-13
46 +0 +0 +0 +3.203280e-13
47 +0 +0 +0 -5.228652e-15
48 +0 +0 +0 +1.045622e-13
49 +0 +0 +0 -1.202245e-13
50 +0 +0 +0 -1.239664e-13
51 +0 +0 +0 -1.290928e-13
52 +0 +0 +0 -2.637753e-14
53 +0 +0 +0 -6.789469e-14
54 +0 +0 +0 +5.992255e-14
55 +0 +0 +0 +1.366335e-13
56 +0 +0 +0 +1.601533e-13
57 +0 +0 +0 +1.566867e-13
58 +0 +0 +0 +2.134274e-14
59 +0 +0 +0 +5.007352e-15
60 +0 +0 +0 +4.253920e-14
61 +0 +0 +0 -5.453364e-15
62 +0 +0 +0 -4.045512e-14
63 +0 +0 +0 -1.689370e-14
