0 +0 +0 +0 +1.281989e-08
1 +0 +0 +0 +2.364361e-08
2 +0 +0 +0 +1.307115e-08
3 +0 +0 +0 +7.576676e-09
4 +0 +0 +0 +4.678186e-09
5 +0 +0 +0 +2.956317e-09
6 +0 +0 +0 +1.905821e-09
7 +0 +0 +0 +1.263289e-09
8 +0 +0 +0 +8.647972e-10
9 +0 +0 +0 +5.674737e-10
10 +0 +0 +0 +3.752017e-10
11 +0 +0 +0 +2.395688e-10
12 +0 +0 +0 +1.609606e-10
13 +0 +0 +0 +1.078595e-10
14 +0 +0 +0 +7.096072e-11
15 +0 +0 +0 +4.997373e-11
16 +0 +0 +0 +3.625275e-11
17 +0 +0 +0 +2.091855e-11
18 +0 +0 +0 +1.518593e-11
19 +0 +0 +0 +8.072292e-12
20 +0 +0 +0 +6.463482e-12
21 +0 +0 +0 +4.602391e-12
22 +0 +0 +0 +3.042327e-12
23 +0 +0 +0 +1.842093e-12
24 +0 +0 +0 +8.578755e-13
25 +0 +0 +0 +1.120074e-12
26 +0 +0 +0 +9.765753e-13
27 +0 +0 +0 +1.779949e-13
28 +0 +0 +0 -2.809770e-13
29 +0 +0 +0 -1.080774e-12
30 +0 +0 +0 -9.571533e-13
31 +0 +0 +0 -7.455989e-13
32 +0 +0 +0 -4.771337e-13
33 +0 +0 +0 -1.810855e-13
34 +0 +0 +0 +9.985356e-14
35 +0 +0 +0 +2.447968e-13
36 +0 +0 +0 +2.718075e-13
37 +0 +0 +0 -2.933757e-14
38 +0 +0 +0 -8.293780e-14
39 +0 +0 +0 +1.427645e-14
40 +0 +0 +0 +1.052320e-13
41 +0 +0 +0 +2.496930e-15
42 +0 +0 +0 -2.477372e-13
43 +0 +0 +0 -2.214318e-13
44 +0 +0 +0 -2.483009e-13
45 +0 +0 +0 -9.808727e-14
46 +0 +0 +0 -1.508129e-13
47 +0 +0 +0 -1.461658e-13
48 +0 +0 +0 -8.264137e-14
49 +0 +0 +0 -4.102301e-14
50 +0 +0 +0 -7.538129e-14
51 +0 +0 +0 -1.283165e-13
52 +0 +0 +0 -1.741933e-13
53 +0 +0 +0 -1.655903e-13
54 +0 +0 +0 -2.080397e-13
55 +0 +0 +0 -1.713741e-13
56 +0 +0 +0 -1.768555e-13
57 +0 +0 +0 -2.088732e-14
58 +0 +0 +0 -1.261509e-13
59 +0 +0 +0 -8.097569e-14
60 +0 +0 +0 -1.337448e-13
61 +0 +0 +0 -1.034441e-13
62 +0 +0 +0 -9.112354e-14
63 +0 +0 +0 +2.671389e-14
