0 +0 +0 +0 +1.363843e-08
1 +0 +0 +0 +2.510500e-08
2 +0 +0 +0 +1.372624e-08
3 +0 +0 +0 +7.998344e-09
4 +0 +0 +0 +4.927836e-09
5 +0 +0 +0 +3.133783e-09
6 +0 +0 +0 +2.067040e-09
7 +0 +0 +0 +1.337021e-09
8 +0 +0 +0 +8.817951e-10
9 +0 +0 +0 +5.960246e-10
10 +0 +0 +0 +3.763192e-10
11 +0 +0 +0 +2.345019e-10
12 +0 +0 +0 +1.624810e-10
13 +0 +0 +0 +1.076189e-10
14 +0 +0 +0 +7.346452e-11
15 +0 +0 +0 +4.909797e-11
16 +0 +0 +0 +3.550400e-11
17 +0 +0 +0 +2.288414e-11
18 +0 +0 +0 +1.682929e-11
19 +0 +0 +0 +1.187667e-11
20 +0 +0 +0 +5.483897e-12
21 +0 +0 +0 +3.259112e-12
22 +0 +0 +0 -3.348123e-13
23 +0 +0 +0 -1.406962e-12
24 +0 +0 +0 -1.656479e-12
25 +0 +0 +0 -7.348844e-13
26 +0 +0 +0 +8.256598e-13
27 +0 +0 +0 +9.281119e-13
28 +0 +0 +0 +9.698074e-13
29 +0 +0 +0 +1.168360e-12
30 +0 +0 +0 +1.522941e-12
31 +0 +0 +0 +1.274097e-12
32 +0 +0 +0 +8.881980e-13
33 +0 +0 +0 +5.990449e-13
34 +0 +0 +0 +6.803668e-13
35 +0 +0 +0 +3.007745e-13
36 +0 +0 +0 +7.201644e-13
37 +0 +0 +0 +1.667254e-13
38 +0 +0 +0 +2.222174e-13
39 +0 +0 +0 +1.522871e-13
40 +0 +0 +0 +1.585981e-13
41 +0 +0 +0 +1.794199e-13
42 +0 +0 +0 +3.870530e-13
43 +0 +0 +0 +1.311426e-13
44 +0 +0 +0 +5.887143e-14
45 +0 +0 +0 +1.308520e-14
46 +0 +0 +0 -5.830544e-14
47 +0 +0 +0 -2.095899e-15
48 +0 +0 +0 -1.089008e-13
49 +0 +0 +0 -1.147669e-13
50 +0 +0 +0 +9.590961e-14
51 +0 +0 +0 +1.915064e-14
52 +0 +0 +0 -8.645249e-14
53 +0 +0 +0 -1.325047e-13
54 +0 +0 +0 -2.632621e-13
55 +0 +0 +0 -2.006672e-14
56 +0 +0 +0 -2.754516e-14
57 +0 +0 +0 +1.969930e-14
58 +0 +0 +0 -8.295069e-14
59 +0 +0 +0 -1.008444e-13
60 +0 +0 +0 -2.157058e-14
61 +0 +0 +0 +3.285729e-14
62 +0 +0 +0 -9.379585e-14
63 +0 +0 +0 -1.739121e-13
