0 +0 +0 +0 +1.306071e-08
1 +0 +0 +0 +2.475930e-08
2 +0 +0 +0 +1.393856e-08
3 +0 +0 +0 +8.218589e-09
4 +0 +0 +0 +5.102994e-09
5 +0 +0 +0 +3.295018e-09
6 +0 +0 +0 +2.137353e-09
7 +0 +0 +0 +1.427721e-09
8 +0 +0 +0 +9.402766e-10
9 +0 +0 +0 +5.995164e-10
10 +0 +0 +0 +4.120528e-10
11 +0 +0 +0 +2.677513e-10
12 +0 +0 +0 +1.740902e-10
13 +0 +0 +0 +1.199511e-10
14 +0 +0 +0 +8.292362e-11
15 +0 +0 +0 +5.408596e-11
16 +0 +0 +0 +3.728066e-11
17 +0 +0 +0 +2.603932e-11
18 +0 +0 +0 +1.766483e-11
19 +0 +0 +0 +1.004529e-11
20 +0 +0 +0 +7.567496e-12
21 +0 +0 +0 +6.043992e-12
22 +0 +0 +0 +4.041114e-12
23 +0 +0 +0 +2.502631e-12
24 +0 +0 +0 +1.397117e-12
25 +0 +0 +0 +8.991878e-13
26 +0 +0 +0 -2.036383e-13
27 +0 +0 +0 -3.475915e-13
28 +0 +0 +0 -1.107736e-13
29 +0 +0 +0 -3.725467e-13
30 +0 +0 +0 -1.690454e-13
31 +0 +0 +0 +7.944020e-14
32 +0 +0 +0 -2.860760e-13
33 +0 +0 +0 -3.914462e-13
34 +0 +0 +0 -7.424493e-13
35 +0 +0 +0 -2.173477e-13
36 +0 +0 +0 -4.687587e-13
37 +0 +0 +0 -5.494495e-13
38 +0 +0 +0 -7.025346e-13
39 +0 +0 +0 -7.524632e-13
40 +0 +0 +0 -7.173780e-13
41 +0 +0 +0 -4.807535e-13
42 +0 +0 +0 -4.694609e-13
43 +0 +0 +0 -3.715082e-13
44 +0 +0 +0 -3.230109e-13
45 +0 +0 +0 -2.657040e-13
46 +0 +0 +0 -2.135468e-13
47 +0 +0 +0 -2.573511e-14
48 +0 +0 +0 -1.397897e-14
49 +0 +0 +0 -1.730262e-13
50 +0 +0 +0 +3.094535e-14
51 +0 +0 +0 +3.164736e-14
52 +0 +0 +0 +9.350738e-14
53 +0 +0 +0 -1.499092e-13
54 +0 +0 +0 -6.227109e-14
55 +0 +0 +0 +2.765798e-14
56 +0 +0 +0 -3.859495e-14
57 +0 +0 +0 -8.159557e-15
58 +0 +0 +0 +2.418384e-14
59 +0 +0 +0 +3.578429e-14
60 +0 +0 +0 +2.766640e-14
61 +0 +0 +0 +6.276578e-14
62 +0 +0 +0 +1.473107e-13
63 +0 +0 +0 +8.711710e-14
