0 +0 +0 +0 +1.238926e-08
1 +0 +0 +0 +2.402893e-08
2 +0 +0 +0 +1.329457e-08
3 +0 +0 +0 +7.931261e-09
4 +0 +0 +0 +4.963427e-09
5 +0 +0 +0 +3.168116e-09
6 +0 +0 +0 +2.068332e-09
7 +0 +0 +0 +1.395838e-09
8 +0 +0 +0 +9.198043e-10
9 +0 +0 +0 +6.164901e-10
10 +0 +0 +0 +4.081787e-10
11 +0 +0 +0 +2.709890e-10
12 +0 +0 +0 +1.824115e-10
13 +0 +0 +0 +1.176467e-10
14 +0 +0 +0 +8.011909e-11
15 +0 +0 +0 +5.040213e-11
16 +0 +0 +0 +3.321884e-11
17 +0 +0 +0 +2.285019e-11
18 +0 +0 +0 +1.625627e-11
19 +0 +0 +0 +8.848984e-12
20 +0 +0 +0 +4.078927e-12
21 +0 +0 +0 +8.287672e-13
22 +0 +0 +0 +4.015002e-13
23 +0 +0 +0 -1.289100e-12
24 +0 +0 +0 -1.214208e-12
25 +0 +0 +0 -1.117493e-12
26 +0 +0 +0 -1.469580e-12
27 +0 +0 +0 -1.579053e-12
28 +0 +0 +0 -5.060455e-13
29 +0 +0 +0 -1.818511e-12
30 +0 +0 +0 -1.781960e-12
31 +0 +0 +0 -1.329856e-12
32 +0 +0 +0 -8.132717e-13
33 +0 +0 +0 -5.388953e-14
34 +0 +0 +0 +4.953471e-14
35 +0 +0 +0 +2.501668e-13
36 +0 +0 +0 +4.029985e-13
37 +0 +0 +0 +5.093117e-13
38 +0 +0 +0 +1.002098e-12
39 +0 +0 +0 +9.774599e-13
40 +0 +0 +0 +6.952841e-13
41 +0 +0 +0 +5.117175e-13
42 +0 +0 +0 +2.373165e-13
43 +0 +0 +0 +1.621137e-14
44 +0 +0 +0 -7.351434e-14
45 +0 +0 +0 -2.348111e-13
46 +0 +0 +0 -2.108929e-13
47 +0 +0 +0 -2.849668e-13
48 +0 +0 +0 -2.118843e-13
49 +0 +0 +0 -2.496022e-13
50 +0 +0 +0 -2.152021e-13
51 +0 +0 +0 -1.446891e-13
52 +0 +0 +0 -2.440831e-14
53 +0 +0 +0 +2.155028e-14
54 +0 +0 +0 +1.114622e-14
55 +0 +0 +0 +8.685105e-14
56 +0 +0 +0 +1.019560e-13
57 +0 +0 +0 +2.721444e-14
58 +0 +0 +0 +8.694729e-14
59 +0 +0 +0 +6.704597e-14
60 +0 +0 +0 -1.165201e-14
61 +0 +0 +0 -3.437538e-14
62 +0 +0 +0 -8.129357e-14
63 +0 +0 +0 -1.016179e-13
