0 +0 +0 +0 +1.325345e-08
1 +0 +0 +0 +2.394439e-08
2 +0 +0 +0 +1.324427e-08
3 +0 +0 +0 +7.935291e-09
4 +0 +0 +0 +4.914833e-09
5 +0 +0 +0 +3.214743e-09
6 +0 +0 +0 +2.122833e-09
7 +0 +0 +0 +1.421657e-09
8 +0 +0 +0 +8.998503e-10
9 +0 +0 +0 +5.923764e-10
10 +0 +0 +0 +3.997129e-10
11 +0 +0 +0 +2.571936e-10
12 +0 +0 +0 +1.741758e-10
13 +0 +0 +0 +1.116419e-10
14 +0 +0 +0 +7.157459e-11
15 +0 +0 +0 +5.034042e-11
16 +0 +0 +0 +3.369907e-11
17 +0 +0 +0 +2.124256e-11
18 +0 +0 +0 +1.441603e-11
19 +0 +0 +0 +6.498852e-12
20 +0 +0 +0 +4.150872e-12
21 +0 +0 +0 +1.856738e-12
22 +0 +0 +0 +1.076017e-12
23 +0 +0 +0 +2.727051e-13
24 +0 +0 +0 +1.555322e-12
25 +0 +0 +0 +2.371774e-12
26 +0 +0 +0 +2.352356e-12
27 +0 +0 +0 +1.491527e-12
28 +0 +0 +0 +9.959521e-13
29 +0 +0 +0 +4.201267e-14
30 +0 +0 +0 -1.589825e-14
31 +0 +0 +0 -6.781658e-14
32 +0 +0 +0 +1.861570e-13
33 +0 +0 +0 -3.981437e-13
34 +0 +0 +0 +1.090948e-13
35 +0 +0 +0 -3.059197e-13
36 +0 +0 +0 -6.476321e-13
37 +0 +0 +0 -4.579977e-13
38 +0 +0 +0 -2.777058e-13
39 +0 +0 +0 +5.727250e-14
40 +0 +0 +0 +2.684357e-13
41 +0 +0 +0 -2.852552e-14
42 +0 +0 +0 -1.744527e-13
43 +0 +0 +0 -3.306758e-13
44 +0 +0 +0 +4.962014e-14
45 +0 +0 +0 -2.507719e-13
46 +0 +0 +0 -2.746456e-13
47 +0 +0 +0 -2.011717e-13
48 +0 +0 +0 -2.510803e-13
49 +0 +0 +0 -1.556404e-13
50 +0 +0 +0 -1.217987e-13
51 +0 +0 +0 -1.308903e-13
52 +0 +0 +0 -5.553158e-14
53 +0 +0 +0 -1.923870e-13
54 +0 +0 +0 -1.363367e-13
55 +0 +0 +0 -6.394376e-16
56 +0 +0 +0 -1.063955e-14
57 +0 +0 +0 -4.407796e-14
58 +0 +0 +0 -1.393781e-13
59 +0 +0 +0 -1.576309e-13
60 +0 +0 +0 -1.378363e-13
61 +0 +0 +0 -1.159110e-13
62 +0 +0 +0 -1.266116e-14
63 +0 +0 +0 -4.767816e-14
