0 +0 +0 +0 +1.299882e-08
1 +0 +0 +0 +2.357302e-08
2 +0 +0 +0 +1.325660e-08
3 +0 +0 +0 +7.907849e-09
4 +0 +0 +0 +4.920507e-09
5 +0 +0 +0 +3.214390e-09
6 +0 +0 +0 +2.126826e-09
7 +0 +0 +0 +1.399116e-09
8 +0 +0 +0 +9.363668e-10
9 +0 +0 +0 +6.341265e-10
10 +0 +0 +0 +4.239549e-10
11 +0 +0 +0 +2.899388e-10
12 +0 +0 +0 +1.962710e-10
13 +0 +0 +0 +1.314056e-10
14 +0 +0 +0 +9.245265e-11
15 +0 +0 +0 +6.227950e-11
16 +0 +0 +0 +4.190159e-11
17 +0 +0 +0 +2.696398e-11
18 +0 +0 +0 +1.842359e-11
19 +0 +0 +0 +1.049338e-11
20 +0 +0 +0 +5.708453e-12
21 +0 +0 +0 +2.354277e-12
22 +0 +0 +0 +7.893136e-13
23 +0 +0 +0 +2.288855e-12
24 +0 +0 +0 +1.245834e-12
25 +0 +0 +0 -2.054059e-13
26 +0 +0 +0 +5.929256e-13
27 +0 +0 +0 -7.341994e-13
28 +0 +0 +0 -1.135130e-12
29 +0 +0 +0 -5.244858e-13
30 +0 +0 +0 -8.131810e-13
31 +0 +0 +0 -9.136921e-13
32 +0 +0 +0 -6.526738e-13
33 +0 +0 +0 +6.060722e-14
34 +0 +0 +0 +4.533500e-13
35 +0 +0 +0 +2.920215e-13
36 +0 +0 +0 +2.995583e-13
37 +0 +0 +0 +2.214735e-14
38 +0 +0 +0 -6.184969e-14
39 +0 +0 +0 -2.421465e-13
40 +0 +0 +0 -5.232643e-14
41 +0 +0 +0 -1.576456e-13
42 +0 +0 +0 -2.858112e-13
43 +0 +0 +0 -1.057387e-13
44 +0 +0 +0 +4.036693e-14
45 +0 +0 +0 -1.026278e-13
46 +0 +0 +0 -1.616303e-13
47 +0 +0 +0 -8.869175e-14
48 +0 +0 +0 -1.103058e-13
49 +0 +0 +0 -5.029553e-14
50 +0 +0 +0 -6.942274e-14
51 +0 +0 +0 -1.266655e-13
52 +0 +0 +0 -4.187498e-14
53 +0 +0 +0 +4.632180e-15
54 +0 +0 +0 -4.516369e-14
55 +0 +0 +0 -9.996869e-14
56 +0 +0 +0 -8.884049e-14
57 +0 +0 +0 -2.481438e-14
58 +0 +0 +0 +4.415436e-15
59 +0 +0 +0 -6.179330e-15
60 +0 +0 +0 +2.233565e-14
61 +0 +0 +0 -4.647968e-14
62 +0 +0 +0 +5.024627e-14
63 +0 +0 +0 +1.077157e-13
