0 +0 +0 +0 +1.323882e-08
1 +0 +0 +0 +2.477829e-08
2 +0 +0 +0 +1.380467e-08
3 +0 +0 +0 +8.108718e-09
4 +0 +0 +0 +4.983903e-09
5 +0 +0 +0 +3.226936e-09
6 +0 +0 +0 +2.103033e-09
7 +0 +0 +0 +1.400814e-09
8 +0 +0 +0 +9.214491e-10
9 +0 +0 +0 +6.223995e-10
10 +0 +0 +0 +4.125470e-10
11 +0 +0 +0 +2.719656e-10
12 +0 +0 +0 +1.871672e-10
13 +0 +0 +0 +1.221529e-10
14 +0 +0 +0 +8.570978e-11
15 +0 +0 +0 +5.805668e-11
16 +0 +0 +0 +3.731318e-11
17 +0 +0 +0 +2.636218e-11
18 +0 +0 +0 +1.628876e-11
19 +0 +0 +0 +9.866501e-12
20 +0 +0 +0 +8.359133e-12
21 +0 +0 +0 +6.549281e-12
22 +0 +0 +0 +5.840566e-12
23 +0 +0 +0 +4.697318e-12
24 +0 +0 +0 +3.942960e-12
25 +0 +0 +0 +3.745629e-12
26 +0 +0 +0 +3.169885e-12
27 +0 +0 +0 +2.041018e-12
28 +0 +0 +0 +1.094239e-12
29 +0 +0 +0 +1.387445e-13
30 +0 +0 +0 -2.477663e-13
31 +0 +0 +0 +9.527607e-14
32 +0 +0 +0 +1.815811e-13
33 +0 +0 +0 +5.897931e-13
34 +0 +0 +0 +1.274274e-13
35 +0 +0 +0 -2.660480e-13
36 +0 +0 +0 -4.267662e-13
37 +0 +0 +0 -1.628114e-13
38 +0 +0 +0 +1.715254e-13
39 +0 +0 +0 +9.248755e-14
40 +0 +0 +0 +2.749617e-13
41 +0 +0 +0 +5.538008e-14
42 +0 +0 +0 +1.170853e-13
43 +0 +0 +0 -1.048673e-13
44 +0 +0 +0 -2.191541e-13
45 +0 +0 +0 +2.236465e-14
46 +0 +0 +0 +3.458724e-14
47 +0 +0 +0 +7.993900e-14
48 +0 +0 +0 -2.755003e-15
49 +0 +0 +0 +1.677154e-14
50 +0 +0 +0 -2.270048e-14
51 +0 +0 +0 +1.093131e-13
52 +0 +0 +0 +9.045102e-14
53 +0 +0 +0 +6.027923e-14
54 +0 +0 +0 +2.713642e-14
55 +0 +0 +0 -1.376283e-13
56 +0 +0 +0 -1.575666e-13
57 +0 +0 +0 -7.232354e-15
58 +0 +0 +0 +3.983019e-14
59 +0 +0 +0 -6.436466e-14
60 +0 +0 +0 -5.170644e-14
61 +0 +0 +0 -1.373235e-14
62 +0 +0 +0 -4.492243e-14
63 +0 +0 +0 -7.242632e-14
