0 +0 +0 +0 +1.262775e-08
1 +0 +0 +0 +2.369332e-08
2 +0 +0 +0 +1.315607e-08
3 +0 +0 +0 +7.651308e-09
4 +0 +0 +0 +4.762859e-09
5 +0 +0 +0 +3.057741e-09
6 +0 +0 +0 +2.001902e-09
7 +0 +0 +0 +1.292352e-09
8 +0 +0 +0 +8.615072e-10
9 +0 +0 +0 +5.676530e-10
10 +0 +0 +0 +3.713345e-10
11 +0 +0 +0 +2.572304e-10
12 +0 +0 +0 +1.708902e-10
13 +0 +0 +0 +1.171576e-10
14 +0 +0 +0 +7.834652e-11
15 +0 +0 +0 +5.200989e-11
16 +0 +0 +0 +4.015264e-11
17 +0 +0 +0 +2.762056e-11
18 +0 +0 +0 +1.721125e-11
19 +0 +0 +0 +1.311952e-11
20 +0 +0 +0 +1.014548e-11
21 +0 +0 +0 +6.952372e-12
22 +0 +0 +0 +7.172794e-12
23 +0 +0 +0 +5.140698e-12
24 +0 +0 +0 +4.850398e-12
25 +0 +0 +0 +1.964141e-12
26 +0 +0 +0 +8.827962e-13
27 +0 +0 +0 +2.874711e-13
28 +0 +0 +0 +1.436912e-12
29 +0 +0 +0 +1.666238e-12
30 +0 +0 +0 +1.908596e-12
31 +0 +0 +0 +1.497671e-12
32 +0 +0 +0 +1.056856e-12
33 +0 +0 +0 +9.883080e-13
34 +0 +0 +0 +7.583327e-13
35 +0 +0 +0 +5.545186e-13
36 +0 +0 +0 -8.839211e-14
37 +0 +0 +0 -2.132625e-13
38 +0 +0 +0 -2.963204e-13
39 +0 +0 +0 -2.248158e-13
40 +0 +0 +0 -1.175493e-14
41 +0 +0 +0 -1.270047e-13
42 +0 +0 +0 -3.025517e-13
43 +0 +0 +0 -7.729862e-14
44 +0 +0 +0 +1.586404e-13
45 +0 +0 +0 +3.231067e-13
46 +0 +0 +0 +1.724997e-13
47 +0 +0 +0 +1.311740e-13
48 +0 +0 +0 +1.336873e-13
49 +0 +0 +0 +1.780735e-13
50 +0 +0 +0 -7.669092e-15
51 +0 +0 +0 +6.279026e-14
52 +0 +0 +0 -6.712921e-14
53 +0 +0 +0 -1.254422e-13
54 +0 +0 +0 -1.606688e-13
55 +0 +0 +0 -2.159023e-13
56 +0 +0 +0 -2.152969e-13
57 +0 +0 +0 -1.189193e-13
58 +0 +0 +0 -7.716532e-14
59 +0 +0 +0 -7.339746e-14
60 +0 +0 +0 -7.116923e-14
61 +0 +0 +0 +2.048300e-14
62 +0 +0 +0 -6.967992e-14
63 +0 +0 +0 -5.530711e-14
