0 +0 +0 +0 +1.263148e-08
1 +0 +0 +0 +2.338704e-08
2 +0 +0 +0 +1.284813e-08
3 +0 +0 +0 +7.481247e-09
4 +0 +0 +0 +4.583223e-09
5 +0 +0 +0 +2.973606e-09
6 +0 +0 +0 +1.930880e-09
7 +0 +0 +0 +1.289108e-09
8 +0 +0 +0 +8.581099e-10
9 +0 +0 +0 +5.590389e-10
10 +0 +0 +0 +3.749794e-10
11 +0 +0 +0 +2.554633e-10
12 +0 +0 +0 +1.710256e-10
13 +0 +0 +0 +1.137894e-10
14 +0 +0 +0 +7.333528e-11
15 +0 +0 +0 +4.570389e-11
16 +0 +0 +0 +2.891733e-11
17 +0 +0 +0 +1.960353e-11
18 +0 +0 +0 +1.548025e-11
19 +0 +0 +0 +8.808545e-12
20 +0 +0 +0 +6.135850e-12
21 +0 +0 +0 +2.224673e-12
22 +0 +0 +0 +4.551601e-13
23 +0 +0 +0 +8.256588e-13
24 +0 +0 +0 +1.059969e-13
25 +0 +0 +0 +7.564334e-13
26 +0 +0 +0 +1.749875e-13
27 +0 +0 +0 +4.437599e-13
28 +0 +0 +0 +2.874520e-13
29 +0 +0 +0 -3.755854e-13
30 +0 +0 +0 -5.254092e-13
31 +0 +0 +0 -5.278036e-13
32 +0 +0 +0 +2.663958e-13
33 +0 +0 +0 +1.492835e-13
34 +0 +0 +0 +8.534888e-13
35 +0 +0 +0 +7.211016e-13
36 +0 +0 +0 +8.817740e-13
37 +0 +0 +0 +7.144666e-13
38 +0 +0 +0 +2.358935e-13
39 +0 +0 +0 +9.418461e-14
40 +0 +0 +0 -3.728578e-14
41 +0 +0 +0 +2.227896e-14
42 +0 +0 +0 +1.798417e-13
43 +0 +0 +0 +2.631807e-13
44 +0 +0 +0 +6.118290e-14
45 +0 +0 +0 +3.437054e-14
46 +0 +0 +0 +7.779019e-14
47 +0 +0 +0 +6.747240e-14
48 +0 +0 +0 +5.193156e-14
49 +0 +0 +0 +2.561012e-14
50 +0 +0 +0 +4.998438e-14
51 +0 +0 +0 -1.856055e-13
52 +0 +0 +0 -2.376517e-13
53 +0 +0 +0 -2.155041e-13
54 +0 +0 +0 -3.544121e-14
55 +0 +0 +0 +4.263957e-15
56 +0 +0 +0 -7.107490e-14
57 +0 +0 +0 +1.438719e-14
58 +0 +0 +0 +6.700305e-14
59 +0 +0 +0 +8.484546e-14
60 +0 +0 +0 +2.454459e-15
61 +0 +0 +0 +1.273214e-14
62 +0 +0 +0 -1.672653e-13
63 +0 +0 +0 -1.478798e-13
