0 +0 +0 +0 +1.287491e-08
1 +0 +0 +0 +2.337614e-08
2 +0 +0 +0 +1.280693e-08
3 +0 +0 +0 +7.556451e-09
4 +0 +0 +0 +4.659820e-09
5 +0 +0 +0 +2.927357e-09
6 +0 +0 +0 +1.836816e-09
7 +0 +0 +0 +1.236216e-09
8 +0 +0 +0 +8.395289e-10
9 +0 +0 +0 +5.531663e-10
10 +0 +0 +0 +3.752996e-10
11 +0 +0 +0 +2.569541e-10
12 +0 +0 +0 +1.723303e-10
13 +0 +0 +0 +1.193606e-10
14 +0 +0 +0 +8.001223e-11
15 +0 +0 +0 +5.117732e-11
16 +0 +0 +0 +3.484971e-11
17 +0 +0 +0 +2.154024e-11
18 +0 +0 +0 +1.423362e-11
19 +0 +0 +0 +8.655385e-12
20 +0 +0 +0 +5.785589e-12
21 +0 +0 +0 +4.104862e-12
22 +0 +0 +0 +1.746861e-12
23 +0 +0 +0 +2.019318e-12
24 +0 +0 +0 +1.468328e-12
25 +0 +0 +0 +1.142724e-12
26 +0 +0 +0 +1.443840e-12
27 +0 +0 +0 +1.222639e-12
28 +0 +0 +0 +1.111576e-12
29 +0 +0 +0 +1.064554e-12
30 +0 +0 +0 +5.687471e-13
31 +0 +0 +0 +2.287665e-13
32 +0 +0 +0 +8.419827e-14
33 +0 +0 +0 +3.219900e-13
34 +0 +0 +0 +4.553181e-15
35 +0 +0 +0 +3.386217e-13
36 +0 +0 +0 +1.728528e-13
37 +0 +0 +0 -2.791282e-13
38 +0 +0 +0 -2.781739e-13
39 +0 +0 +0 -1.835714e-14
40 +0 +0 +0 +8.792204e-14
41 +0 +0 +0 +2.393444e-13
42 +0 +0 +0 +3.682719e-13
43 +0 +0 +0 +2.932700e-13
44 +0 +0 +0 +3.130311e-13
45 +0 +0 +0 +3.097542e-13
46 +0 +0 +0 +2.403154e-13
47 +0 +0 +0 +2.022784e-13
48 +0 +0 +0 +7.328261e-14
49 +0 +0 +0 +5.739633e-14
50 +0 +0 +0 +2.052195e-13
51 +0 +0 +0 +2.644302e-13
52 +0 +0 +0 -4.877081e-14
53 +0 +0 +0 -7.983588e-14
54 +0 +0 +0 -5.356668e-14
55 +0 +0 +0 -4.328614e-14
56 +0 +0 +0 +5.998504e-15
57 +0 +0 +0 +4.390008e-14
58 +0 +0 +0 +7.862135e-15
59 +0 +0 +0 -6.379889e-14
60 +0 +0 +0 -1.351179e-14
61 +0 +0 +0 -4.884486e-14
62 +0 +0 +0 +1.772837e-14
63 +0 +0 +0 -1.893463e-14
