0 +0 +0 +0 +1.293826e-08
1 +0 +0 +0 +2.427563e-08
2 +0 +0 +0 +1.374190e-08
3 +0 +0 +0 +7.896115e-09
4 +0 +0 +0 +5.082177e-09
5 +0 +0 +0 +3.215500e-09
6 +0 +0 +0 +2.114931e-09
7 +0 +0 +0 +1.426339e-09
8 +0 +0 +0 +9.565039e-10
9 +0 +0 +0 +6.282995e-10
10 +0 +0 +0 +4.245550e-10
11 +0 +0 +0 +2.852403e-10
12 +0 +0 +0 +1.891747e-10
13 +0 +0 +0 +1.285061e-10
14 +0 +0 +0 +9.097031e-11
15 +0 +0 +0 +6.103007e-11
16 +0 +0 +0 +4.067441e-11
17 +0 +0 +0 +2.711247e-11
18 +0 +0 +0 +1.904382e-11
19 +0 +0 +0 +1.190094e-11
20 +0 +0 +0 +9.355797e-12
21 +0 +0 +0 +6.715791e-12
22 +0 +0 +0 +4.786886e-12
23 +0 +0 +0 +3.688129e-12
24 +0 +0 +0 +2.996734e-12
25 +0 +0 +0 +2.299572e-12
26 +0 +0 +0 +2.518760e-12
27 +0 +0 +0 +1.784394e-12
28 +0 +0 +0 +1.636674e-12
29 +0 +0 +0 +1.801085e-12
30 +0 +0 +0 +1.068473e-12
31 +0 +0 +0 +1.137068e-12
32 +0 +0 +0 +1.013853e-12
33 +0 +0 +0 +5.511929e-13
34 +0 +0 +0 +8.870883e-13
35 +0 +0 +0 +5.530658e-13
36 +0 +0 +0 +4.974040e-13
37 +0 +0 +0 +6.336618e-13
38 +0 +0 +0 +4.182209e-13
39 +0 +0 +0 +3.993855e-13
40 +0 +0 +0 +4.812584e-13
41 +0 +0 +0 +2.719441e-13
42 +0 +0 +0 +4.194295e-13
43 +0 +0 +0 +1.812350e-13
44 +0 +0 +0 +4.245065e-13
45 +0 +0 +0 +2.814536e-13
46 +0 +0 +0 +2.570109e-13
47 +0 +0 +0 +2.534421e-13
48 +0 +0 +0 +1.277618e-13
49 +0 +0 +0 +3.328367e-13
50 +0 +0 +0 +2.770534e-13
51 +0 +0 +0 +2.197602e-13
52 +0 +0 +0 +3.843318e-13
53 +0 +0 +0 +3.278461e-13
54 +0 +0 +0 +2.658517e-13
55 +0 +0 +0 +3.408733e-13
56 +0 +0 +0 +2.675462e-13
57 +0 +0 +0 +1.518070e-13
58 +0 +0 +0 +7.194091e-14
59 +0 +0 +0 +1.674350e-13
60 +0 +0 +0 +1.564494e-13
61 +0 +0 +0 +2.146639e-13
62 +0 +0 +0 +1.743854e-13
63 +0 +0 +0 +1.044291e-13
