0 +0 +0 +0 +1.270617e-08
1 +0 +0 +0 +2.364277e-08
2 +0 +0 +0 +1.348295e-08
3 +0 +0 +0 +7.850664e-09
4 +0 +0 +0 +4.806788e-09
5 +0 +0 +0 +3.006414e-09
6 +0 +0 +0 +1.998237e-09
7 +0 +0 +0 +1.288439e-09
8 +0 +0 +0 +8.419213e-10
9 +0 +0 +0 +5.401832e-10
10 +0 +0 +0 +3.578246e-10
11 +0 +0 +0 +2.425491e-10
12 +0 +0 +0 +1.544546e-10
13 +0 +0 +0 +1.074348e-10
14 +0 +0 +0 +7.185865e-11
15 +0 +0 +0 +4.904638e-11
16 +0 +0 +0 +3.245606e-11
17 +0 +0 +0 +2.374479e-11
18 +0 +0 +0 +1.407865e-11
19 +0 +0 +0 +8.868420e-12
20 +0 +0 +0 +4.480753e-12
21 +0 +0 +0 +4.919334e-13
22 +0 +0 +0 -3.097354e-13
23 +0 +0 +0 +3.381494e-13
24 +0 +0 +0 -1.370898e-12
25 +0 +0 +0 -1.924234e-12
26 +0 +0 +0 -1.826332e-12
27 +0 +0 +0 -6.340830e-13
28 +0 +0 +0 +7.165948e-13
29 +0 +0 +0 +8.339413e-14
30 +0 +0 +0 +1.907277e-13
31 +0 +0 +0 +7.354782e-14
32 +0 +0 +0 +1.084922e-13
33 +0 +0 +0 +3.039095e-13
34 +0 +0 +0 +7.193397e-14
35 +0 +0 +0 +5.267832e-14
36 +0 +0 +0 -2.864467e-13
37 +0 +0 +0 +7.138281e-14
38 +0 +0 +0 +7.195226e-14
39 +0 +0 +0 -2.257309e-13
40 +0 +0 +0 -2.108240e-13
41 +0 +0 +0 -2.340693e-13
42 +0 +0 +0 -1.907631e-13
43 +0 +0 +0 +5.467638e-14
44 +0 +0 +0 +4.760029e-14
45 +0 +0 +0 +2.290876e-13
46 +0 +0 +0 +1.953291e-13
47 +0 +0 +0 +8.389334e-14
48 +0 +0 +0 +4.301436e-14
49 +0 +0 +0 +7.589080e-14
50 +0 +0 +0 +3.428722e-14
51 +0 +0 +0 +3.432061e-14
52 +0 +0 +0 +1.021920e-13
53 +0 +0 +0 +7.109831e-14
54 +0 +0 +0 -3.081298e-14
55 +0 +0 +0 -8.253659e-15
56 +0 +0 +0 -1.308693e-13
57 +0 +0 +0 -1.475200e-13
58 +0 +0 +0 -8.305102e-14
59 +0 +0 +0 -1.199146e-13
60 +0 +0 +0 -9.871583e-14
61 +0 +0 +0 -5.391721e-14
62 +0 +0 +0 -6.242894e-14
63 +0 +0 +0 -5.808984e-14
