0 +0 +0 +0 +1.257466e-08
1 +0 +0 +0 +2.394356e-08
2 +0 +0 +0 +1.311137e-08
3 +0 +0 +0 +7.664990e-09
4 +0 +0 +0 +4.725764e-09
5 +0 +0 +0 +2.976198e-09
6 +0 +0 +0 +1.889362e-09
7 +0 +0 +0 +1.244671e-09
8 +0 +0 +0 +8.154711e-10
9 +0 +0 +0 +5.524840e-10
10 +0 +0 +0 +3.615928e-10
11 +0 +0 +0 +2.346506e-10
12 +0 +0 +0 +1.561854e-10
13 +0 +0 +0 +1.039764e-10
14 +0 +0 +0 +7.184956e-11
15 +0 +0 +0 +4.863569e-11
16 +0 +0 +0 +2.835362e-11
17 +0 +0 +0 +1.957808e-11
18 +0 +0 +0 +8.475973e-12
19 +0 +0 +0 +5.370653e-12
20 +0 +0 +0 +4.430491e-12
21 +0 +0 +0 +4.084097e-12
22 +0 +0 +0 +1.075238e-12
23 +0 +0 +0 +7.549075e-13
24 +0 +0 +0 -3.011325e-14
25 +0 +0 +0 -2.073679e-12
26 +0 +0 +0 -1.636079e-12
27 +0 +0 +0 -1.637741e-12
28 +0 +0 +0 -1.091072e-12
29 +0 +0 +0 -1.050539e-12
30 +0 +0 +0 -5.285150e-13
31 +0 +0 +0 -6.357342e-13
32 +0 +0 +0 -5.244893e-13
33 +0 +0 +0 -4.909811e-13
34 +0 +0 +0 -2.064061e-13
35 +0 +0 +0 +1.655799e-13
36 +0 +0 +0 +3.968778e-13
37 +0 +0 +0 +6.019690e-13
38 +0 +0 +0 +1.682463e-13
39 +0 +0 +0 +4.668366e-13
40 +0 +0 +0 +1.985014e-13
41 +0 +0 +0 +3.290423e-14
42 +0 +0 +0 -2.732770e-14
43 +0 +0 +0 +1.050087e-13
44 +0 +0 +0 +8.228597e-14
45 +0 +0 +0 +1.101414e-13
46 +0 +0 +0 -3.224506e-14
47 +0 +0 +0 +5.598228e-14
48 +0 +0 +0 +2.696183e-13
49 +0 +0 +0 +3.038513e-13
50 +0 +0 +0 +3.237418e-13
51 +0 +0 +0 +1.597942e-13
52 +0 +0 +0 +7.693183e-14
53 +0 +0 +0 -1.129598e-15
54 +0 +0 +0 -2.753941e-14
55 +0 +0 +0 -1.018771e-13
56 +0 +0 +0 -9.124230e-14
57 +0 +0 +0 -2.440103e-14
58 +0 +0 +0 -1.484222e-13
59 +0 +0 +0 -2.111064e-13
60 +0 +0 +0 -1.283394e-13
61 +0 +0 +0 -1.582883e-13
62 +0 +0 +0 -9.547522e-14
63 +0 +0 +0 -1.045008e-13
