0 +0 +0 +0 +1.403219e-08
1 +0 +0 +0 +2.534408e-08
2 +0 +0 +0 +1.416309e-08
3 +0 +0 +0 +8.226562e-09
4 +0 +0 +0 +5.063701e-09
5 +0 +0 +0 +3.252846e-09
6 +0 +0 +0 +2.089772e-09
7 +0 +0 +0 +1.391963e-09
8 +0 +0 +0 +9.190016e-10
9 +0 +0 +0 +5.899564e-10
10 +0 +0 +0 +3.979001e-10
11 +0 +0 +0 +2.635559e-10
12 +0 +0 +0 +1.843095e-10
13 +0 +0 +0 +1.271739e-10
14 +0 +0 +0 +8.493228e-11
15 +0 +0 +0 +5.800028e-11
16 +0 +0 +0 +3.625309e-11
17 +0 +0 +0 +2.552534e-11
18 +0 +0 +0 +1.756300e-11
19 +0 +0 +0 +1.046011e-11
20 +0 +0 +0 +8.622649e-12
21 +0 +0 +0 +5.940132e-12
22 +0 +0 +0 +3.553808e-12
23 +0 +0 +0 +1.994361e-12
24 +0 +0 +0 +2.512970e-12
25 +0 +0 +0 +1.954747e-12
26 +0 +0 +0 +1.040706e-12
27 +0 +0 +0 +5.815974e-13
28 +0 +0 +0 -3.268537e-13
29 +0 +0 +0 -1.577026e-12
30 +0 +0 +0 -4.389030e-13
31 +0 +0 +0 -2.720451e-13
32 +0 +0 +0 +1.819510e-14
33 +0 +0 +0 +9.782433e-14
34 +0 +0 +0 -1.423607e-13
35 +0 +0 +0 -1.354244e-14
36 +0 +0 +0 +3.110842e-13
37 +0 +0 +0 +6.630713e-13
38 +0 +0 +0 +7.927948e-13
39 +0 +0 +0 +4.858360e-13
40 +0 +0 +0 +4.057079e-13
41 +0 +0 +0 +9.277619e-14
42 +0 +0 +0 +3.091371e-13
43 +0 +0 +0 +3.231663e-13
44 +0 +0 +0 +2.507944e-13
45 +0 +0 +0 +6.170940e-13
46 +0 +0 +0 +5.469807e-13
47 +0 +0 +0 +2.740420e-13
48 +0 +0 +0 +3.902066e-13
49 +0 +0 +0 +2.166423e-13
50 +0 +0 +0 -4.114290e-14
51 +0 +0 +0 -2.030718e-13
52 +0 +0 +0 -2.286701e-13
53 +0 +0 +0 -2.291868e-13
54 +0 +0 +0 -1.910855e-13
55 +0 +0 +0 -2.392756e-13
56 +0 +0 +0 -7.603065e-14
57 +0 +0 +0 -8.772722e-14
58 +0 +0 +0 +3.656754e-14
59 +0 +0 +0 +9.647919e-14
60 +0 +0 +0 +2.146700e-13
61 +0 +0 +0 +2.663717e-13
62 +0 +0 +0 +2.017462e-13
63 +0 +0 +0 +1.229009e-13
