0 +0 +0 +0 +1.340969e-08
1 +0 +0 +0 +2.463709e-08
2 +0 +0 +0 +1.345650e-08
3 +0 +0 +0 +7.979178e-09
4 +0 +0 +0 +4.955132e-09
5 +0 +0 +0 +3.193763e-09
6 +0 +0 +0 +2.022273e-09
7 +0 +0 +0 +1.319151e-09
8 +0 +0 +0 +8.687242e-10
9 +0 +0 +0 +6.059285e-10
10 +0 +0 +0 +4.091335e-10
11 +0 +0 +0 +2.854732e-10
12 +0 +0 +0 +1.947366e-10
13 +0 +0 +0 +1.296558e-10
14 +0 +0 +0 +8.789094e-11
15 +0 +0 +0 +5.979956e-11
16 +0 +0 +0 +4.228829e-11
17 +0 +0 +0 +2.905451e-11
18 +0 +0 +0 +1.900771e-11
19 +0 +0 +0 +1.447435e-11
20 +0 +0 +0 +1.018887e-11
21 +0 +0 +0 +6.267589e-12
22 +0 +0 +0 +4.034172e-12
23 +0 +0 +0 +2.440153e-12
24 +0 +0 +0 +3.220132e-12
25 +0 +0 +0 +3.076218e-12
26 +0 +0 +0 +2.773970e-12
27 +0 +0 +0 +2.357679e-12
28 +0 +0 +0 +9.719264e-13
29 +0 +0 +0 +1.102179e-12
30 +0 +0 +0 +1.269279e-12
31 +0 +0 +0 +4.398841e-13
32 +0 +0 +0 +7.463816e-13
33 +0 +0 +0 +5.337244e-13
34 +0 +0 +0 +8.271822e-13
35 +0 +0 +0 +9.633757e-13
36 +0 +0 +0 +6.907583e-13
37 +0 +0 +0 +9.871067e-13
38 +0 +0 +0 +8.371902e-13
39 +0 +0 +0 +9.209823e-13
40 +0 +0 +0 +7.428802e-13
41 +0 +0 +0 +9.915953e-13
42 +0 +0 +0 +7.397378e-13
43 +0 +0 +0 +5.283610e-13
44 +0 +0 +0 +5.183270e-13
45 +0 +0 +0 +4.462284e-13
46 +0 +0 +0 +5.552146e-13
47 +0 +0 +0 +3.993876e-13
48 +0 +0 +0 +2.839111e-13
49 +0 +0 +0 +3.293108e-13
50 +0 +0 +0 +1.697483e-13
51 +0 +0 +0 +3.367481e-13
52 +0 +0 +0 +2.716273e-13
53 +0 +0 +0 +2.022859e-13
54 +0 +0 +0 +1.239656e-13
55 +0 +0 +0 +1.924506e-13
56 +0 +0 +0 +9.713859e-14
57 +0 +0 +0 +1.252902e-13
58 +0 +0 +0 +1.855306e-13
59 +0 +0 +0 +9.545343e-14
60 +0 +0 +0 -2.246489e-14
61 +0 +0 +0 -5.625816e-14
62 +0 +0 +0 -1.378127e-13
63 +0 +0 +0 -3.132206e-13
