0 +0 +0 +0 +1.361247e-08
1 +0 +0 +0 +2.452893e-08
2 +0 +0 +0 +1.360134e-08
3 +0 +0 +0 +8.001981e-09
4 +0 +0 +0 +5.008895e-09
5 +0 +0 +0 +3.161096e-09
6 +0 +0 +0 +2.065853e-09
7 +0 +0 +0 +1.365295e-09
8 +0 +0 +0 +8.857658e-10
9 +0 +0 +0 +5.791988e-10
10 +0 +0 +0 +4.071853e-10
11 +0 +0 +0 +2.747813e-10
12 +0 +0 +0 +1.820168e-10
13 +0 +0 +0 +1.285598e-10
14 +0 +0 +0 +8.993679e-11
15 +0 +0 +0 +6.315570e-11
16 +0 +0 +0 +4.623339e-11
17 +0 +0 +0 +2.685835e-11
18 +0 +0 +0 +1.819281e-11
19 +0 +0 +0 +1.171863e-11
20 +0 +0 +0 +5.332137e-12
21 +0 +0 +0 +1.823039e-12
22 +0 +0 +0 +1.091765e-12
23 +0 +0 +0 +2.143602e-12
24 +0 +0 +0 +2.302308e-12
25 +0 +0 +0 +2.259636e-13
26 +0 +0 +0 +6.843837e-13
27 +0 +0 +0 +4.388006e-14
28 +0 +0 +0 -8.812946e-13
29 +0 +0 +0 -8.945519e-13
30 +0 +0 +0 -6.705823e-15
31 +0 +0 +0 -6.112671e-13
32 +0 +0 +0 -4.459609e-13
33 +0 +0 +0 +2.342796e-13
34 +0 +0 +0 +3.265123e-13
35 +0 +0 +0 +4.908700e-13
36 +0 +0 +0 +3.045640e-13
37 +0 +0 +0 +4.041838e-13
38 +0 +0 +0 +1.649366e-13
39 +0 +0 +0 -3.127105e-13
40 +0 +0 +0 -6.605600e-13
41 +0 +0 +0 -8.604152e-13
42 +0 +0 +0 -8.624781e-13
43 +0 +0 +0 -4.141910e-13
44 +0 +0 +0 -5.315003e-13
45 +0 +0 +0 -1.910031e-13
46 +0 +0 +0 -1.862057e-13
47 +0 +0 +0 -1.526855e-14
48 +0 +0 +0 -4.425854e-14
49 +0 +0 +0 +1.952127e-14
50 +0 +0 +0 +2.388786e-14
51 +0 +0 +0 +8.579415e-14
52 +0 +0 +0 -1.268645e-13
53 +0 +0 +0 -6.282534e-14
54 +0 +0 +0 -5.028307e-14
55 +0 +0 +0 -8.730329e-14
56 +0 +0 +0 -5.777424e-14
57 +0 +0 +0 +1.083797e-14
58 +0 +0 +0 -5.572025e-14
59 +0 +0 +0 +1.515305e-14
60 +0 +0 +0 +2.294465e-14
61 +0 +0 +0 -4.509623e-14
62 +0 +0 +0 +1.651798e-16
63 +0 +0 +0 -6.780957e-15
