0 +0 +0 +0 +1.252672e-08
1 +0 +0 +0 +2.384369e-08
2 +0 +0 +0 +1.337583e-08
3 +0 +0 +0 +7.704539e-09
4 +0 +0 +0 +4.778835e-09
5 +0 +0 +0 +2.961774e-09
6 +0 +0 +0 +1.898934e-09
7 +0 +0 +0 +1.238775e-09
8 +0 +0 +0 +8.387717e-10
9 +0 +0 +0 +5.709372e-10
10 +0 +0 +0 +3.811628e-10
11 +0 +0 +0 +2.622317e-10
12 +0 +0 +0 +1.795704e-10
13 +0 +0 +0 +1.263446e-10
14 +0 +0 +0 +8.752100e-11
15 +0 +0 +0 +6.455888e-11
16 +0 +0 +0 +4.633885e-11
17 +0 +0 +0 +3.617968e-11
18 +0 +0 +0 +2.434685e-11
19 +0 +0 +0 +1.568594e-11
20 +0 +0 +0 +1.233717e-11
21 +0 +0 +0 +8.539715e-12
22 +0 +0 +0 +6.838134e-12
23 +0 +0 +0 +4.697918e-12
24 +0 +0 +0 +3.534911e-12
25 +0 +0 +0 +2.925775e-12
26 +0 +0 +0 +3.497423e-12
27 +0 +0 +0 +2.290059e-12
28 +0 +0 +0 +1.627818e-12
29 +0 +0 +0 +1.389726e-12
30 +0 +0 +0 +7.964708e-13
31 +0 +0 +0 +1.123545e-12
32 +0 +0 +0 +8.655236e-13
33 +0 +0 +0 +9.222962e-13
34 +0 +0 +0 +7.197022e-13
35 +0 +0 +0 +1.180529e-12
36 +0 +0 +0 +1.351706e-12
37 +0 +0 +0 +9.126499e-13
38 +0 +0 +0 +8.056692e-13
39 +0 +0 +0 +5.160366e-13
40 +0 +0 +0 +4.474901e-13
41 +0 +0 +0 +3.497638e-13
42 +0 +0 +0 +2.748203e-13
43 +0 +0 +0 +6.852133e-14
44 +0 +0 +0 +1.771222e-13
45 +0 +0 +0 +5.465061e-14
46 +0 +0 +0 +6.698655e-14
47 +0 +0 +0 +3.536940e-14
48 +0 +0 +0 +1.301772e-13
49 +0 +0 +0 -8.915908e-15
50 +0 +0 +0 +1.026237e-13
51 +0 +0 +0 -2.390796e-14
52 +0 +0 +0 -3.046898e-14
53 +0 +0 +0 +5.002540e-14
54 +0 +0 +0 +4.949296e-14
55 +0 +0 +0 +8.272539e-14
56 +0 +0 +0 -2.912222e-15
57 +0 +0 +0 -1.438507e-14
58 +0 +0 +0 -1.549770e-14
59 +0 +0 +0 -1.826601e-14
60 +0 +0 +0 +7.166283e-15
61 +0 +0 +0 +1.948458e-13
62 +0 +0 +0 +2.322048e-13
63 +0 +0 +0 +2.586829e-13
