0 +0 +0 +0 +1.329877e-08
1 +0 +0 +0 +2.441693e-08
2 +0 +0 +0 +1.340771e-08
3 +0 +0 +0 +8.104232e-09
4 +0 +0 +0 +5.016361e-09
5 +0 +0 +0 +3.177347e-09
6 +0 +0 +0 +1.990351e-09
7 +0 +0 +0 +1.312096e-09
8 +0 +0 +0 +8.798084e-10
9 +0 +0 +0 +5.840107e-10
10 +0 +0 +0 +3.948570e-10
11 +0 +0 +0 +2.602668e-10
12 +0 +0 +0 +1.710516e-10
13 +0 +0 +0 +1.128333e-10
14 +0 +0 +0 +7.536378e-11
15 +0 +0 +0 +5.058633e-11
16 +0 +0 +0 +3.616451e-11
17 +0 +0 +0 +2.234596e-11
18 +0 +0 +0 +1.503519e-11
19 +0 +0 +0 +8.938099e-12
20 +0 +0 +0 +5.562793e-12
21 +0 +0 +0 +3.905059e-12
22 +0 +0 +0 +4.712155e-12
23 +0 +0 +0 +3.238095e-12
24 +0 +0 +0 +1.887125e-12
25 +0 +0 +0 +2.695365e-12
26 +0 +0 +0 +2.076468e-12
27 +0 +0 +0 +1.838428e-12
28 +0 +0 +0 +1.632703e-12
29 +0 +0 +0 +9.255874e-13
30 +0 +0 +0 +7.562016e-13
31 +0 +0 +0 -1.945553e-13
32 +0 +0 +0 -3.484716e-13
33 +0 +0 +0 -3.781442e-13
34 +0 +0 +0 -2.470790e-13
35 +0 +0 +0 -1.681612e-13
36 +0 +0 +0 -4.255208e-13
37 +0 +0 +0 -2.758586e-13
38 +0 +0 +0 +1.621691e-13
39 +0 +0 +0 +3.982495e-13
40 +0 +0 +0 +3.399168e-13
41 +0 +0 +0 +4.001837e-13
42 +0 +0 +0 +3.179003e-13
43 +0 +0 +0 +2.523742e-13
44 +0 +0 +0 -8.980294e-15
45 +0 +0 +0 +1.686381e-13
46 +0 +0 +0 +8.339721e-14
47 +0 +0 +0 -1.046106e-15
48 +0 +0 +0 -1.209615e-13
49 +0 +0 +0 +6.590018e-14
50 +0 +0 +0 +2.120865e-14
51 +0 +0 +0 +9.512677e-14
52 +0 +0 +0 +5.859955e-14
53 +0 +0 +0 -1.372518e-15
54 +0 +0 +0 +3.074547e-14
55 +0 +0 +0 +8.555364e-15
56 +0 +0 +0 -1.357320e-14
57 +0 +0 +0 -8.537512e-14
58 +0 +0 +0 -1.286837e-13
59 +0 +0 +0 -1.711504e-13
60 +0 +0 +0 -6.635256e-14
61 +0 +0 +0 +2.142163e-16
62 +0 +0 +0 -5.361075e-14
63 +0 +0 +0 -1.408192e-13
