0 +0 +0 +0 +1.323520e-08
1 +0 +0 +0 +2.414430e-08
2 +0 +0 +0 +1.342119e-08
3 +0 +0 +0 +8.059708e-09
4 +0 +0 +0 +4.892307e-09
5 +0 +0 +0 +3.120780e-09
6 +0 +0 +0 +2.002280e-09
7 +0 +0 +0 +1.285347e-09
8 +0 +0 +0 +8.685468e-10
9 +0 +0 +0 +5.837204e-10
10 +0 +0 +0 +3.819484e-10
11 +0 +0 +0 +2.544798e-10
12 +0 +0 +0 +1.679254e-10
13 +0 +0 +0 +1.211844e-10
14 +0 +0 +0 +8.796085e-11
15 +0 +0 +0 +5.865119e-11
16 +0 +0 +0 +3.920121e-11
17 +0 +0 +0 +2.614385e-11
18 +0 +0 +0 +2.112307e-11
19 +0 +0 +0 +1.467414e-11
20 +0 +0 +0 +1.141069e-11
21 +0 +0 +0 +7.937477e-12
22 +0 +0 +0 +5.282064e-12
23 +0 +0 +0 +3.755107e-12
24 +0 +0 +0 +2.329134e-12
25 +0 +0 +0 +1.966907e-12
26 +0 +0 +0 +7.518355e-13
27 +0 +0 +0 +1.482341e-12
28 +0 +0 +0 +6.571700e-13
29 +0 +0 +0 +5.868725e-13
30 +0 +0 +0 +2.696761e-13
31 +0 +0 +0 +5.465014e-13
32 +0 +0 +0 +8.416050e-13
33 +0 +0 +0 +1.173034e-12
34 +0 +0 +0 +1.120891e-12
35 +0 +0 +0 +8.466883e-13
36 +0 +0 +0 +3.747523e-13
37 +0 +0 +0 -4.763512e-14
38 +0 +0 +0 -1.494947e-13
39 +0 +0 +0 +1.051085e-13
40 +0 +0 +0 -1.031384e-13
41 +0 +0 +0 -3.932964e-13
42 +0 +0 +0 -4.370234e-13
43 +0 +0 +0 -2.503092e-13
44 +0 +0 +0 -1.870611e-13
45 +0 +0 +0 -3.304704e-13
46 +0 +0 +0 -2.085926e-13
47 +0 +0 +0 -6.070219e-14
48 +0 +0 +0 -1.020232e-13
49 +0 +0 +0 -6.145659e-14
50 +0 +0 +0 -4.454004e-14
51 +0 +0 +0 +2.739783e-14
52 +0 +0 +0 -4.603697e-14
53 +0 +0 +0 -8.034618e-14
54 +0 +0 +0 +1.317797e-14
55 +0 +0 +0 +7.350521e-14
56 +0 +0 +0 +1.778152e-13
57 +0 +0 +0 +1.122965e-13
58 +0 +0 +0 +1.061679e-13
59 +0 +0 +0 +1.973405e-13
60 +0 +0 +0 +1.438965e-13
61 +0 +0 +0 +7.902560e-14
62 +0 +0 +0 +5.878702e-14
63 +0 +0 +0 +8.301257e-14
