0 +0 +0 +0 +1.317898e-08
1 +0 +0 +0 +2.420923e-08
2 +0 +0 +0 +1.345467e-08
3 +0 +0 +0 +7.853052e-09
4 +0 +0 +0 +4.922604e-09
5 +0 +0 +0 +3.163538e-09
6 +0 +0 +0 +2.017346e-09
7 +0 +0 +0 +1.329726e-09
8 +0 +0 +0 +8.528734e-10
9 +0 +0 +0 +5.740046e-10
10 +0 +0 +0 +3.799492e-10
11 +0 +0 +0 +2.616311e-10
12 +0 +0 +0 +1.748286e-10
13 +0 +0 +0 +1.185880e-10
14 +0 +0 +0 +7.763311e-11
15 +0 +0 +0 +5.188045e-11
16 +0 +0 +0 +3.915110e-11
17 +0 +0 +0 +2.841040e-11
18 +0 +0 +0 +2.104389e-11
19 +0 +0 +0 +1.298509e-11
20 +0 +0 +0 +9.285033e-12
21 +0 +0 +0 +7.015514e-12
22 +0 +0 +0 +4.526361e-12
23 +0 +0 +0 +4.067849e-12
24 +0 +0 +0 +2.936406e-12
25 +0 +0 +0 +1.734448e-12
26 +0 +0 +0 +8.618359e-13
27 +0 +0 +0 +1.024716e-14
28 +0 +0 +0 -1.223878e-13
29 +0 +0 +0 -5.754185e-13
30 +0 +0 +0 +4.573449e-16
31 +0 +0 +0 -3.337729e-13
32 +0 +0 +0 -6.616018e-14
33 +0 +0 +0 -3.713121e-14
34 +0 +0 +0 +4.286051e-14
35 +0 +0 +0 -1.682469e-13
36 +0 +0 +0 -3.146691e-13
37 +0 +0 +0 -6.549547e-14
38 +0 +0 +0 +8.627133e-14
39 +0 +0 +0 -3.441245e-15
40 +0 +0 +0 +1.656556e-13
41 +0 +0 +0 +4.174487e-13
42 +0 +0 +0 +3.949458e-13
43 +0 +0 +0 +3.100103e-13
44 +0 +0 +0 +2.158593e-13
45 +0 +0 +0 +8.474821e-14
46 +0 +0 +0 -1.755732e-13
47 +0 +0 +0 +5.492222e-14
48 +0 +0 +0 +1.894269e-14
49 +0 +0 +0 -1.947343e-13
50 +0 +0 +0 -1.955861e-13
51 +0 +0 +0 -6.175377e-14
52 +0 +0 +0 -1.497119e-13
53 +0 +0 +0 -1.999957e-13
54 +0 +0 +0 -1.868235e-13
55 +0 +0 +0 -1.819563e-13
56 +0 +0 +0 -1.522798e-13
57 +0 +0 +0 -1.789329e-13
58 +0 +0 +0 -1.397686e-13
59 +0 +0 +0 -1.895833e-13
60 +0 +0 +0 -1.253282e-13
61 +0 +0 +0 -1.063200e-13
62 +0 +0 +0 -3.451385e-14
63 +0 +0 +0 +3.045697e-14
