0 +0 +0 +0 +1.325427e-08
1 +0 +0 +0 +2.425530e-08
2 +0 +0 +0 +1.370762e-08
3 +0 +0 +0 +7.954500e-09
4 +0 +0 +0 +4.933560e-09
5 +0 +0 +0 +3.148530e-09
6 +0 +0 +0 +2.003109e-09
7 +0 +0 +0 +1.281972e-09
8 +0 +0 +0 +8.504356e-10
9 +0 +0 +0 +5.640234e-10
10 +0 +0 +0 +3.822156e-10
11 +0 +0 +0 +2.635328e-10
12 +0 +0 +0 +1.805801e-10
13 +0 +0 +0 +1.240542e-10
14 +0 +0 +0 +8.035477e-11
15 +0 +0 +0 +5.844029e-11
16 +0 +0 +0 +3.923777e-11
17 +0 +0 +0 +2.368689e-11
18 +0 +0 +0 +1.580751e-11
19 +0 +0 +0 +1.121550e-11
20 +0 +0 +0 +7.920242e-12
21 +0 +0 +0 +6.056200e-12
22 +0 +0 +0 +3.750069e-12
23 +0 +0 +0 +3.597045e-12
24 +0 +0 +0 +2.114803e-12
25 +0 +0 +0 +5.009948e-13
26 +0 +0 +0 +3.376086e-13
27 +0 +0 +0 +1.304054e-13
28 +0 +0 +0 -1.393497e-12
29 +0 +0 +0 -1.274967e-12
30 +0 +0 +0 -7.873285e-13
31 +0 +0 +0 -5.905943e-13
32 +0 +0 +0 -9.013868e-13
33 +0 +0 +0 -1.387408e-12
34 +0 +0 +0 -9.726755e-13
35 +0 +0 +0 -7.692031e-13
36 +0 +0 +0 -6.097367e-13
37 +0 +0 +0 -3.384222e-13
38 +0 +0 +0 -5.898031e-13
39 +0 +0 +0 -5.157030e-13
40 +0 +0 +0 -1.503452e-13
41 +0 +0 +0 -1.209273e-13
42 +0 +0 +0 -2.997637e-13
43 +0 +0 +0 -3.992413e-14
44 +0 +0 +0 -2.653384e-13
45 +0 +0 +0 -4.128437e-13
46 +0 +0 +0 -3.448786e-13
47 +0 +0 +0 -2.747910e-13
48 +0 +0 +0 -1.581947e-13
49 +0 +0 +0 -2.159900e-13
50 +0 +0 +0 -2.263116e-13
51 +0 +0 +0 -3.370210e-13
52 +0 +0 +0 -2.096447e-13
53 +0 +0 +0 -1.744182e-13
54 +0 +0 +0 -1.386713e-13
55 +0 +0 +0 -1.646514e-13
56 +0 +0 +0 -1.680211e-13
57 +0 +0 +0 -9.292162e-14
58 +0 +0 +0 -1.051742e-13
59 +0 +0 +0 -7.838807e-14
60 +0 +0 +0 -1.182615e-13
61 +0 +0 +0 -1.393482e-13
62 +0 +0 +0 -1.482895e-13
63 +0 +0 +0 -7.650774e-14
