0 +0 +0 +0 +1.396540e-08
1 +0 +0 +0 +2.471323e-08
2 +0 +0 +0 +1.362614e-08
3 +0 +0 +0 +7.917006e-09
4 +0 +0 +0 +4.859894e-09
5 +0 +0 +0 +3.077862e-09
6 +0 +0 +0 +1.997481e-09
7 +0 +0 +0 +1.333932e-09
8 +0 +0 +0 +8.846060e-10
9 +0 +0 +0 +5.857036e-10
10 +0 +0 +0 +3.911707e-10
11 +0 +0 +0 +2.607257e-10
12 +0 +0 +0 +1.755571e-10
13 +0 +0 +0 +1.143467e-10
14 +0 +0 +0 +8.085725e-11
15 +0 +0 +0 +5.330907e-11
16 +0 +0 +0 +3.603266e-11
17 +0 +0 +0 +2.862735e-11
18 +0 +0 +0 +2.080194e-11
19 +0 +0 +0 +1.636924e-11
20 +0 +0 +0 +1.338145e-11
21 +0 +0 +0 +9.756719e-12
22 +0 +0 +0 +6.553550e-12
23 +0 +0 +0 +3.181904e-12
24 +0 +0 +0 +1.807154e-12
25 +0 +0 +0 +5.788869e-13
26 +0 +0 +0 +4.779579e-13
27 +0 +0 +0 -2.129513e-13
28 +0 +0 +0 -8.020383e-13
29 +0 +0 +0 -1.399153e-12
30 +0 +0 +0 -1.376554e-12
31 +0 +0 +0 -8.886624e-13
32 +0 +0 +0 -8.272869e-13
33 +0 +0 +0 -2.234964e-13
34 +0 +0 +0 -8.647129e-14
35 +0 +0 +0 +1.268695e-14
36 +0 +0 +0 +1.154746e-13
37 +0 +0 +0 +5.430089e-14
38 +0 +0 +0 -4.875592e-13
39 +0 +0 +0 -3.353825e-13
40 +0 +0 +0 -2.833742e-13
41 +0 +0 +0 -4.015898e-13
42 +0 +0 +0 +5.836668e-14
43 +0 +0 +0 -1.756657e-14
44 +0 +0 +0 -1.980502e-14
45 +0 +0 +0 -7.737552e-14
46 +0 +0 +0 -1.711422e-13
47 +0 +0 +0 -2.822670e-14
48 +0 +0 +0 -1.003465e-13
49 +0 +0 +0 +3.345679e-14
50 +0 +0 +0 -8.245882e-14
51 +0 +0 +0 -1.189323e-13
52 +0 +0 +0 -1.141930e-13
53 +0 +0 +0 -7.557508e-14
54 +0 +0 +0 -8.322713e-14
55 +0 +0 +0 -1.170790e-14
56 +0 +0 +0 +1.114623e-14
57 +0 +0 +0 +1.212427e-13
58 +0 +0 +0 +2.055837e-14
59 +0 +0 +0 +8.107068e-14
60 +0 +0 +0 +7.524861e-14
61 +0 +0 +0 +7.960825e-14
62 +0 +0 +0 +2.738254e-14
63 +0 +0 +0 -1.914970e-14
