0 +0 +0 +0 +1.249912e-08
1 +0 +0 +0 +2.411450e-08
2 +0 +0 +0 +1.306912e-08
3 +0 +0 +0 +7.745827e-09
4 +0 +0 +0 +4.792908e-09
5 +0 +0 +0 +2.987033e-09
6 +0 +0 +0 +2.006023e-09
7 +0 +0 +0 +1.303632e-09
8 +0 +0 +0 +8.790499e-10
9 +0 +0 +0 +5.714803e-10
10 +0 +0 +0 +3.843944e-10
11 +0 +0 +0 +2.585066e-10
12 +0 +0 +0 +1.759092e-10
13 +0 +0 +0 +1.199756e-10
14 +0 +0 +0 +8.508048e-11
15 +0 +0 +0 +5.765821e-11
16 +0 +0 +0 +3.878944e-11
17 +0 +0 +0 +2.897619e-11
18 +0 +0 +0 +2.101878e-11
19 +0 +0 +0 +1.431320e-11
20 +0 +0 +0 +1.050778e-11
21 +0 +0 +0 +8.156763e-12
22 +0 +0 +0 +5.655620e-12
23 +0 +0 +0 +4.031745e-12
24 +0 +0 +0 +2.975804e-12
25 +0 +0 +0 +1.746210e-12
26 +0 +0 +0 +1.413203e-12
27 +0 +0 +0 +1.043215e-12
28 +0 +0 +0 +1.252406e-12
29 +0 +0 +0 +8.908777e-13
30 +0 +0 +0 +5.142228e-13
31 +0 +0 +0 +6.357201e-13
32 +0 +0 +0 +1.921399e-13
33 +0 +0 +0 +5.381141e-14
34 +0 +0 +0 +4.018412e-15
35 +0 +0 +0 +1.055872e-13
36 +0 +0 +0 +1.963344e-13
37 +0 +0 +0 +2.327397e-13
38 +0 +0 +0 +4.895801e-13
39 +0 +0 +0 +4.302774e-14
40 +0 +0 +0 -1.566594e-13
41 +0 +0 +0 -4.310060e-14
42 +0 +0 +0 -7.326674e-14
43 +0 +0 +0 +2.860198e-14
44 +0 +0 +0 +4.984510e-14
45 +0 +0 +0 +1.016441e-13
46 +0 +0 +0 +2.948106e-13
47 +0 +0 +0 +2.472013e-13
48 +0 +0 +0 +1.968901e-13
49 +0 +0 +0 +2.261815e-13
50 +0 +0 +0 +6.014727e-14
51 +0 +0 +0 -1.205332e-15
52 +0 +0 +0 -4.073865e-14
53 +0 +0 +0 -5.548258e-14
54 +0 +0 +0 -6.447177e-14
55 +0 +0 +0 -5.854483e-15
56 +0 +0 +0 -5.919853e-14
57 +0 +0 +0 -8.747968e-14
58 +0 +0 +0 -8.033935e-14
59 +0 +0 +0 -8.163066e-14
60 +0 +0 +0 -5.781630e-14
61 +0 +0 +0 -8.894688e-14
62 +0 +0 +0 -2.158726e-13
63 +0 +0 +0 -2.091039e-13
