0 +0 +0 +0 +1.270780e-08
1 +0 +0 +0 +2.292204e-08
2 +0 +0 +0 +1.290930e-08
3 +0 +0 +0 +7.613437e-09
4 +0 +0 +0 +4.589809e-09
5 +0 +0 +0 +2.884019e-09
6 +0 +0 +0 +1.907880e-09
7 +0 +0 +0 +1.252959e-09
8 +0 +0 +0 +8.337076e-10
9 +0 +0 +0 +5.424971e-10
10 +0 +0 +0 +3.678391e-10
11 +0 +0 +0 +2.390642e-10
12 +0 +0 +0 +1.601322e-10
13 +0 +0 +0 +1.027429e-10
14 +0 +0 +0 +6.684456e-11
15 +0 +0 +0 +4.258459e-11
16 +0 +0 +0 +2.815260e-11
17 +0 +0 +0 +1.679616e-11
18 +0 +0 +0 +1.264300e-11
19 +0 +0 +0 +9.282534e-12
20 +0 +0 +0 +6.450938e-12
21 +0 +0 +0 +4.750365e-12
22 +0 +0 +0 +4.604569e-12
23 +0 +0 +0 +2.541429e-12
24 +0 +0 +0 +3.453607e-13
25 +0 +0 +0 -2.740395e-13
26 +0 +0 +0 -4.079293e-14
27 +0 +0 +0 +3.337487e-13
28 +0 +0 +0 +3.026576e-13
29 +0 +0 +0 +1.699065e-13
30 +0 +0 +0 +5.417084e-13
31 +0 +0 +0 +5.744861e-13
32 +0 +0 +0 +4.505052e-13
33 +0 +0 +0 +7.042825e-13
34 +0 +0 +0 +3.115253e-13
35 +0 +0 +0 -1.766004e-13
36 +0 +0 +0 -2.080396e-13
37 +0 +0 +0 -8.065951e-14
38 +0 +0 +0 -8.993708e-14
39 +0 +0 +0 -1.302655e-13
40 +0 +0 +0 -1.655735e-13
41 +0 +0 +0 -3.749372e-13
42 +0 +0 +0 -2.859964e-13
43 +0 +0 +0 -3.279767e-13
44 +0 +0 +0 -6.446067e-14
45 +0 +0 +0 -2.312416e-14
46 +0 +0 +0 +2.744613e-14
47 +0 +0 +0 +1.880211e-14
48 +0 +0 +0 +1.054484e-13
49 +0 +0 +0 +4.504788e-14
50 +0 +0 +0 -1.491050e-13
51 +0 +0 +0 -1.597433e-13
52 +0 +0 +0 -4.270862e-14
53 +0 +0 +0 -7.090402e-14
54 +0 +0 +0 -1.513917e-14
55 +0 +0 +0 -9.853000e-14
56 +0 +0 +0 -3.469280e-14
57 +0 +0 +0 -6.267672e-14
58 +0 +0 +0 -2.512231e-15
59 +0 +0 +0 -8.882042e-14
60 +0 +0 +0 -4.034731e-14
61 +0 +0 +0 -1.218321e-13
62 +0 +0 +0 -6.134993e-14
63 +0 +0 +0 -2.706054e-14
