0 +0 +0 +0 +1.343385e-08
1 +0 +0 +0 +2.390649e-08
2 +0 +0 +0 +1.323876e-08
3 +0 +0 +0 +7.756710e-09
4 +0 +0 +0 +4.924385e-09
5 +0 +0 +0 +3.175600e-09
6 +0 +0 +0 +2.005424e-09
7 +0 +0 +0 +1.293313e-09
8 +0 +0 +0 +8.477779e-10
9 +0 +0 +0 +5.758940e-10
10 +0 +0 +0 +3.945761e-10
11 +0 +0 +0 +2.626912e-10
12 +0 +0 +0 +1.760258e-10
13 +0 +0 +0 +1.152329e-10
14 +0 +0 +0 +7.919938e-11
15 +0 +0 +0 +5.618968e-11
16 +0 +0 +0 +3.554707e-11
17 +0 +0 +0 +2.710382e-11
18 +0 +0 +0 +1.802103e-11
19 +0 +0 +0 +1.242285e-11
20 +0 +0 +0 +1.186488e-11
21 +0 +0 +0 +9.503410e-12
22 +0 +0 +0 +6.931989e-12
23 +0 +0 +0 +5.376770e-12
24 +0 +0 +0 +2.964084e-12
25 +0 +0 +0 +2.411581e-12
26 +0 +0 +0 +1.789977e-12
27 +0 +0 +0 +9.508035e-13
28 +0 +0 +0 +1.133550e-12
29 +0 +0 +0 +1.894116e-13
30 +0 +0 +0 -2.737150e-13
31 +0 +0 +0 +1.047248e-13
32 +0 +0 +0 +8.961989e-13
33 +0 +0 +0 +5.382449e-13
34 +0 +0 +0 +6.711778e-14
35 +0 +0 +0 -4.584441e-14
36 +0 +0 +0 -5.298956e-13
37 +0 +0 +0 -2.897767e-14
38 +0 +0 +0 -7.409562e-14
39 +0 +0 +0 +1.759427e-13
40 +0 +0 +0 +2.853928e-14
41 +0 +0 +0 -1.524165e-13
42 +0 +0 +0 -1.770968e-13
43 +0 +0 +0 -3.166486e-13
44 +0 +0 +0 -3.405378e-13
45 +0 +0 +0 -3.691199e-13
46 +0 +0 +0 -1.506829e-14
47 +0 +0 +0 +8.619159e-14
48 +0 +0 +0 +6.830995e-15
49 +0 +0 +0 +5.097067e-14
50 +0 +0 +0 +3.741123e-14
51 +0 +0 +0 -3.409590e-15
52 +0 +0 +0 +2.300642e-14
53 +0 +0 +0 +5.748334e-14
54 +0 +0 +0 +3.829961e-14
55 +0 +0 +0 +7.655289e-15
56 +0 +0 +0 +1.051697e-13
57 +0 +0 +0 +7.919435e-14
58 +0 +0 +0 +1.075060e-13
59 +0 +0 +0 +1.852726e-14
60 +0 +0 +0 +4.932283e-14
61 +0 +0 +0 +9.969836e-14
62 +0 +0 +0 +9.044469e-14
63 +0 +0 +0 +1.436473e-14
