0 +0 +0 +0 +1.336686e-08
1 +0 +0 +0 +2.472965e-08
2 +0 +0 +0 +1.344496e-08
3 +0 +0 +0 +8.050550e-09
4 +0 +0 +0 +4.959261e-09
5 +0 +0 +0 +3.100053e-09
6 +0 +0 +0 +1.972150e-09
7 +0 +0 +0 +1.330648e-09
8 +0 +0 +0 +8.942136e-10
9 +0 +0 +0 +5.905079e-10
10 +0 +0 +0 +3.986378e-10
11 +0 +0 +0 +2.784200e-10
12 +0 +0 +0 +1.960105e-10
13 +0 +0 +0 +1.333752e-10
14 +0 +0 +0 +9.737227e-11
15 +0 +0 +0 +6.857788e-11
16 +0 +0 +0 +4.564080e-11
17 +0 +0 +0 +3.351147e-11
18 +0 +0 +0 +2.443420e-11
19 +0 +0 +0 +1.790026e-11
20 +0 +0 +0 +1.125027e-11
21 +0 +0 +0 +9.156404e-12
22 +0 +0 +0 +5.332548e-12
23 +0 +0 +0 +4.404410e-12
24 +0 +0 +0 +3.177247e-12
25 +0 +0 +0 +2.270089e-12
26 +0 +0 +0 +1.762468e-12
27 +0 +0 +0 +1.580301e-12
28 +0 +0 +0 +6.753642e-13
29 +0 +0 +0 +8.928330e-13
30 +0 +0 +0 +9.258664e-13
31 +0 +0 +0 +4.198379e-13
32 +0 +0 +0 +1.555630e-13
33 +0 +0 +0 -3.795177e-13
34 +0 +0 +0 +8.317998e-14
35 +0 +0 +0 +6.506093e-13
36 +0 +0 +0 +8.002786e-14
37 +0 +0 +0 +3.364753e-13
38 +0 +0 +0 +3.352573e-14
39 +0 +0 +0 -1.479017e-13
40 +0 +0 +0 -3.023603e-13
41 +0 +0 +0 -2.488678e-13
42 +0 +0 +0 -3.099772e-13
43 +0 +0 +0 -3.078720e-13
44 +0 +0 +0 +3.127886e-15
45 +0 +0 +0 -3.856824e-14
46 +0 +0 +0 +1.266929e-13
47 +0 +0 +0 -9.754720e-15
48 +0 +0 +0 -6.864656e-14
49 +0 +0 +0 -3.276094e-14
50 +0 +0 +0 -1.108585e-13
51 +0 +0 +0 -2.695357e-13
52 +0 +0 +0 -1.854498e-13
53 +0 +0 +0 -1.906216e-13
54 +0 +0 +0 -1.479596e-13
55 +0 +0 +0 -8.625184e-14
56 +0 +0 +0 -4.175365e-14
57 +0 +0 +0 +3.279197e-14
58 +0 +0 +0 +1.060874e-13
59 +0 +0 +0 -4.189637e-14
60 +0 +0 +0 -2.854876e-14
61 +0 +0 +0 -2.536298e-15
62 +0 +0 +0 -1.274956e-14
63 +0 +0 +0 -1.360118e-13
