0 +0 +0 +0 +1.280756e-08
1 +0 +0 +0 +2.375437e-08
2 +0 +0 +0 +1.323127e-08
3 +0 +0 +0 +7.799753e-09
4 +0 +0 +0 +4.810912e-09
5 +0 +0 +0 +3.084531e-09
6 +0 +0 +0 +1.948002e-09
7 +0 +0 +0 +1.311015e-09
8 +0 +0 +0 +8.794492e-10
9 +0 +0 +0 +5.818941e-10
10 +0 +0 +0 +4.003283e-10
11 +0 +0 +0 +2.587163e-10
12 +0 +0 +0 +1.811106e-10
13 +0 +0 +0 +1.147091e-10
14 +0 +0 +0 +7.620516e-11
15 +0 +0 +0 +5.319610e-11
16 +0 +0 +0 +3.330565e-11
17 +0 +0 +0 +2.339012e-11
18 +0 +0 +0 +1.623599e-11
19 +0 +0 +0 +1.161478e-11
20 +0 +0 +0 +7.109671e-12
21 +0 +0 +0 +4.912273e-12
22 +0 +0 +0 +3.583726e-12
23 +0 +0 +0 +2.586720e-12
24 +0 +0 +0 +1.271289e-12
25 +0 +0 +0 +1.334421e-12
26 +0 +0 +0 +1.680907e-12
27 +0 +0 +0 +1.330014e-12
28 +0 +0 +0 +2.568201e-13
29 +0 +0 +0 +7.262285e-14
30 +0 +0 +0 +1.621502e-13
31 +0 +0 +0 +4.497931e-13
32 +0 +0 +0 +3.116403e-14
33 +0 +0 +0 +3.218042e-13
34 +0 +0 +0 +2.954577e-13
35 +0 +0 +0 +4.759567e-13
36 +0 +0 +0 -1.948956e-13
37 +0 +0 +0 -8.171817e-15
38 +0 +0 +0 +3.091659e-14
39 +0 +0 +0 +1.043542e-13
40 +0 +0 +0 +3.181368e-13
41 +0 +0 +0 +5.177456e-13
42 +0 +0 +0 +5.108686e-13
43 +0 +0 +0 +4.128783e-13
44 +0 +0 +0 +1.001710e-13
45 +0 +0 +0 +1.174046e-13
46 +0 +0 +0 +1.211830e-13
47 +0 +0 +0 +2.075989e-13
48 +0 +0 +0 +2.842318e-13
49 +0 +0 +0 +1.009372e-13
50 +0 +0 +0 -3.280302e-15
51 +0 +0 +0 -9.403683e-14
52 +0 +0 +0 -1.428344e-13
53 +0 +0 +0 -8.599417e-14
54 +0 +0 +0 -1.283067e-13
55 +0 +0 +0 -7.122218e-14
56 +0 +0 +0 -1.311750e-13
57 +0 +0 +0 -1.196346e-13
58 +0 +0 +0 -5.321109e-14
59 +0 +0 +0 -4.135168e-14
60 +0 +0 +0 -9.706632e-14
61 +0 +0 +0 -3.365585e-14
62 +0 +0 +0 -4.857082e-15
63 +0 +0 +0 -1.346109e-13
