0 +0 +0 +0 +1.375611e-08
1 +0 +0 +0 +2.514181e-08
2 +0 +0 +0 +1.427189e-08
3 +0 +0 +0 +8.359655e-09
4 +0 +0 +0 +5.185186e-09
5 +0 +0 +0 +3.284034e-09
6 +0 +0 +0 +2.117716e-09
7 +0 +0 +0 +1.407434e-09
8 +0 +0 +0 +9.662414e-10
9 +0 +0 +0 +6.196845e-10
10 +0 +0 +0 +4.111013e-10
11 +0 +0 +0 +2.795787e-10
12 +0 +0 +0 +1.985993e-10
13 +0 +0 +0 +1.388254e-10
14 +0 +0 +0 +9.861515e-11
15 +0 +0 +0 +7.111818e-11
16 +0 +0 +0 +5.139570e-11
17 +0 +0 +0 +3.548241e-11
18 +0 +0 +0 +2.609002e-11
19 +0 +0 +0 +1.785237e-11
20 +0 +0 +0 +1.341178e-11
21 +0 +0 +0 +8.880481e-12
22 +0 +0 +0 +5.976618e-12
23 +0 +0 +0 +3.090361e-12
24 +0 +0 +0 +8.410234e-13
25 +0 +0 +0 +8.187172e-13
26 +0 +0 +0 -2.696164e-13
27 +0 +0 +0 -1.058935e-13
28 +0 +0 +0 +7.033439e-13
29 +0 +0 +0 +6.390938e-13
30 +0 +0 +0 +7.750108e-13
31 +0 +0 +0 +1.372306e-12
32 +0 +0 +0 +9.227606e-13
33 +0 +0 +0 +4.710613e-13
34 +0 +0 +0 +3.041312e-13
35 +0 +0 +0 +2.666384e-13
36 +0 +0 +0 +4.226813e-13
37 +0 +0 +0 +2.458093e-13
38 +0 +0 +0 +3.165563e-13
39 +0 +0 +0 +1.187142e-13
40 +0 +0 +0 -5.028926e-14
41 +0 +0 +0 -1.385350e-13
42 +0 +0 +0 -3.044416e-13
43 +0 +0 +0 -9.838612e-14
44 +0 +0 +0 -5.119953e-13
45 +0 +0 +0 -4.612708e-13
46 +0 +0 +0 -2.299827e-13
47 +0 +0 +0 -8.008219e-14
48 +0 +0 +0 -1.871802e-14
49 +0 +0 +0 -5.834152e-14
50 +0 +0 +0 -2.545353e-14
51 +0 +0 +0 -9.981042e-14
52 +0 +0 +0 -5.112886e-14
53 +0 +0 +0 -1.398205e-14
54 +0 +0 +0 -1.501453e-13
55 +0 +0 +0 -3.165385e-13
56 +0 +0 +0 -1.648773e-13
57 +0 +0 +0 -1.750902e-13
58 +0 +0 +0 -9.677464e-14
59 +0 +0 +0 -3.268726e-15
60 +0 +0 +0 -3.456130e-14
61 +0 +0 +0 +1.802224e-14
62 +0 +0 +0 -2.150436e-14
63 +0 +0 +0 -1.696607e-14
