0 +0 +0 +0 +1.316444e-08
1 +0 +0 +0 +2.401301e-08
2 +0 +0 +0 +1.335921e-08
3 +0 +0 +0 +7.823708e-09
4 +0 +0 +0 +4.866563e-09
5 +0 +0 +0 +3.139629e-09
6 +0 +0 +0 +2.040893e-09
7 +0 +0 +0 +1.300110e-09
8 +0 +0 +0 +8.666261e-10
9 +0 +0 +0 +5.725575e-10
10 +0 +0 +0 +3.893760e-10
11 +0 +0 +0 +2.581576e-10
12 +0 +0 +0 +1.724512e-10
13 +0 +0 +0 +1.170225e-10
14 +0 +0 +0 +7.859693e-11
15 +0 +0 +0 +5.475547e-11
16 +0 +0 +0 +4.071973e-11
17 +0 +0 +0 +2.571260e-11
18 +0 +0 +0 +2.091414e-11
19 +0 +0 +0 +1.312974e-11
20 +0 +0 +0 +7.887649e-12
21 +0 +0 +0 +4.816813e-12
22 +0 +0 +0 +2.410247e-12
23 +0 +0 +0 +7.427555e-13
24 +0 +0 +0 +2.383647e-13
25 +0 +0 +0 +7.553566e-13
26 +0 +0 +0 +1.143165e-13
27 +0 +0 +0 -5.977902e-13
28 +0 +0 +0 -1.098422e-13
29 +0 +0 +0 -1.002366e-12
30 +0 +0 +0 -7.373340e-13
31 +0 +0 +0 -1.130216e-12
32 +0 +0 +0 -7.696723e-13
33 +0 +0 +0 -8.794914e-13
34 +0 +0 +0 -3.644190e-13
35 +0 +0 +0 -4.660814e-13
36 +0 +0 +0 -4.478605e-13
37 +0 +0 +0 -3.053498e-13
38 +0 +0 +0 -2.480086e-13
39 +0 +0 +0 +3.585589e-14
40 +0 +0 +0 -1.229342e-13
41 +0 +0 +0 +7.479669e-14
42 +0 +0 +0 -1.347885e-13
43 +0 +0 +0 -5.403691e-14
44 +0 +0 +0 +1.757229e-13
45 +0 +0 +0 +2.037247e-13
46 +0 +0 +0 +2.451628e-13
47 +0 +0 +0 +2.380503e-13
48 +0 +0 +0 +1.954035e-13
49 +0 +0 +0 +2.215964e-13
50 +0 +0 +0 +2.763580e-13
51 +0 +0 +0 +1.740422e-13
52 +0 +0 +0 +1.106486e-13
53 +0 +0 +0 +1.268973e-13
54 +0 +0 +0 +1.377679e-13
55 +0 +0 +0 +2.534020e-13
56 +0 +0 +0 +1.919566e-13
57 +0 +0 +0 +7.599274e-14
58 +0 +0 +0 -7.231808e-15
59 +0 +0 +0 -3.455671e-14
60 +0 +0 +0 -8.971435e-14
61 +0 +0 +0 -6.326734e-14
62 +0 +0 +0 -8.551811e-14
63 +0 +0 +0 -1.616972e-13
