0 +0 +0 +0 +1.322591e-08
1 +0 +0 +0 +2.413479e-08
2 +0 +0 +0 +1.316641e-08
3 +0 +0 +0 +7.815555e-09
4 +0 +0 +0 +4.872994e-09
5 +0 +0 +0 +3.239546e-09
6 +0 +0 +0 +2.075153e-09
7 +0 +0 +0 +1.355758e-09
8 +0 +0 +0 +8.943950e-10
9 +0 +0 +0 +6.187741e-10
10 +0 +0 +0 +4.076018e-10
11 +0 +0 +0 +2.752740e-10
12 +0 +0 +0 +1.845208e-10
13 +0 +0 +0 +1.308860e-10
14 +0 +0 +0 +8.653355e-11
15 +0 +0 +0 +5.606673e-11
16 +0 +0 +0 +3.827733e-11
17 +0 +0 +0 +2.853144e-11
18 +0 +0 +0 +1.920605e-11
19 +0 +0 +0 +1.302109e-11
20 +0 +0 +0 +9.541300e-12
21 +0 +0 +0 +7.200176e-12
22 +0 +0 +0 +4.546535e-12
23 +0 +0 +0 +2.513280e-12
24 +0 +0 +0 +1.918146e-12
25 +0 +0 +0 +1.211388e-12
26 +0 +0 +0 +7.847409e-13
27 +0 +0 +0 -3.171995e-13
28 +0 +0 +0 -2.981115e-13
29 +0 +0 +0 -5.519316e-13
30 +0 +0 +0 +4.019518e-14
31 +0 +0 +0 +5.560762e-14
32 +0 +0 +0 -2.369362e-13
33 +0 +0 +0 +2.339632e-14
34 +0 +0 +0 -3.437964e-13
35 +0 +0 +0 +2.455132e-13
36 +0 +0 +0 +6.580328e-13
37 +0 +0 +0 +3.532337e-13
38 +0 +0 +0 +1.870051e-13
39 +0 +0 +0 +7.730853e-14
40 +0 +0 +0 +3.550587e-14
41 +0 +0 +0 -5.177703e-14
42 +0 +0 +0 -2.207438e-13
43 +0 +0 +0 -8.095226e-14
44 +0 +0 +0 -2.684016e-13
45 +0 +0 +0 -1.153991e-13
46 +0 +0 +0 -1.689075e-13
47 +0 +0 +0 -7.759077e-14
48 +0 +0 +0 -8.969485e-14
49 +0 +0 +0 -1.004587e-13
50 +0 +0 +0 -1.911555e-13
51 +0 +0 +0 +3.645826e-14
52 +0 +0 +0 +1.393824e-13
53 +0 +0 +0 +2.729217e-14
54 +0 +0 +0 +3.429165e-14
55 +0 +0 +0 +2.189365e-14
56 +0 +0 +0 +1.142369e-13
57 +0 +0 +0 +1.191242e-13
58 +0 +0 +0 +6.036881e-14
59 +0 +0 +0 +1.959841e-14
60 +0 +0 +0 +8.008756e-14
61 +0 +0 +0 +4.115706e-14
62 +0 +0 +0 +1.333525e-14
63 +0 +0 +0 +1.378720e-14
