0 +0 +0 +0 +1.278517e-08
1 +0 +0 +0 +2.407954e-08
2 +0 +0 +0 +1.328570e-08
3 +0 +0 +0 +7.807020e-09
4 +0 +0 +0 +4.794502e-09
5 +0 +0 +0 +3.168099e-09
6 +0 +0 +0 +2.048171e-09
7 +0 +0 +0 +1.360319e-09
8 +0 +0 +0 +8.873307e-10
9 +0 +0 +0 +6.131142e-10
10 +0 +0 +0 +4.222801e-10
11 +0 +0 +0 +2.721522e-10
12 +0 +0 +0 +1.822665e-10
13 +0 +0 +0 +1.325813e-10
14 +0 +0 +0 +9.069935e-11
15 +0 +0 +0 +6.410867e-11
16 +0 +0 +0 +4.522055e-11
17 +0 +0 +0 +3.231790e-11
18 +0 +0 +0 +2.476749e-11
19 +0 +0 +0 +1.762777e-11
20 +0 +0 +0 +1.153137e-11
21 +0 +0 +0 +7.181506e-12
22 +0 +0 +0 +4.707820e-12
23 +0 +0 +0 +2.894625e-12
24 +0 +0 +0 +2.157868e-12
25 +0 +0 +0 +1.198858e-12
26 +0 +0 +0 +4.435953e-13
27 +0 +0 +0 +1.118517e-13
28 +0 +0 +0 -5.175580e-14
29 +0 +0 +0 +3.440101e-13
30 +0 +0 +0 +5.872867e-13
31 +0 +0 +0 +1.039633e-12
32 +0 +0 +0 +4.218390e-13
33 +0 +0 +0 +1.784478e-13
34 +0 +0 +0 -2.700815e-13
35 +0 +0 +0 +2.140843e-13
36 +0 +0 +0 +4.057650e-13
37 +0 +0 +0 +1.961031e-13
38 +0 +0 +0 +2.999417e-13
39 +0 +0 +0 +4.413046e-13
40 +0 +0 +0 +5.505478e-13
41 +0 +0 +0 +3.532677e-13
42 +0 +0 +0 +2.523035e-13
43 +0 +0 +0 +1.464154e-13
44 +0 +0 +0 +2.575095e-13
45 +0 +0 +0 +2.324705e-13
46 +0 +0 +0 +2.198555e-13
47 +0 +0 +0 +1.856976e-13
48 +0 +0 +0 +2.399498e-13
49 +0 +0 +0 +2.099229e-13
50 +0 +0 +0 +2.470026e-13
51 +0 +0 +0 +2.100373e-13
52 +0 +0 +0 +1.413714e-13
53 +0 +0 +0 +1.525780e-13
54 +0 +0 +0 +1.352683e-13
55 +0 +0 +0 +4.345581e-14
56 +0 +0 +0 +7.879866e-14
57 +0 +0 +0 +4.917381e-14
58 +0 +0 +0 -1.164632e-15
59 +0 +0 +0 -5.403907e-14
60 +0 +0 +0 -4.473847e-14
61 +0 +0 +0 -1.280662e-13
62 +0 +0 +0 -1.057179e-13
63 +0 +0 +0 -4.467923e-14
