0 +0 +0 +0 +1.259890e-08
1 +0 +0 +0 +2.414493e-08
2 +0 +0 +0 +1.389280e-08
3 +0 +0 +0 +7.903494e-09
4 +0 +0 +0 +5.042051e-09
5 +0 +0 +0 +3.166323e-09
6 +0 +0 +0 +2.025772e-09
7 +0 +0 +0 +1.340232e-09
8 +0 +0 +0 +8.850820e-10
9 +0 +0 +0 +5.725699e-10
10 +0 +0 +0 +3.857108e-10
11 +0 +0 +0 +2.557594e-10
12 +0 +0 +0 +1.724931e-10
13 +0 +0 +0 +1.182674e-10
14 +0 +0 +0 +8.140520e-11
15 +0 +0 +0 +5.893254e-11
16 +0 +0 +0 +4.356205e-11
17 +0 +0 +0 +2.715758e-11
18 +0 +0 +0 +1.744190e-11
19 +0 +0 +0 +1.245648e-11
20 +0 +0 +0 +8.148048e-12
21 +0 +0 +0 +6.305541e-12
22 +0 +0 +0 +3.141830e-12
23 +0 +0 +0 +1.239246e-12
24 +0 +0 +0 +1.917641e-12
25 +0 +0 +0 +2.584055e-12
26 +0 +0 +0 +1.453288e-12
27 +0 +0 +0 +1.228524e-12
28 +0 +0 +0 +4.577426e-13
29 +0 +0 +0 +7.133992e-13
30 +0 +0 +0 +8.716481e-14
31 +0 +0 +0 -1.916283e-13
32 +0 +0 +0 -5.590049e-13
33 +0 +0 +0 +2.476998e-13
34 +0 +0 +0 +6.355407e-13
35 +0 +0 +0 +5.210798e-13
36 +0 +0 +0 +6.702531e-13
37 +0 +0 +0 +5.165330e-13
38 +0 +0 +0 +1.279910e-13
39 +0 +0 +0 +2.156313e-13
40 +0 +0 +0 +1.120311e-13
41 +0 +0 +0 +3.623633e-13
42 +0 +0 +0 +6.489669e-13
43 +0 +0 +0 +3.978641e-13
44 +0 +0 +0 +4.477612e-13
45 +0 +0 +0 +3.328126e-13
46 +0 +0 +0 +3.904766e-13
47 +0 +0 +0 +1.730870e-13
48 +0 +0 +0 +1.026616e-13
49 +0 +0 +0 +2.138089e-13
50 +0 +0 +0 +1.442581e-13
51 +0 +0 +0 +2.314426e-13
52 +0 +0 +0 +2.246658e-13
53 +0 +0 +0 +1.119417e-13
54 +0 +0 +0 +1.538290e-13
55 +0 +0 +0 -5.684587e-14
56 +0 +0 +0 -9.238564e-14
57 +0 +0 +0 -7.997344e-14
58 +0 +0 +0 -6.203605e-14
59 +0 +0 +0 +4.008468e-14
60 +0 +0 +0 +2.474490e-14
61 +0 +0 +0 +9.231211e-14
62 +0 +0 +0 +1.060778e-13
63 +0 +0 +0 +3.698155e-14
