0 +0 +0 +0 +1.309894e-08
1 +0 +0 +0 +2.383980e-08
2 +0 +0 +0 +1.349054e-08
3 +0 +0 +0 +8.031857e-09
4 +0 +0 +0 +5.029935e-09
5 +0 +0 +0 +3.182826e-09
6 +0 +0 +0 +2.056193e-09
7 +0 +0 +0 +1.355605e-09
8 +0 +0 +0 +9.018062e-10
9 +0 +0 +0 +6.199608e-10
10 +0 +0 +0 +4.152523e-10
11 +0 +0 +0 +2.646340e-10
12 +0 +0 +0 +1.757460e-10
13 +0 +0 +0 +1.175938e-10
14 +0 +0 +0 +7.391632e-11
15 +0 +0 +0 +4.651942e-11
16 +0 +0 +0 +2.759774e-11
17 +0 +0 +0 +2.182837e-11
18 +0 +0 +0 +1.361525e-11
19 +0 +0 +0 +1.126373e-11
20 +0 +0 +0 +6.844962e-12
21 +0 +0 +0 +4.691144e-12
22 +0 +0 +0 +4.130336e-12
23 +0 +0 +0 +3.476932e-12
24 +0 +0 +0 +3.179569e-12
25 +0 +0 +0 +1.854312e-12
26 +0 +0 +0 +2.357825e-12
27 +0 +0 +0 +1.401620e-12
28 +0 +0 +0 +1.241574e-12
29 +0 +0 +0 +1.213287e-12
30 +0 +0 +0 +4.243045e-13
31 +0 +0 +0 -2.799615e-14
32 +0 +0 +0 -5.212686e-13
33 +0 +0 +0 +7.483082e-14
34 +0 +0 +0 -1.964802e-13
35 +0 +0 +0 -3.499806e-13
36 +0 +0 +0 -2.779652e-13
37 +0 +0 +0 -5.076503e-13
38 +0 +0 +0 -6.006109e-13
39 +0 +0 +0 -2.856781e-13
40 +0 +0 +0 -1.770981e-13
41 +0 +0 +0 -2.554591e-13
42 +0 +0 +0 -1.437998e-13
43 +0 +0 +0 -8.848897e-14
44 +0 +0 +0 +1.141421e-13
45 +0 +0 +0 +2.435658e-13
46 +0 +0 +0 +4.492153e-13
47 +0 +0 +0 +3.816110e-13
48 +0 +0 +0 +4.040173e-13
49 +0 +0 +0 +2.292103e-13
50 +0 +0 +0 +2.122862e-13
51 +0 +0 +0 +1.879746e-13
52 +0 +0 +0 +8.971401e-14
53 +0 +0 +0 +2.120160e-13
54 +0 +0 +0 +1.765506e-13
55 +0 +0 +0 +1.040564e-13
56 +0 +0 +0 +6.698019e-14
57 +0 +0 +0 +9.036163e-14
58 +0 +0 +0 +1.724891e-13
59 +0 +0 +0 +1.900976e-13
60 +0 +0 +0 +3.831791e-14
61 +0 +0 +0 +4.632386e-14
62 +0 +0 +0 +1.065019e-13
63 +0 +0 +0 +1.188282e-13
