0 +0 +0 +0 +1.297883e-08
1 +0 +0 +0 +2.400478e-08
2 +0 +0 +0 +1.329618e-08
3 +0 +0 +0 +7.865200e-09
4 +0 +0 +0 +4.886457e-09
5 +0 +0 +0 +3.150335e-09
6 +0 +0 +0 +2.017279e-09
7 +0 +0 +0 +1.312132e-09
8 +0 +0 +0 +8.805536e-10
9 +0 +0 +0 +5.764446e-10
10 +0 +0 +0 +3.778102e-10
11 +0 +0 +0 +2.510031e-10
12 +0 +0 +0 +1.719175e-10
13 +0 +0 +0 +1.092446e-10
14 +0 +0 +0 +7.333961e-11
15 +0 +0 +0 +5.196230e-11
16 +0 +0 +0 +3.520419e-11
17 +0 +0 +0 +2.575561e-11
18 +0 +0 +0 +1.706612e-11
19 +0 +0 +0 +1.272860e-11
20 +0 +0 +0 +6.814650e-12
21 +0 +0 +0 +5.177329e-12
22 +0 +0 +0 +3.312937e-12
23 +0 +0 +0 +1.990202e-12
24 +0 +0 +0 +1.385785e-12
25 +0 +0 +0 +1.215232e-12
26 +0 +0 +0 +1.118205e-12
27 +0 +0 +0 -5.810420e-14
28 +0 +0 +0 -4.052748e-13
29 +0 +0 +0 -7.480436e-13
30 +0 +0 +0 -3.854913e-13
31 +0 +0 +0 -5.170419e-13
32 +0 +0 +0 -3.735178e-13
33 +0 +0 +0 -1.065720e-13
34 +0 +0 +0 +5.243414e-14
35 +0 +0 +0 -4.591715e-13
36 +0 +0 +0 +2.653820e-13
37 +0 +0 +0 +8.220300e-14
38 +0 +0 +0 +2.447337e-13
39 +0 +0 +0 +2.238970e-14
40 +0 +0 +0 -5.846931e-14
41 +0 +0 +0 -1.829428e-13
42 +0 +0 +0 -8.252999e-14
43 +0 +0 +0 -8.755667e-14
44 +0 +0 +0 -5.222326e-14
45 +0 +0 +0 -4.311269e-14
46 +0 +0 +0 +1.053356e-13
47 +0 +0 +0 -4.688872e-14
48 +0 +0 +0 -2.486616e-13
49 +0 +0 +0 -2.835739e-13
50 +0 +0 +0 -3.358293e-13
51 +0 +0 +0 -2.445262e-13
52 +0 +0 +0 -1.398036e-13
53 +0 +0 +0 -1.993548e-13
54 +0 +0 +0 -1.376132e-13
55 +0 +0 +0 -9.026764e-15
56 +0 +0 +0 -5.397518e-14
57 +0 +0 +0 -1.076226e-13
58 +0 +0 +0 -3.263719e-14
59 +0 +0 +0 -7.486034e-14
60 +0 +0 +0 -1.287028e-13
61 +0 +0 +0 -1.007061e-13
62 +0 +0 +0 -3.635935e-14
63 +0 +0 +0 -8.719040e-14
