0 +0 +0 +0 +1.346257e-08
1 +0 +0 +0 +2.393919e-08
2 +0 +0 +0 +1.353987e-08
3 +0 +0 +0 +8.128545e-09
4 +0 +0 +0 +5.013313e-09
5 +0 +0 +0 +3.216098e-09
6 +0 +0 +0 +2.063707e-09
7 +0 +0 +0 +1.398063e-09
8 +0 +0 +0 +9.304744e-10
9 +0 +0 +0 +6.114204e-10
10 +0 +0 +0 +4.164515e-10
11 +0 +0 +0 +2.838173e-10
12 +0 +0 +0 +1.951508e-10
13 +0 +0 +0 +1.285042e-10
14 +0 +0 +0 +8.446641e-11
15 +0 +0 +0 +5.461461e-11
16 +0 +0 +0 +3.631762e-11
17 +0 +0 +0 +2.016543e-11
18 +0 +0 +0 +1.313210e-11
19 +0 +0 +0 +9.963786e-12
20 +0 +0 +0 +3.956287e-12
21 +0 +0 +0 +1.926514e-12
22 +0 +0 +0 +2.989873e-12
23 +0 +0 +0 +1.556116e-12
24 +0 +0 +0 +1.324318e-12
25 +0 +0 +0 -5.892950e-13
26 +0 +0 +0 -6.188798e-14
27 +0 +0 +0 +8.230418e-13
28 +0 +0 +0 +1.440855e-12
29 +0 +0 +0 +6.902213e-13
30 +0 +0 +0 -3.838695e-13
31 +0 +0 +0 -2.743092e-13
32 +0 +0 +0 -3.595144e-13
33 +0 +0 +0 +1.897772e-14
34 +0 +0 +0 -1.434804e-13
35 +0 +0 +0 -2.156500e-13
36 +0 +0 +0 -4.745749e-15
37 +0 +0 +0 -1.553215e-13
38 +0 +0 +0 -6.494470e-13
39 +0 +0 +0 -7.330914e-13
40 +0 +0 +0 -5.023400e-13
41 +0 +0 +0 -1.539748e-13
42 +0 +0 +0 +1.997444e-13
43 +0 +0 +0 +2.649442e-13
44 +0 +0 +0 +2.949987e-13
45 +0 +0 +0 +2.350871e-13
46 +0 +0 +0 +1.376397e-13
47 +0 +0 +0 +1.361795e-13
48 +0 +0 +0 -1.274614e-13
49 +0 +0 +0 -1.650464e-13
50 +0 +0 +0 -8.772731e-14
51 +0 +0 +0 +1.402264e-14
52 +0 +0 +0 -9.647648e-16
53 +0 +0 +0 -4.660871e-14
54 +0 +0 +0 -5.091233e-14
55 +0 +0 +0 +5.633684e-14
56 +0 +0 +0 +4.984064e-14
57 +0 +0 +0 +4.841483e-14
58 +0 +0 +0 +1.745814e-13
59 +0 +0 +0 +1.921600e-13
60 +0 +0 +0 +1.762782e-13
61 +0 +0 +0 +1.833546e-13
62 +0 +0 +0 +7.762168e-14
63 +0 +0 +0 +1.568835e-13
