0 +0 +0 +0 +1.384298e-08
1 +0 +0 +0 +2.435715e-08
2 +0 +0 +0 +1.340960e-08
3 +0 +0 +0 +7.985247e-09
4 +0 +0 +0 +4.988278e-09
5 +0 +0 +0 +3.238338e-09
6 +0 +0 +0 +2.091847e-09
7 +0 +0 +0 +1.350003e-09
8 +0 +0 +0 +8.909273e-10
9 +0 +0 +0 +5.931590e-10
10 +0 +0 +0 +3.956535e-10
11 +0 +0 +0 +2.486234e-10
12 +0 +0 +0 +1.694213e-10
13 +0 +0 +0 +1.105059e-10
14 +0 +0 +0 +7.729510e-11
15 +0 +0 +0 +4.951877e-11
16 +0 +0 +0 +3.261592e-11
17 +0 +0 +0 +2.429818e-11
18 +0 +0 +0 +1.885709e-11
19 +0 +0 +0 +1.274929e-11
20 +0 +0 +0 +9.325557e-12
21 +0 +0 +0 +7.271497e-12
22 +0 +0 +0 +4.359771e-12
23 +0 +0 +0 +3.340041e-12
24 +0 +0 +0 +1.479646e-12
25 +0 +0 +0 +2.341862e-12
26 +0 +0 +0 +1.797443e-12
27 +0 +0 +0 +1.449431e-12
28 +0 +0 +0 +5.511289e-13
29 +0 +0 +0 +8.808883e-14
30 +0 +0 +0 +7.706364e-13
31 +0 +0 +0 +1.459286e-12
32 +0 +0 +0 +8.781625e-13
33 +0 +0 +0 +4.718396e-13
34 +0 +0 +0 +3.026885e-13
35 +0 +0 +0 +1.018427e-13
36 +0 +0 +0 -1.222672e-13
37 +0 +0 +0 +1.151742e-13
38 +0 +0 +0 +1.026412e-13
39 +0 +0 +0 +1.161676e-13
40 +0 +0 +0 +1.227440e-15
41 +0 +0 +0 +1.046778e-13
42 +0 +0 +0 +1.020110e-13
43 +0 +0 +0 -3.117016e-15
44 +0 +0 +0 +3.731611e-13
45 +0 +0 +0 +2.654495e-13
46 +0 +0 +0 +3.053805e-13
47 +0 +0 +0 -1.719988e-16
48 +0 +0 +0 -1.848216e-13
49 +0 +0 +0 -1.006754e-13
50 +0 +0 +0 -1.972782e-13
51 +0 +0 +0 -2.388944e-13
52 +0 +0 +0 -9.118865e-14
53 +0 +0 +0 -5.922353e-14
54 +0 +0 +0 -5.803749e-14
55 +0 +0 +0 -7.987259e-14
56 +0 +0 +0 +5.059061e-15
57 +0 +0 +0 +7.703648e-14
58 +0 +0 +0 -1.739430e-14
59 +0 +0 +0 -3.893671e-14
60 +0 +0 +0 -2.295413e-15
61 +0 +0 +0 +9.696137e-14
62 +0 +0 +0 +1.071438e-13
63 +0 +0 +0 +5.879378e-14
