0 +0 +0 +0 +1.362181e-08
1 +0 +0 +0 +2.517460e-08
2 +0 +0 +0 +1.377175e-08
3 +0 +0 +0 +8.084468e-09
4 +0 +0 +0 +4.987210e-09
5 +0 +0 +0 +3.172481e-09
6 +0 +0 +0 +2.037923e-09
7 +0 +0 +0 +1.332595e-09
8 +0 +0 +0 +8.906045e-10
9 +0 +0 +0 +5.950187e-10
10 +0 +0 +0 +3.931260e-10
11 +0 +0 +0 +2.615888e-10
12 +0 +0 +0 +1.797096e-10
13 +0 +0 +0 +1.235524e-10
14 +0 +0 +0 +8.890362e-11
15 +0 +0 +0 +5.922180e-11
16 +0 +0 +0 +3.833978e-11
17 +0 +0 +0 +2.771894e-11
18 +0 +0 +0 +1.991029e-11
19 +0 +0 +0 +1.344732e-11
20 +0 +0 +0 +8.036578e-12
21 +0 +0 +0 +3.785511e-12
22 +0 +0 +0 +1.846358e-12
23 +0 +0 +0 +7.071539e-14
24 +0 +0 +0 +8.009568e-13
25 +0 +0 +0 -1.030080e-12
26 +0 +0 +0 -1.830808e-12
27 +0 +0 +0 -5.852383e-13
28 +0 +0 +0 -4.710912e-13
29 +0 +0 +0 +4.990182e-13
30 +0 +0 +0 +5.632569e-13
31 +0 +0 +0 +6.799876e-13
32 +0 +0 +0 -1.042541e-13
33 +0 +0 +0 -6.025546e-13
34 +0 +0 +0 -4.683403e-13
35 +0 +0 +0 -3.511726e-13
36 +0 +0 +0 -5.563794e-13
37 +0 +0 +0 -5.380334e-13
38 +0 +0 +0 -3.692044e-13
39 +0 +0 +0 -1.123464e-13
40 +0 +0 +0 -2.731789e-13
41 +0 +0 +0 -8.833130e-14
42 +0 +0 +0 -3.331727e-14
43 +0 +0 +0 -3.439381e-13
44 +0 +0 +0 -2.866776e-13
45 +0 +0 +0 -2.744860e-13
46 +0 +0 +0 -1.829016e-13
47 +0 +0 +0 -8.079599e-14
48 +0 +0 +0 -1.619206e-13
49 +0 +0 +0 -1.082432e-14
50 +0 +0 +0 +3.215833e-14
51 +0 +0 +0 -1.145390e-13
52 +0 +0 +0 -1.571929e-13
53 +0 +0 +0 -1.724348e-14
54 +0 +0 +0 -5.690578e-14
55 +0 +0 +0 +1.228129e-14
56 +0 +0 +0 +8.729939e-14
57 +0 +0 +0 -1.020923e-13
58 +0 +0 +0 +8.150920e-15
59 +0 +0 +0 +4.299537e-14
60 +0 +0 +0 -3.269413e-14
61 +0 +0 +0 -3.715961e-14
62 +0 +0 +0 -9.766701e-15
63 +0 +0 +0 +5.515840e-14
