0 +0 +0 +0 +1.377163e-08
1 +0 +0 +0 +2.507157e-08
2 +0 +0 +0 +1.418303e-08
3 +0 +0 +0 +8.400941e-09
4 +0 +0 +0 +5.218749e-09
5 +0 +0 +0 +3.282271e-09
6 +0 +0 +0 +2.108940e-09
7 +0 +0 +0 +1.399218e-09
8 +0 +0 +0 +9.454341e-10
9 +0 +0 +0 +6.199219e-10
10 +0 +0 +0 +4.176812e-10
11 +0 +0 +0 +2.796381e-10
12 +0 +0 +0 +1.874330e-10
13 +0 +0 +0 +1.189367e-10
14 +0 +0 +0 +8.632900e-11
15 +0 +0 +0 +6.729387e-11
16 +0 +0 +0 +4.814495e-11
17 +0 +0 +0 +3.712645e-11
18 +0 +0 +0 +2.959683e-11
19 +0 +0 +0 +1.980213e-11
20 +0 +0 +0 +1.219486e-11
21 +0 +0 +0 +8.589502e-12
22 +0 +0 +0 +5.413816e-12
23 +0 +0 +0 +4.753199e-12
24 +0 +0 +0 +3.170497e-12
25 +0 +0 +0 +1.932528e-12
26 +0 +0 +0 +7.301429e-13
27 +0 +0 +0 +1.942062e-13
28 +0 +0 +0 +9.611630e-13
29 +0 +0 +0 +1.059491e-12
30 +0 +0 +0 +6.831765e-13
31 +0 +0 +0 +3.986479e-13
32 +0 +0 +0 -2.724065e-14
33 +0 +0 +0 -1.984792e-13
34 +0 +0 +0 -3.926065e-13
35 +0 +0 +0 +2.062862e-13
36 +0 +0 +0 -2.120874e-14
37 +0 +0 +0 +1.288900e-13
38 +0 +0 +0 +1.891978e-13
39 +0 +0 +0 +3.209791e-13
40 +0 +0 +0 +1.619980e-13
41 +0 +0 +0 +3.789508e-14
42 +0 +0 +0 -2.119838e-13
43 +0 +0 +0 +2.647276e-14
44 +0 +0 +0 -3.017781e-14
45 +0 +0 +0 +5.391363e-14
46 +0 +0 +0 -8.132925e-14
47 +0 +0 +0 -2.540420e-13
48 +0 +0 +0 -1.324991e-13
49 +0 +0 +0 -4.649830e-14
50 +0 +0 +0 -1.556935e-13
51 +0 +0 +0 -1.143982e-13
52 +0 +0 +0 +2.982834e-14
53 +0 +0 +0 +1.002755e-13
54 +0 +0 +0 +5.896379e-14
55 +0 +0 +0 +1.073560e-13
56 +0 +0 +0 -2.986647e-14
57 +0 +0 +0 -1.527939e-14
58 +0 +0 +0 +1.175080e-14
59 +0 +0 +0 +5.705714e-14
60 +0 +0 +0 +5.037894e-14
61 +0 +0 +0 +1.363821e-13
62 +0 +0 +0 +1.342610e-13
63 +0 +0 +0 +1.104912e-13
