0 +0 +0 +0 +1.235889e-08
1 +0 +0 +0 +2.387967e-08
2 +0 +0 +0 +1.334404e-08
3 +0 +0 +0 +7.994163e-09
4 +0 +0 +0 +4.903236e-09
5 +0 +0 +0 +3.093046e-09
6 +0 +0 +0 +2.065807e-09
7 +0 +0 +0 +1.361166e-09
8 +0 +0 +0 +8.880258e-10
9 +0 +0 +0 +5.748610e-10
10 +0 +0 +0 +3.801011e-10
11 +0 +0 +0 +2.578914e-10
12 +0 +0 +0 +1.787936e-10
13 +0 +0 +0 +1.249594e-10
14 +0 +0 +0 +8.941259e-11
15 +0 +0 +0 +5.739747e-11
16 +0 +0 +0 +3.892904e-11
17 +0 +0 +0 +2.474006e-11
18 +0 +0 +0 +1.619461e-11
19 +0 +0 +0 +1.277639e-11
20 +0 +0 +0 +9.485447e-12
21 +0 +0 +0 +8.207228e-12
22 +0 +0 +0 +5.670618e-12
23 +0 +0 +0 +6.220451e-12
24 +0 +0 +0 +5.397299e-12
25 +0 +0 +0 +4.065015e-12
26 +0 +0 +0 +2.350975e-12
27 +0 +0 +0 +1.242955e-12
28 +0 +0 +0 +1.601021e-12
29 +0 +0 +0 +1.222521e-12
30 +0 +0 +0 +6.598754e-13
31 +0 +0 +0 +1.099960e-12
32 +0 +0 +0 +1.338159e-12
33 +0 +0 +0 +9.880625e-13
34 +0 +0 +0 +7.222220e-13
35 +0 +0 +0 +7.337147e-13
36 +0 +0 +0 +3.407433e-13
37 +0 +0 +0 -1.045413e-13
38 +0 +0 +0 -1.597535e-13
39 +0 +0 +0 +2.454869e-13
40 +0 +0 +0 +3.383545e-13
41 +0 +0 +0 +4.380815e-13
42 +0 +0 +0 +9.352943e-14
43 +0 +0 +0 +3.722519e-13
44 +0 +0 +0 +4.569584e-13
45 +0 +0 +0 +4.807222e-13
46 +0 +0 +0 +1.191087e-13
47 +0 +0 +0 +2.399142e-13
48 +0 +0 +0 +2.094280e-13
49 +0 +0 +0 -4.151947e-14
50 +0 +0 +0 -7.286331e-14
51 +0 +0 +0 +1.231469e-14
52 +0 +0 +0 -7.424350e-14
53 +0 +0 +0 -3.884069e-14
54 +0 +0 +0 -5.935249e-14
55 +0 +0 +0 -6.220274e-15
56 +0 +0 +0 -5.875432e-14
57 +0 +0 +0 -2.734046e-14
58 +0 +0 +0 -2.692368e-14
59 +0 +0 +0 -1.182943e-13
60 +0 +0 +0 -1.483935e-13
61 +0 +0 +0 -1.175859e-13
62 +0 +0 +0 -1.790666e-13
63 +0 +0 +0 -1.005359e-13
