0 +0 +0 +0 +1.368422e-08
1 +0 +0 +0 +2.457884e-08
2 +0 +0 +0 +1.351495e-08
3 +0 +0 +0 +7.911639e-09
4 +0 +0 +0 +4.889289e-09
5 +0 +0 +0 +3.133150e-09
6 +0 +0 +0 +2.072229e-09
7 +0 +0 +0 +1.379969e-09
8 +0 +0 +0 +9.129838e-10
9 +0 +0 +0 +6.018120e-10
10 +0 +0 +0 +3.985657e-10
11 +0 +0 +0 +2.620978e-10
12 +0 +0 +0 +1.816974e-10
13 +0 +0 +0 +1.234955e-10
14 +0 +0 +0 +8.182483e-11
15 +0 +0 +0 +5.725859e-11
16 +0 +0 +0 +4.206953e-11
17 +0 +0 +0 +2.760657e-11
18 +0 +0 +0 +2.083311e-11
19 +0 +0 +0 +1.559124e-11
20 +0 +0 +0 +1.175090e-11
21 +0 +0 +0 +6.809418e-12
22 +0 +0 +0 +4.984255e-12
23 +0 +0 +0 +2.212196e-12
24 +0 +0 +0 +3.315814e-13
25 +0 +0 +0 +1.179895e-12
26 +0 +0 +0 -4.825300e-14
27 +0 +0 +0 -4.512297e-13
28 +0 +0 +0 -1.986765e-13
29 +0 +0 +0 -7.813268e-13
30 +0 +0 +0 -1.130709e-12
31 +0 +0 +0 -1.641497e-12
32 +0 +0 +0 -1.118260e-12
33 +0 +0 +0 -8.100970e-13
34 +0 +0 +0 -9.417625e-13
35 +0 +0 +0 -3.831560e-13
36 +0 +0 +0 -5.103024e-13
37 +0 +0 +0 -1.905155e-13
38 +0 +0 +0 -9.800840e-14
39 +0 +0 +0 +3.190282e-14
40 +0 +0 +0 -9.592250e-14
41 +0 +0 +0 +1.748307e-13
42 +0 +0 +0 +2.098057e-13
43 +0 +0 +0 +3.467161e-13
44 +0 +0 +0 +1.645302e-13
45 +0 +0 +0 +1.587940e-13
46 +0 +0 +0 +3.627021e-14
47 +0 +0 +0 -7.671339e-14
48 +0 +0 +0 -6.592847e-14
49 +0 +0 +0 -1.576534e-13
50 +0 +0 +0 -9.856217e-14
51 +0 +0 +0 -9.352989e-14
52 +0 +0 +0 -1.283313e-13
53 +0 +0 +0 -8.856655e-14
54 +0 +0 +0 +9.241720e-15
55 +0 +0 +0 +2.948304e-14
56 +0 +0 +0 +1.086939e-13
57 +0 +0 +0 +1.686925e-13
58 +0 +0 +0 +7.259487e-14
59 +0 +0 +0 +3.861004e-14
60 +0 +0 +0 +1.129542e-13
61 +0 +0 +0 +1.476488e-13
62 +0 +0 +0 +1.476574e-13
63 +0 +0 +0 +4.920056e-14
