0 +0 +0 +0 +1.321551e-08
1 +0 +0 +0 +2.448854e-08
2 +0 +0 +0 +1.351822e-08
3 +0 +0 +0 +7.824795e-09
4 +0 +0 +0 +4.923738e-09
5 +0 +0 +0 +3.247728e-09
6 +0 +0 +0 +2.047135e-09
7 +0 +0 +0 +1.326154e-09
8 +0 +0 +0 +8.750337e-10
9 +0 +0 +0 +5.762113e-10
10 +0 +0 +0 +3.922810e-10
11 +0 +0 +0 +2.690200e-10
12 +0 +0 +0 +1.829042e-10
13 +0 +0 +0 +1.228191e-10
14 +0 +0 +0 +7.929525e-11
15 +0 +0 +0 +5.332549e-11
16 +0 +0 +0 +3.740422e-11
17 +0 +0 +0 +3.131159e-11
18 +0 +0 +0 +2.288038e-11
19 +0 +0 +0 +1.359290e-11
20 +0 +0 +0 +8.991789e-12
21 +0 +0 +0 +6.688186e-12
22 +0 +0 +0 +4.210712e-12
23 +0 +0 +0 +3.919982e-12
24 +0 +0 +0 +3.306702e-12
25 +0 +0 +0 +1.819465e-12
26 +0 +0 +0 +9.895920e-13
27 +0 +0 +0 +7.027339e-13
28 +0 +0 +0 +5.951842e-13
29 +0 +0 +0 +5.079026e-13
30 +0 +0 +0 +2.708376e-13
31 +0 +0 +0 +2.416844e-13
32 +0 +0 +0 +6.482061e-14
33 +0 +0 +0 +1.673709e-13
34 +0 +0 +0 +3.985303e-14
35 +0 +0 +0 -8.731435e-14
36 +0 +0 +0 -6.565420e-14
37 +0 +0 +0 -2.944669e-13
38 +0 +0 +0 +3.117278e-13
39 +0 +0 +0 +1.711688e-13
40 +0 +0 +0 +1.368331e-13
41 +0 +0 +0 +2.544835e-13
42 +0 +0 +0 -1.572766e-13
43 +0 +0 +0 -1.230671e-13
44 +0 +0 +0 +4.888472e-14
45 +0 +0 +0 +2.982875e-14
46 +0 +0 +0 +3.882311e-14
47 +0 +0 +0 +1.872256e-13
48 +0 +0 +0 +1.881545e-13
49 +0 +0 +0 +8.186664e-14
50 +0 +0 +0 -7.788639e-14
51 +0 +0 +0 -1.666403e-13
52 +0 +0 +0 -1.967445e-13
53 +0 +0 +0 -2.173193e-13
54 +0 +0 +0 -5.655600e-14
55 +0 +0 +0 +7.503729e-15
56 +0 +0 +0 +2.101478e-14
57 +0 +0 +0 +7.508487e-15
58 +0 +0 +0 -1.571143e-14
59 +0 +0 +0 +4.180736e-14
60 +0 +0 +0 -2.379782e-14
61 +0 +0 +0 +7.699869e-14
62 +0 +0 +0 +4.790678e-14
63 +0 +0 +0 +1.223337e-14
