0 +0 +0 +0 +1.350156e-08
1 +0 +0 +0 +2.483096e-08
2 +0 +0 +0 +1.369830e-08
3 +0 +0 +0 +7.940341e-09
4 +0 +0 +0 +4.973086e-09
5 +0 +0 +0 +3.167984e-09
6 +0 +0 +0 +2.070526e-09
7 +0 +0 +0 +1.383390e-09
8 +0 +0 +0 +9.314690e-10
9 +0 +0 +0 +6.069254e-10
10 +0 +0 +0 +4.016029e-10
11 +0 +0 +0 +2.676039e-10
12 +0 +0 +0 +1.923552e-10
13 +0 +0 +0 +1.313553e-10
14 +0 +0 +0 +8.942348e-11
15 +0 +0 +0 +6.406464e-11
16 +0 +0 +0 +4.513855e-11
17 +0 +0 +0 +3.203811e-11
18 +0 +0 +0 +2.382531e-11
19 +0 +0 +0 +1.522618e-11
20 +0 +0 +0 +1.287301e-11
21 +0 +0 +0 +1.016945e-11
22 +0 +0 +0 +6.955931e-12
23 +0 +0 +0 +4.247250e-12
24 +0 +0 +0 +3.185815e-12
25 +0 +0 +0 +2.270530e-12
26 +0 +0 +0 +2.119458e-12
27 +0 +0 +0 +1.110234e-12
28 +0 +0 +0 +1.023865e-12
29 +0 +0 +0 +4.578376e-13
30 +0 +0 +0 +8.795019e-13
31 +0 +0 +0 +5.454510e-13
32 +0 +0 +0 +3.915947e-13
33 +0 +0 +0 +1.980884e-13
34 +0 +0 +0 +1.778210e-13
35 +0 +0 +0 +2.684076e-13
36 +0 +0 +0 +1.367547e-13
37 +0 +0 +0 +1.153491e-13
38 +0 +0 +0 +1.722703e-14
39 +0 +0 +0 +3.706436e-13
40 +0 +0 +0 -1.937417e-13
41 +0 +0 +0 +8.970720e-14
42 +0 +0 +0 +9.150186e-14
43 +0 +0 +0 +7.856992e-14
44 +0 +0 +0 +1.023107e-14
45 +0 +0 +0 -4.082253e-14
46 +0 +0 +0 +1.575470e-13
47 +0 +0 +0 +3.906298e-14
48 +0 +0 +0 +1.083555e-13
49 +0 +0 +0 +1.396912e-13
50 +0 +0 +0 +1.267958e-13
51 +0 +0 +0 +3.181469e-13
52 +0 +0 +0 +3.112257e-13
53 +0 +0 +0 +2.291713e-13
54 +0 +0 +0 +1.673407e-13
55 +0 +0 +0 +2.254265e-13
56 +0 +0 +0 +1.169968e-13
57 +0 +0 +0 +1.132095e-13
58 +0 +0 +0 +2.190664e-13
59 +0 +0 +0 +1.880158e-13
60 +0 +0 +0 +1.178471e-13
61 +0 +0 +0 +1.797893e-13
62 +0 +0 +0 +1.054656e-13
63 +0 +0 +0 +1.082571e-13
