0 +0 +0 +0 +1.312826e-08
1 +0 +0 +0 +2.381034e-08
2 +0 +0 +0 +1.304749e-08
3 +0 +0 +0 +7.683701e-09
4 +0 +0 +0 +4.736916e-09
5 +0 +0 +0 +3.000469e-09
6 +0 +0 +0 +1.928693e-09
7 +0 +0 +0 +1.245209e-09
8 +0 +0 +0 +8.294520e-10
9 +0 +0 +0 +5.550696e-10
10 +0 +0 +0 +3.676309e-10
11 +0 +0 +0 +2.347803e-10
12 +0 +0 +0 +1.574482e-10
13 +0 +0 +0 +1.002061e-10
14 +0 +0 +0 +6.527446e-11
15 +0 +0 +0 +4.644210e-11
16 +0 +0 +0 +3.437497e-11
17 +0 +0 +0 +2.542336e-11
18 +0 +0 +0 +1.736924e-11
19 +0 +0 +0 +9.539505e-12
20 +0 +0 +0 +7.334224e-12
21 +0 +0 +0 +5.863162e-12
22 +0 +0 +0 +5.427196e-12
23 +0 +0 +0 +3.539580e-12
24 +0 +0 +0 +3.162200e-12
25 +0 +0 +0 +3.365434e-12
26 +0 +0 +0 +2.735315e-12
27 +0 +0 +0 +2.157228e-12
28 +0 +0 +0 +2.512435e-12
29 +0 +0 +0 +1.804009e-12
30 +0 +0 +0 +1.490264e-12
31 +0 +0 +0 +6.321192e-13
32 +0 +0 +0 +2.788339e-13
33 +0 +0 +0 -4.990306e-14
34 +0 +0 +0 +2.635923e-13
35 +0 +0 +0 +3.583175e-14
36 +0 +0 +0 -2.065727e-13
37 +0 +0 +0 +5.658413e-14
38 +0 +0 +0 +2.130295e-13
39 +0 +0 +0 +4.243011e-14
40 +0 +0 +0 +2.773044e-13
41 +0 +0 +0 +3.226792e-13
42 +0 +0 +0 +1.674536e-13
43 +0 +0 +0 +5.005238e-14
44 +0 +0 +0 +1.512438e-13
45 +0 +0 +0 -2.107592e-13
46 +0 +0 +0 -2.704771e-13
47 +0 +0 +0 -4.203065e-13
48 +0 +0 +0 -2.360849e-13
49 +0 +0 +0 -2.488500e-13
50 +0 +0 +0 -1.020389e-13
51 +0 +0 +0 -4.055677e-14
52 +0 +0 +0 +1.042861e-13
53 +0 +0 +0 +4.122132e-14
54 +0 +0 +0 +1.218606e-14
55 +0 +0 +0 +4.413377e-15
56 +0 +0 +0 +4.226878e-14
57 +0 +0 +0 +7.409773e-14
58 +0 +0 +0 +1.086551e-13
59 +0 +0 +0 +1.277517e-13
60 +0 +0 +0 +1.810740e-13
61 +0 +0 +0 +1.903939e-13
62 +0 +0 +0 +1.401414e-13
63 +0 +0 +0 +1.180054e-13
