0 +0 +0 +0 +1.285933e-08
1 +0 +0 +0 +2.388397e-08
2 +0 +0 +0 +1.313393e-08
3 +0 +0 +0 +7.926048e-09
4 +0 +0 +0 +4.825817e-09
5 +0 +0 +0 +3.145295e-09
6 +0 +0 +0 +2.003345e-09
7 +0 +0 +0 +1.315929e-09
8 +0 +0 +0 +8.480489e-10
9 +0 +0 +0 +5.609987e-10
10 +0 +0 +0 +3.859171e-10
11 +0 +0 +0 +2.657944e-10
12 +0 +0 +0 +1.809229e-10
13 +0 +0 +0 +1.215231e-10
14 +0 +0 +0 +7.969766e-11
15 +0 +0 +0 +5.672665e-11
16 +0 +0 +0 +4.059428e-11
17 +0 +0 +0 +2.748389e-11
18 +0 +0 +0 +1.926837e-11
19 +0 +0 +0 +1.332080e-11
20 +0 +0 +0 +8.760236e-12
21 +0 +0 +0 +4.854723e-12
22 +0 +0 +0 +3.132141e-12
23 +0 +0 +0 +2.192584e-12
24 +0 +0 +0 +2.454662e-12
25 +0 +0 +0 +2.372397e-12
26 +0 +0 +0 +2.342481e-12
27 +0 +0 +0 +1.482788e-12
28 +0 +0 +0 +1.077087e-12
29 +0 +0 +0 +9.865007e-13
30 +0 +0 +0 +9.003014e-13
31 +0 +0 +0 +5.065519e-13
32 +0 +0 +0 +6.786206e-13
33 +0 +0 +0 +4.262485e-13
34 +0 +0 +0 +6.693039e-13
35 +0 +0 +0 +6.005196e-13
36 +0 +0 +0 +4.549102e-13
37 +0 +0 +0 +1.344904e-14
38 +0 +0 +0 +2.160949e-13
39 +0 +0 +0 +9.996169e-14
40 +0 +0 +0 +2.010502e-13
41 +0 +0 +0 -1.336674e-13
42 +0 +0 +0 -1.827783e-13
43 +0 +0 +0 +2.041334e-14
44 +0 +0 +0 -3.905296e-14
45 +0 +0 +0 +8.249280e-15
46 +0 +0 +0 +6.705538e-14
47 +0 +0 +0 -2.025538e-14
48 +0 +0 +0 -3.446600e-14
49 +0 +0 +0 -9.502314e-14
50 +0 +0 +0 -3.532227e-14
51 +0 +0 +0 -1.062677e-13
52 +0 +0 +0 -1.194059e-13
53 +0 +0 +0 -6.843953e-14
54 +0 +0 +0 +6.062385e-14
55 +0 +0 +0 +6.067285e-14
56 +0 +0 +0 +3.051580e-14
57 +0 +0 +0 +7.902032e-14
58 +0 +0 +0 +2.019020e-13
59 +0 +0 +0 +7.576463e-14
60 +0 +0 +0 +2.160543e-14
61 +0 +0 +0 -1.000351e-13
62 +0 +0 +0 -1.874466e-13
63 +0 +0 +0 -1.701508e-13
