0 +0 +0 +0 +1.283042e-08
1 +0 +0 +0 +2.413297e-08
2 +0 +0 +0 +1.348755e-08
3 +0 +0 +0 +7.913362e-09
4 +0 +0 +0 +4.925614e-09
5 +0 +0 +0 +3.167859e-09
6 +0 +0 +0 +2.044432e-09
7 +0 +0 +0 +1.339129e-09
8 +0 +0 +0 +8.975581e-10
9 +0 +0 +0 +5.886391e-10
10 +0 +0 +0 +3.937297e-10
11 +0 +0 +0 +2.651112e-10
12 +0 +0 +0 +1.808461e-10
13 +0 +0 +0 +1.177196e-10
14 +0 +0 +0 +7.838788e-11
15 +0 +0 +0 +5.453934e-11
16 +0 +0 +0 +3.750175e-11
17 +0 +0 +0 +2.520220e-11
18 +0 +0 +0 +1.692562e-11
19 +0 +0 +0 +1.362978e-11
20 +0 +0 +0 +1.228987e-11
21 +0 +0 +0 +8.034686e-12
22 +0 +0 +0 +8.523031e-12
23 +0 +0 +0 +6.046439e-12
24 +0 +0 +0 +4.223167e-12
25 +0 +0 +0 +2.729019e-12
26 +0 +0 +0 +8.860629e-13
27 +0 +0 +0 +8.433338e-13
28 +0 +0 +0 +5.517808e-13
29 +0 +0 +0 +9.479927e-13
30 +0 +0 +0 +1.143274e-12
31 +0 +0 +0 +1.315181e-12
32 +0 +0 +0 +7.639161e-13
33 +0 +0 +0 +8.207224e-13
34 +0 +0 +0 +7.093239e-13
35 +0 +0 +0 +2.972039e-13
36 +0 +0 +0 +9.562413e-14
37 +0 +0 +0 -9.244727e-15
38 +0 +0 +0 -2.173801e-13
39 +0 +0 +0 -3.506530e-14
40 +0 +0 +0 -2.574300e-13
41 +0 +0 +0 -1.191493e-13
42 +0 +0 +0 -1.014780e-13
43 +0 +0 +0 -1.252996e-14
44 +0 +0 +0 -1.074584e-13
45 +0 +0 +0 -1.437980e-13
46 +0 +0 +0 -7.209839e-14
47 +0 +0 +0 +1.153832e-13
48 +0 +0 +0 +1.715846e-13
49 +0 +0 +0 +1.172007e-13
50 +0 +0 +0 +3.406195e-14
51 +0 +0 +0 -1.277889e-14
52 +0 +0 +0 -1.252245e-13
53 +0 +0 +0 -1.015428e-13
54 +0 +0 +0 -1.158520e-13
55 +0 +0 +0 -1.454671e-13
56 +0 +0 +0 -2.358891e-13
57 +0 +0 +0 -1.943729e-13
58 +0 +0 +0 -1.406206e-13
59 +0 +0 +0 -2.076781e-13
60 +0 +0 +0 -2.366152e-13
61 +0 +0 +0 -2.236810e-13
62 +0 +0 +0 -2.613952e-13
63 +0 +0 +0 -2.752931e-13
