0 +0 +0 +0 +1.334548e-08
1 +0 +0 +0 +2.508809e-08
2 +0 +0 +0 +1.385408e-08
3 +0 +0 +0 +8.177577e-09
4 +0 +0 +0 +5.008442e-09
5 +0 +0 +0 +3.216172e-09
6 +0 +0 +0 +2.039747e-09
7 +0 +0 +0 +1.348194e-09
8 +0 +0 +0 +8.742640e-10
9 +0 +0 +0 +5.750213e-10
10 +0 +0 +0 +3.678312e-10
11 +0 +0 +0 +2.504081e-10
12 +0 +0 +0 +1.667772e-10
13 +0 +0 +0 +1.065955e-10
14 +0 +0 +0 +7.160193e-11
15 +0 +0 +0 +5.239989e-11
16 +0 +0 +0 +3.842766e-11
17 +0 +0 +0 +2.700042e-11
18 +0 +0 +0 +1.815935e-11
19 +0 +0 +0 +1.238845e-11
20 +0 +0 +0 +5.459190e-12
21 +0 +0 +0 +2.504029e-12
22 +0 +0 +0 +1.450372e-12
23 +0 +0 +0 +9.033014e-13
24 +0 +0 +0 +1.596892e-12
25 +0 +0 +0 +2.531178e-12
26 +0 +0 +0 +2.179320e-12
27 +0 +0 +0 +2.748955e-12
28 +0 +0 +0 +1.940892e-12
29 +0 +0 +0 +1.914107e-12
30 +0 +0 +0 +9.681112e-13
31 +0 +0 +0 +9.371065e-13
32 +0 +0 +0 +6.100129e-13
33 +0 +0 +0 +4.319455e-13
34 +0 +0 +0 +4.884261e-13
35 +0 +0 +0 +5.010625e-13
36 +0 +0 +0 +2.301136e-13
37 +0 +0 +0 +5.509504e-13
38 +0 +0 +0 +3.162127e-13
39 +0 +0 +0 +1.619490e-13
40 +0 +0 +0 -2.901676e-14
41 +0 +0 +0 +1.621459e-13
42 +0 +0 +0 +1.946007e-13
43 +0 +0 +0 +4.385609e-13
44 +0 +0 +0 +5.052585e-13
45 +0 +0 +0 +3.631847e-13
46 +0 +0 +0 +2.378250e-13
47 +0 +0 +0 +3.032806e-13
48 +0 +0 +0 +2.324236e-13
49 +0 +0 +0 +1.975376e-13
50 +0 +0 +0 +1.483523e-14
51 +0 +0 +0 +1.859256e-13
52 +0 +0 +0 +2.750626e-13
53 +0 +0 +0 +2.580113e-13
54 +0 +0 +0 +1.830794e-13
55 +0 +0 +0 +2.547877e-13
56 +0 +0 +0 +2.327327e-13
57 +0 +0 +0 +1.921383e-13
58 +0 +0 +0 +1.637323e-13
59 +0 +0 +0 +1.496159e-13
60 +0 +0 +0 +8.909515e-14
61 +0 +0 +0 +2.697511e-14
62 +0 +0 +0 +5.774576e-14
63 +0 +0 +0 -1.898568e-14
