0 +0 +0 +0 +1.313863e-08
1 +0 +0 +0 +2.379338e-08
2 +0 +0 +0 +1.329833e-08
3 +0 +0 +0 +7.856190e-09
4 +0 +0 +0 +4.776638e-09
5 +0 +0 +0 +3.057402e-09
6 +0 +0 +0 +2.016756e-09
7 +0 +0 +0 +1.325801e-09
8 +0 +0 +0 +8.923637e-10
9 +0 +0 +0 +6.009034e-10
10 +0 +0 +0 +4.057425e-10
11 +0 +0 +0 +2.603676e-10
12 +0 +0 +0 +1.756709e-10
13 +0 +0 +0 +1.216829e-10
14 +0 +0 +0 +8.274359e-11
15 +0 +0 +0 +5.916581e-11
16 +0 +0 +0 +4.144060e-11
17 +0 +0 +0 +2.980426e-11
18 +0 +0 +0 +1.886291e-11
19 +0 +0 +0 +1.459188e-11
20 +0 +0 +0 +1.031551e-11
21 +0 +0 +0 +6.379643e-12
22 +0 +0 +0 +4.200621e-12
23 +0 +0 +0 +2.695687e-12
24 +0 +0 +0 +3.300285e-12
25 +0 +0 +0 +1.982251e-12
26 +0 +0 +0 +2.039847e-12
27 +0 +0 +0 +1.364140e-12
28 +0 +0 +0 +1.549878e-12
29 +0 +0 +0 +6.451846e-13
30 +0 +0 +0 +1.426409e-12
31 +0 +0 +0 +3.445915e-13
32 +0 +0 +0 -1.452537e-13
33 +0 +0 +0 +1.844009e-13
34 +0 +0 +0 +2.212194e-14
35 +0 +0 +0 +4.221053e-14
36 +0 +0 +0 +3.101151e-13
37 +0 +0 +0 -1.070925e-13
38 +0 +0 +0 -1.632782e-13
39 +0 +0 +0 +1.170925e-13
40 +0 +0 +0 +1.688586e-13
41 +0 +0 +0 +1.037372e-13
42 +0 +0 +0 -6.050042e-14
43 +0 +0 +0 -4.533615e-14
44 +0 +0 +0 +8.503941e-14
45 +0 +0 +0 +5.017990e-14
46 +0 +0 +0 +1.134333e-13
47 +0 +0 +0 +8.260556e-14
48 +0 +0 +0 +1.197002e-13
49 +0 +0 +0 +8.529652e-14
50 +0 +0 +0 +1.336572e-13
51 +0 +0 +0 +1.054561e-13
52 +0 +0 +0 +2.058300e-13
53 +0 +0 +0 +1.893071e-13
54 +0 +0 +0 +2.685848e-13
55 +0 +0 +0 +2.137219e-13
56 +0 +0 +0 +1.581010e-13
57 +0 +0 +0 +7.607782e-14
58 +0 +0 +0 +5.084545e-14
59 +0 +0 +0 -2.124160e-14
60 +0 +0 +0 -4.764845e-14
61 +0 +0 +0 -1.307605e-13
62 +0 +0 +0 -1.130327e-13
63 +0 +0 +0 -5.622912e-14
