0 +0 +0 +0 +1.360076e-08
1 +0 +0 +0 +2.477516e-08
2 +0 +0 +0 +1.389493e-08
3 +0 +0 +0 +8.165572e-09
4 +0 +0 +0 +5.020465e-09
5 +0 +0 +0 +3.145585e-09
6 +0 +0 +0 +2.075787e-09
7 +0 +0 +0 +1.363398e-09
8 +0 +0 +0 +9.192565e-10
9 +0 +0 +0 +6.041755e-10
10 +0 +0 +0 +4.154272e-10
11 +0 +0 +0 +2.730056e-10
12 +0 +0 +0 +1.878070e-10
13 +0 +0 +0 +1.359282e-10
14 +0 +0 +0 +9.637304e-11
15 +0 +0 +0 +6.350205e-11
16 +0 +0 +0 +4.167602e-11
17 +0 +0 +0 +2.835522e-11
18 +0 +0 +0 +2.004232e-11
19 +0 +0 +0 +1.088557e-11
20 +0 +0 +0 +9.510466e-12
21 +0 +0 +0 +8.167564e-12
22 +0 +0 +0 +6.018783e-12
23 +0 +0 +0 +2.774996e-12
24 +0 +0 +0 +2.101843e-12
25 +0 +0 +0 +2.174766e-12
26 +0 +0 +0 +1.732252e-12
27 +0 +0 +0 +1.652974e-12
28 +0 +0 +0 +2.547556e-12
29 +0 +0 +0 +1.407554e-12
30 +0 +0 +0 +1.199196e-12
31 +0 +0 +0 +1.455616e-12
32 +0 +0 +0 +1.449201e-12
33 +0 +0 +0 +7.505064e-13
34 +0 +0 +0 +4.116316e-13
35 +0 +0 +0 +1.309787e-13
36 +0 +0 +0 -4.826796e-14
37 +0 +0 +0 -3.467093e-13
38 +0 +0 +0 -4.545347e-13
39 +0 +0 +0 +2.037943e-14
40 +0 +0 +0 +3.322228e-14
41 +0 +0 +0 +1.830054e-13
42 +0 +0 +0 +2.400873e-13
43 +0 +0 +0 +1.810208e-13
44 +0 +0 +0 +4.353580e-13
45 +0 +0 +0 +4.269919e-13
46 +0 +0 +0 +2.392244e-13
47 +0 +0 +0 +1.977814e-13
48 +0 +0 +0 +1.377545e-14
49 +0 +0 +0 +5.794972e-14
50 +0 +0 +0 +3.608564e-14
51 +0 +0 +0 -2.548971e-14
52 +0 +0 +0 -6.043462e-14
53 +0 +0 +0 +3.181125e-14
54 +0 +0 +0 -4.720325e-14
55 +0 +0 +0 +1.383638e-14
56 +0 +0 +0 -8.601892e-14
57 +0 +0 +0 -7.002259e-14
58 +0 +0 +0 -1.176113e-14
59 +0 +0 +0 -5.740582e-14
60 +0 +0 +0 -3.263793e-14
61 +0 +0 +0 +1.195736e-14
62 +0 +0 +0 +1.595563e-13
63 +0 +0 +0 +6.745363e-14
