0 +0 +0 +0 +1.349654e-08
1 +0 +0 +0 +2.465475e-08
2 +0 +0 +0 +1.390971e-08
3 +0 +0 +0 +8.045718e-09
4 +0 +0 +0 +4.875741e-09
5 +0 +0 +0 +3.132847e-09
6 +0 +0 +0 +2.039055e-09
7 +0 +0 +0 +1.327168e-09
8 +0 +0 +0 +9.079750e-10
9 +0 +0 +0 +6.099772e-10
10 +0 +0 +0 +4.033189e-10
11 +0 +0 +0 +2.689192e-10
12 +0 +0 +0 +1.762483e-10
13 +0 +0 +0 +1.188473e-10
14 +0 +0 +0 +7.961747e-11
15 +0 +0 +0 +5.428950e-11
16 +0 +0 +0 +3.758940e-11
17 +0 +0 +0 +2.808888e-11
18 +0 +0 +0 +2.039717e-11
19 +0 +0 +0 +1.568704e-11
20 +0 +0 +0 +1.059797e-11
21 +0 +0 +0 +7.348290e-12
22 +0 +0 +0 +6.917727e-12
23 +0 +0 +0 +3.699520e-12
24 +0 +0 +0 +3.153509e-12
25 +0 +0 +0 +3.081264e-12
26 +0 +0 +0 +2.324073e-12
27 +0 +0 +0 +1.772574e-12
28 +0 +0 +0 +1.200327e-12
29 +0 +0 +0 -3.743591e-13
30 +0 +0 +0 -6.893375e-13
31 +0 +0 +0 -4.017767e-13
32 +0 +0 +0 -1.971500e-13
33 +0 +0 +0 +2.682970e-13
34 +0 +0 +0 +5.443861e-13
35 +0 +0 +0 +5.670042e-13
36 +0 +0 +0 +7.792891e-13
37 +0 +0 +0 +9.945950e-13
38 +0 +0 +0 +6.467083e-13
39 +0 +0 +0 +2.587974e-13
40 +0 +0 +0 +3.729169e-13
41 +0 +0 +0 +2.278931e-13
42 +0 +0 +0 +1.702626e-13
43 +0 +0 +0 +2.326196e-13
44 +0 +0 +0 +1.164575e-13
45 +0 +0 +0 +1.415804e-13
46 +0 +0 +0 +1.081623e-13
47 +0 +0 +0 +1.951840e-13
48 +0 +0 +0 +6.477716e-14
49 +0 +0 +0 -9.374765e-14
50 +0 +0 +0 -8.371687e-14
51 +0 +0 +0 -2.052622e-13
52 +0 +0 +0 -2.226093e-13
53 +0 +0 +0 -1.336283e-13
54 +0 +0 +0 -7.331984e-14
55 +0 +0 +0 -1.862784e-13
56 +0 +0 +0 -2.315304e-13
57 +0 +0 +0 -1.374854e-13
58 +0 +0 +0 -1.567014e-13
59 +0 +0 +0 -1.393700e-13
60 +0 +0 +0 -2.480666e-13
61 +0 +0 +0 -2.618632e-13
62 +0 +0 +0 -2.608076e-13
63 +0 +0 +0 -1.641600e-13
