0 +0 +0 +0 +1.329619e-08
1 +0 +0 +0 +2.474144e-08
2 +0 +0 +0 +1.349527e-08
3 +0 +0 +0 +7.916354e-09
4 +0 +0 +0 +4.791490e-09
5 +0 +0 +0 +3.023567e-09
6 +0 +0 +0 +2.028959e-09
7 +0 +0 +0 +1.349035e-09
8 +0 +0 +0 +8.903701e-10
9 +0 +0 +0 +5.876697e-10
10 +0 +0 +0 +3.989952e-10
11 +0 +0 +0 +2.801991e-10
12 +0 +0 +0 +1.845447e-10
13 +0 +0 +0 +1.271759e-10
14 +0 +0 +0 +8.067473e-11
15 +0 +0 +0 +5.159624e-11
16 +0 +0 +0 +3.682319e-11
17 +0 +0 +0 +2.523689e-11
18 +0 +0 +0 +1.696783e-11
19 +0 +0 +0 +1.074473e-11
20 +0 +0 +0 +7.492623e-12
21 +0 +0 +0 +6.436470e-12
22 +0 +0 +0 +5.205616e-12
23 +0 +0 +0 +4.425913e-12
24 +0 +0 +0 +3.045469e-12
25 +0 +0 +0 +1.479374e-12
26 +0 +0 +0 +1.500523e-12
27 +0 +0 +0 +3.595351e-13
28 +0 +0 +0 +3.051612e-13
29 +0 +0 +0 -5.298330e-13
30 +0 +0 +0 -5.807063e-13
31 +0 +0 +0 -1.075896e-12
32 +0 +0 +0 -1.095391e-12
33 +0 +0 +0 -1.028695e-12
34 +0 +0 +0 -4.616659e-13
35 +0 +0 +0 -3.563177e-13
36 +0 +0 +0 -8.167875e-14
37 +0 +0 +0 -1.512907e-13
38 +0 +0 +0 -2.369743e-13
39 +0 +0 +0 -2.518025e-13
40 +0 +0 +0 +1.457528e-13
41 +0 +0 +0 +8.399082e-14
42 +0 +0 +0 +8.226612e-14
43 +0 +0 +0 -5.186776e-14
44 +0 +0 +0 -1.105546e-14
45 +0 +0 +0 +8.972806e-14
46 +0 +0 +0 -7.045082e-15
47 +0 +0 +0 -1.301966e-13
48 +0 +0 +0 -7.903160e-14
49 +0 +0 +0 +2.804080e-14
50 +0 +0 +0 -3.299669e-14
51 +0 +0 +0 +5.827232e-14
52 +0 +0 +0 -3.901109e-14
53 +0 +0 +0 -1.664910e-13
54 +0 +0 +0 -1.844952e-13
55 +0 +0 +0 -2.705986e-13
56 +0 +0 +0 -3.023134e-13
57 +0 +0 +0 -2.065810e-13
58 +0 +0 +0 -6.307081e-16
59 +0 +0 +0 -9.165186e-14
60 +0 +0 +0 -7.260038e-14
61 +0 +0 +0 -7.753448e-16
62 +0 +0 +0 -9.812369e-14
63 +0 +0 +0 -1.593055e-13
