0 +0 +0 +0 +1.271154e-08
1 +0 +0 +0 +2.402329e-08
2 +0 +0 +0 +1.329001e-08
3 +0 +0 +0 +7.680878e-09
4 +0 +0 +0 +4.632989e-09
5 +0 +0 +0 +2.998898e-09
6 +0 +0 +0 +1.921875e-09
7 +0 +0 +0 +1.278834e-09
8 +0 +0 +0 +8.560187e-10
9 +0 +0 +0 +5.614914e-10
10 +0 +0 +0 +3.710074e-10
11 +0 +0 +0 +2.468042e-10
12 +0 +0 +0 +1.585144e-10
13 +0 +0 +0 +9.985303e-11
14 +0 +0 +0 +6.244241e-11
15 +0 +0 +0 +4.197472e-11
16 +0 +0 +0 +2.706877e-11
17 +0 +0 +0 +1.951355e-11
18 +0 +0 +0 +1.416934e-11
19 +0 +0 +0 +7.762459e-12
20 +0 +0 +0 +5.667315e-12
21 +0 +0 +0 +4.153851e-12
22 +0 +0 +0 +1.529910e-12
23 +0 +0 +0 +2.692780e-13
24 +0 +0 +0 +2.088906e-13
25 +0 +0 +0 +2.733561e-13
26 +0 +0 +0 +2.452262e-13
27 +0 +0 +0 +5.385888e-14
28 +0 +0 +0 -3.797572e-15
29 +0 +0 +0 -1.476622e-13
30 +0 +0 +0 +4.506928e-14
31 +0 +0 +0 -1.781721e-13
32 +0 +0 +0 -1.911631e-13
33 +0 +0 +0 -2.122574e-13
34 +0 +0 +0 -5.073271e-13
35 +0 +0 +0 -1.640333e-13
36 +0 +0 +0 +7.906160e-14
37 +0 +0 +0 -1.554748e-13
38 +0 +0 +0 -1.880579e-13
39 +0 +0 +0 -1.729768e-14
40 +0 +0 +0 +3.543464e-14
41 +0 +0 +0 +4.785135e-14
42 +0 +0 +0 +5.706037e-14
43 +0 +0 +0 +2.080406e-13
44 +0 +0 +0 +1.973081e-13
45 +0 +0 +0 +9.287088e-14
46 +0 +0 +0 -7.761243e-14
47 +0 +0 +0 -8.292145e-14
48 +0 +0 +0 -1.142624e-13
49 +0 +0 +0 -1.344593e-13
50 +0 +0 +0 -1.240160e-13
51 +0 +0 +0 -9.389914e-14
52 +0 +0 +0 -6.529869e-14
53 +0 +0 +0 +1.369767e-14
54 +0 +0 +0 -1.400603e-14
55 +0 +0 +0 -2.227137e-14
56 +0 +0 +0 -4.849314e-15
57 +0 +0 +0 -6.534370e-14
58 +0 +0 +0 -2.631579e-14
59 +0 +0 +0 -8.346324e-14
60 +0 +0 +0 -1.801196e-13
61 +0 +0 +0 -1.184257e-13
62 +0 +0 +0 -1.492591e-13
63 +0 +0 +0 -9.185131e-14
