0 +0 +0 +0 +1.376790e-08
1 +0 +0 +0 +2.470284e-08
2 +0 +0 +0 +1.388888e-08
3 +0 +0 +0 +8.168007e-09
4 +0 +0 +0 +5.115265e-09
5 +0 +0 +0 +3.263292e-09
6 +0 +0 +0 +2.098613e-09
7 +0 +0 +0 +1.361294e-09
8 +0 +0 +0 +8.852753e-10
9 +0 +0 +0 +5.891878e-10
10 +0 +0 +0 +3.964523e-10
11 +0 +0 +0 +2.822549e-10
12 +0 +0 +0 +1.969392e-10
13 +0 +0 +0 +1.338504e-10
14 +0 +0 +0 +8.963230e-11
15 +0 +0 +0 +6.045844e-11
16 +0 +0 +0 +4.514320e-11
17 +0 +0 +0 +3.053897e-11
18 +0 +0 +0 +1.979514e-11
19 +0 +0 +0 +1.259834e-11
20 +0 +0 +0 +8.566950e-12
21 +0 +0 +0 +4.567121e-12
22 +0 +0 +0 +3.213180e-12
23 +0 +0 +0 +1.196960e-12
24 +0 +0 +0 +4.768565e-13
25 +0 +0 +0 +1.362049e-12
26 +0 +0 +0 +1.039933e-12
27 +0 +0 +0 +1.531674e-12
28 +0 +0 +0 +1.241230e-12
29 +0 +0 +0 +9.098484e-13
30 +0 +0 +0 -1.775749e-13
31 +0 +0 +0 -4.926228e-13
32 +0 +0 +0 -8.233758e-13
33 +0 +0 +0 -1.012155e-12
34 +0 +0 +0 -8.321167e-13
35 +0 +0 +0 -4.262633e-13
36 +0 +0 +0 -1.006050e-13
37 +0 +0 +0 -3.164663e-13
38 +0 +0 +0 -6.018910e-13
39 +0 +0 +0 -7.940681e-13
40 +0 +0 +0 -5.819150e-13
41 +0 +0 +0 -3.521457e-13
42 +0 +0 +0 -4.843280e-13
43 +0 +0 +0 -4.430527e-13
44 +0 +0 +0 -4.279982e-13
45 +0 +0 +0 -3.917463e-13
46 +0 +0 +0 -3.570428e-13
47 +0 +0 +0 -2.068873e-13
48 +0 +0 +0 -1.923123e-13
49 +0 +0 +0 -3.839999e-13
50 +0 +0 +0 -4.167744e-13
51 +0 +0 +0 -3.173459e-13
52 +0 +0 +0 -2.509448e-13
53 +0 +0 +0 -1.173211e-13
54 +0 +0 +0 -9.381662e-14
55 +0 +0 +0 -8.191573e-14
56 +0 +0 +0 -1.250051e-13
57 +0 +0 +0 -1.848377e-14
58 +0 +0 +0 +6.746253e-15
59 +0 +0 +0 +5.301505e-14
60 +0 +0 +0 +6.472666e-14
61 +0 +0 +0 +6.179891e-14
62 +0 +0 +0 +6.374703e-14
63 +0 +0 +0 +4.620374e-14
