0 +0 +0 +0 +1.436836e-08
1 +0 +0 +0 +2.609092e-08
2 +0 +0 +0 +1.426762e-08
3 +0 +0 +0 +8.559856e-09
4 +0 +0 +0 +5.258695e-09
5 +0 +0 +0 +3.407371e-09
6 +0 +0 +0 +2.238351e-09
7 +0 +0 +0 +1.431239e-09
8 +0 +0 +0 +9.373494e-10
9 +0 +0 +0 +6.433398e-10
10 +0 +0 +0 +4.389067e-10
11 +0 +0 +0 +3.019453e-10
12 +0 +0 +0 +2.026790e-10
13 +0 +0 +0 +1.394036e-10
14 +0 +0 +0 +9.989111e-11
15 +0 +0 +0 +6.778263e-11
16 +0 +0 +0 +4.656183e-11
17 +0 +0 +0 +3.367318e-11
18 +0 +0 +0 +2.345678e-11
19 +0 +0 +0 +1.768401e-11
20 +0 +0 +0 +1.195339e-11
21 +0 +0 +0 +7.776682e-12
22 +0 +0 +0 +3.032511e-12
23 +0 +0 +0 +1.457224e-12
24 +0 +0 +0 +2.048091e-12
25 +0 +0 +0 +2.428555e-12
26 +0 +0 +0 +2.094725e-12
27 +0 +0 +0 +1.223458e-12
28 +0 +0 +0 +4.075102e-13
29 +0 +0 +0 +7.519649e-13
30 +0 +0 +0 +1.349888e-13
31 +0 +0 +0 -2.423053e-13
32 +0 +0 +0 +2.727856e-13
33 +0 +0 +0 +7.577478e-13
34 +0 +0 +0 +2.309809e-13
35 +0 +0 +0 +3.009778e-13
36 +0 +0 +0 +2.039185e-13
37 +0 +0 +0 -1.570011e-13
38 +0 +0 +0 +2.678280e-13
39 +0 +0 +0 +6.298272e-14
40 +0 +0 +0 +2.320888e-13
41 +0 +0 +0 +3.342397e-14
42 +0 +0 +0 -5.216356e-14
43 +0 +0 +0 -2.530982e-13
44 +0 +0 +0 +4.032592e-14
45 +0 +0 +0 +2.088151e-13
46 +0 +0 +0 +3.031777e-13
47 +0 +0 +0 +3.065233e-13
48 +0 +0 +0 +5.736586e-14
49 +0 +0 +0 +1.191013e-14
50 +0 +0 +0 -1.620723e-13
51 +0 +0 +0 -1.431275e-13
52 +0 +0 +0 -1.459952e-13
53 +0 +0 +0 -1.707291e-13
54 +0 +0 +0 -1.587407e-13
55 +0 +0 +0 +4.138181e-14
56 +0 +0 +0 +1.315714e-13
57 +0 +0 +0 +6.333095e-14
58 +0 +0 +0 +1.767369e-14
59 +0 +0 +0 +7.212890e-14
60 +0 +0 +0 +1.530393e-13
61 +0 +0 +0 +1.851328e-13
62 +0 +0 +0 +1.144029e-13
63 +0 +0 +0 +1.720610e-13
