0 +0 +0 +0 +1.348863e-08
1 +0 +0 +0 +2.431293e-08
2 +0 +0 +0 +1.354790e-08
3 +0 +0 +0 +7.840891e-09
4 +0 +0 +0 +4.980763e-09
5 +0 +0 +0 +3.165491e-09
6 +0 +0 +0 +2.012786e-09
7 +0 +0 +0 +1.295625e-09
8 +0 +0 +0 +8.472799e-10
9 +0 +0 +0 +5.708453e-10
10 +0 +0 +0 +4.004852e-10
11 +0 +0 +0 +2.777226e-10
12 +0 +0 +0 +1.815018e-10
13 +0 +0 +0 +1.210736e-10
14 +0 +0 +0 +8.100433e-11
15 +0 +0 +0 +5.776848e-11
16 +0 +0 +0 +3.862484e-11
17 +0 +0 +0 +2.711551e-11
18 +0 +0 +0 +1.561601e-11
19 +0 +0 +0 +1.207068e-11
20 +0 +0 +0 +7.876588e-12
21 +0 +0 +0 +5.448940e-12
22 +0 +0 +0 +4.751004e-12
23 +0 +0 +0 +3.933154e-12
24 +0 +0 +0 +2.578638e-12
25 +0 +0 +0 +2.871057e-12
26 +0 +0 +0 +1.991463e-12
27 +0 +0 +0 +1.297203e-12
28 +0 +0 +0 +8.422338e-13
29 +0 +0 +0 +4.478174e-13
30 +0 +0 +0 +9.106375e-13
31 +0 +0 +0 +9.193979e-13
32 +0 +0 +0 +1.132937e-12
33 +0 +0 +0 +1.136982e-12
34 +0 +0 +0 +1.162605e-12
35 +0 +0 +0 +6.129178e-13
36 +0 +0 +0 +5.255211e-13
37 +0 +0 +0 +3.680908e-13
38 +0 +0 +0 +1.092720e-13
39 +0 +0 +0 +7.730792e-14
40 +0 +0 +0 +3.613437e-14
41 +0 +0 +0 +4.226085e-14
42 +0 +0 +0 +1.927738e-13
43 +0 +0 +0 +1.351900e-13
44 +0 +0 +0 +2.904156e-13
45 +0 +0 +0 +3.877321e-13
46 +0 +0 +0 +2.233353e-13
47 +0 +0 +0 +1.700507e-13
48 +0 +0 +0 +2.673976e-13
49 +0 +0 +0 +9.858528e-14
50 +0 +0 +0 +3.272414e-14
51 +0 +0 +0 +5.851335e-14
52 +0 +0 +0 +1.265212e-13
53 +0 +0 +0 +1.608801e-13
54 +0 +0 +0 +2.187170e-13
55 +0 +0 +0 +2.295665e-13
56 +0 +0 +0 +1.623867e-13
57 +0 +0 +0 +1.356691e-13
58 +0 +0 +0 +1.695479e-13
59 +0 +0 +0 +1.408998e-13
60 +0 +0 +0 +8.217162e-14
61 +0 +0 +0 +7.586294e-14
62 +0 +0 +0 +2.603947e-14
63 +0 +0 +0 -2.091133e-14
