0 +0 +0 +0 +1.344715e-08
1 +0 +0 +0 +2.423744e-08
2 +0 +0 +0 +1.343092e-08
3 +0 +0 +0 +8.010506e-09
4 +0 +0 +0 +4.941224e-09
5 +0 +0 +0 +3.111396e-09
6 +0 +0 +0 +2.059162e-09
7 +0 +0 +0 +1.362090e-09
8 +0 +0 +0 +9.025774e-10
9 +0 +0 +0 +6.170132e-10
10 +0 +0 +0 +4.050489e-10
11 +0 +0 +0 +2.626258e-10
12 +0 +0 +0 +1.795322e-10
13 +0 +0 +0 +1.108968e-10
14 +0 +0 +0 +6.889081e-11
15 +0 +0 +0 +4.636848e-11
16 +0 +0 +0 +2.950029e-11
17 +0 +0 +0 +1.942565e-11
18 +0 +0 +0 +1.154170e-11
19 +0 +0 +0 +7.126591e-12
20 +0 +0 +0 +4.696530e-12
21 +0 +0 +0 +4.434747e-12
22 +0 +0 +0 +2.066093e-12
23 +0 +0 +0 +3.973765e-13
24 +0 +0 +0 -2.206827e-12
25 +0 +0 +0 -2.094520e-12
26 +0 +0 +0 -1.891784e-12
27 +0 +0 +0 -2.110249e-12
28 +0 +0 +0 -2.383152e-12
29 +0 +0 +0 -8.245390e-13
30 +0 +0 +0 +2.406064e-13
31 +0 +0 +0 +3.616720e-13
32 +0 +0 +0 +6.898066e-14
33 +0 +0 +0 +1.830652e-13
34 +0 +0 +0 +7.050632e-13
35 +0 +0 +0 +4.792717e-13
36 +0 +0 +0 +2.446890e-13
37 +0 +0 +0 +7.793541e-14
38 +0 +0 +0 +2.845116e-14
39 +0 +0 +0 +7.144572e-14
40 +0 +0 +0 +3.523367e-13
41 +0 +0 +0 +4.370232e-13
42 +0 +0 +0 +9.186193e-14
43 +0 +0 +0 +3.492473e-14
44 +0 +0 +0 -4.006297e-14
45 +0 +0 +0 -6.371137e-14
46 +0 +0 +0 +4.927517e-14
47 +0 +0 +0 -1.383878e-13
48 +0 +0 +0 -1.624580e-13
49 +0 +0 +0 -1.427957e-13
50 +0 +0 +0 -6.520580e-14
51 +0 +0 +0 -1.165143e-13
52 +0 +0 +0 -4.876792e-14
53 +0 +0 +0 +5.484026e-14
54 +0 +0 +0 -1.000713e-14
55 +0 +0 +0 +4.597245e-14
56 +0 +0 +0 +6.436544e-14
57 +0 +0 +0 +1.596737e-13
58 +0 +0 +0 +1.093535e-13
59 +0 +0 +0 +1.388047e-13
60 +0 +0 +0 +2.450423e-14
61 +0 +0 +0 +3.207176e-15
62 +0 +0 +0 -5.503725e-14
63 +0 +0 +0 -6.405585e-14
