0 +0 +0 +0 +1.335266e-08
1 +0 +0 +0 +2.409571e-08
2 +0 +0 +0 +1.357234e-08
3 +0 +0 +0 +7.923923e-09
4 +0 +0 +0 +4.844955e-09
5 +0 +0 +0 +3.095521e-09
6 +0 +0 +0 +1.998012e-09
7 +0 +0 +0 +1.284613e-09
8 +0 +0 +0 +8.507371e-10
9 +0 +0 +0 +5.641764e-10
10 +0 +0 +0 +3.610617e-10
11 +0 +0 +0 +2.564578e-10
12 +0 +0 +0 +1.759237e-10
13 +0 +0 +0 +1.152897e-10
14 +0 +0 +0 +7.745666e-11
15 +0 +0 +0 +5.591523e-11
16 +0 +0 +0 +3.509778e-11
17 +0 +0 +0 +2.473115e-11
18 +0 +0 +0 +1.337336e-11
19 +0 +0 +0 +7.649928e-12
20 +0 +0 +0 +4.482738e-12
21 +0 +0 +0 +9.217563e-13
22 +0 +0 +0 -3.712222e-13
23 +0 +0 +0 -5.155413e-13
24 +0 +0 +0 -2.472196e-13
25 +0 +0 +0 +9.520652e-13
26 +0 +0 +0 +1.009138e-12
27 +0 +0 +0 +3.473809e-13
28 +0 +0 +0 +7.139471e-13
29 +0 +0 +0 +5.330155e-13
30 +0 +0 +0 +9.506781e-13
31 +0 +0 +0 +1.039719e-12
32 +0 +0 +0 +8.703280e-13
33 +0 +0 +0 +1.844465e-13
34 +0 +0 +0 -4.174283e-13
35 +0 +0 +0 -1.052188e-13
36 +0 +0 +0 +4.777644e-13
37 +0 +0 +0 +4.749533e-13
38 +0 +0 +0 +1.886229e-13
39 +0 +0 +0 +5.897642e-14
40 +0 +0 +0 -2.485176e-14
41 +0 +0 +0 +1.958777e-13
42 +0 +0 +0 +2.137139e-13
43 +0 +0 +0 -1.811808e-15
44 +0 +0 +0 +1.087045e-13
45 +0 +0 +0 +2.124904e-13
46 +0 +0 +0 -3.830801e-14
47 +0 +0 +0 +8.672942e-14
48 +0 +0 +0 -2.133591e-14
49 +0 +0 +0 -1.402236e-14
50 +0 +0 +0 -3.150027e-14
51 +0 +0 +0 +1.104018e-13
52 +0 +0 +0 +2.589957e-13
53 +0 +0 +0 +1.298490e-13
54 +0 +0 +0 +1.657978e-13
55 +0 +0 +0 +8.789449e-14
56 +0 +0 +0 +1.018813e-13
57 +0 +0 +0 +4.723389e-14
58 +0 +0 +0 +4.308016e-14
59 +0 +0 +0 +3.974719e-14
60 +0 +0 +0 +4.309939e-14
61 +0 +0 +0 +1.678333e-13
62 +0 +0 +0 +1.676464e-13
63 +0 +0 +0 +1.324862e-13
