0 +0 +0 +0 +1.353076e-08
1 +0 +0 +0 +2.477155e-08
2 +0 +0 +0 +1.390290e-08
3 +0 +0 +0 +8.284769e-09
4 +0 +0 +0 +5.126188e-09
5 +0 +0 +0 +3.229548e-09
6 +0 +0 +0 +2.112852e-09
7 +0 +0 +0 +1.411301e-09
8 +0 +0 +0 +9.761686e-10
9 +0 +0 +0 +6.596297e-10
10 +0 +0 +0 +4.274022e-10
11 +0 +0 +0 +2.895999e-10
12 +0 +0 +0 +1.919990e-10
13 +0 +0 +0 +1.325874e-10
14 +0 +0 +0 +9.102831e-11
15 +0 +0 +0 +6.587695e-11
16 +0 +0 +0 +4.748017e-11
17 +0 +0 +0 +3.332823e-11
18 +0 +0 +0 +2.411865e-11
19 +0 +0 +0 +1.427334e-11
20 +0 +0 +0 +9.565336e-12
21 +0 +0 +0 +5.135593e-12
22 +0 +0 +0 +4.327900e-12
23 +0 +0 +0 +2.019731e-12
24 +0 +0 +0 -1.686120e-12
25 +0 +0 +0 -1.115927e-12
26 +0 +0 +0 -1.785817e-12
27 +0 +0 +0 -1.810612e-12
28 +0 +0 +0 -7.662495e-13
29 +0 +0 +0 -1.553679e-12
30 +0 +0 +0 -1.334693e-12
31 +0 +0 +0 -4.271438e-14
32 +0 +0 +0 -1.897636e-13
33 +0 +0 +0 -1.041829e-13
34 +0 +0 +0 -2.196213e-13
35 +0 +0 +0 -2.157825e-13
36 +0 +0 +0 -7.676061e-13
37 +0 +0 +0 -8.575290e-13
38 +0 +0 +0 -8.175479e-13
39 +0 +0 +0 -3.864438e-13
40 +0 +0 +0 +4.101917e-13
41 +0 +0 +0 +3.068025e-13
42 +0 +0 +0 +2.320906e-13
43 +0 +0 +0 +9.927024e-14
44 +0 +0 +0 -6.328794e-14
45 +0 +0 +0 -2.256846e-13
46 +0 +0 +0 -9.672303e-15
47 +0 +0 +0 -2.298593e-13
48 +0 +0 +0 -2.759166e-13
49 +0 +0 +0 -1.276546e-13
50 +0 +0 +0 -9.676549e-14
51 +0 +0 +0 +1.349402e-14
52 +0 +0 +0 +2.408959e-14
53 +0 +0 +0 +1.203217e-13
54 +0 +0 +0 +7.637151e-14
55 +0 +0 +0 -1.507986e-14
56 +0 +0 +0 +6.611398e-14
57 +0 +0 +0 +1.470385e-13
58 +0 +0 +0 +1.149543e-13
59 +0 +0 +0 +1.708997e-13
60 +0 +0 +0 +1.311071e-13
61 +0 +0 +0 +7.756128e-14
62 +0 +0 +0 +4.537594e-15
63 +0 +0 +0 +2.113923e-14
