0 +0 +0 +0 +1.320330e-08
1 +0 +0 +0 +2.485848e-08
2 +0 +0 +0 +1.379923e-08
3 +0 +0 +0 +8.218181e-09
4 +0 +0 +0 +5.141817e-09
5 +0 +0 +0 +3.207220e-09
6 +0 +0 +0 +2.107207e-09
7 +0 +0 +0 +1.334892e-09
8 +0 +0 +0 +8.511694e-10
9 +0 +0 +0 +5.619151e-10
10 +0 +0 +0 +3.638372e-10
11 +0 +0 +0 +2.411076e-10
12 +0 +0 +0 +1.579001e-10
13 +0 +0 +0 +1.063407e-10
14 +0 +0 +0 +7.533730e-11
15 +0 +0 +0 +5.192076e-11
16 +0 +0 +0 +3.425934e-11
17 +0 +0 +0 +2.420588e-11
18 +0 +0 +0 +1.929424e-11
19 +0 +0 +0 +1.220454e-11
20 +0 +0 +0 +6.296047e-12
21 +0 +0 +0 +2.397332e-12
22 +0 +0 +0 +4.175493e-13
23 +0 +0 +0 -4.631813e-13
24 +0 +0 +0 -9.720630e-14
25 +0 +0 +0 -9.863072e-13
26 +0 +0 +0 -8.558889e-14
27 +0 +0 +0 +6.513659e-13
28 +0 +0 +0 -2.389842e-13
29 +0 +0 +0 -3.446054e-13
30 +0 +0 +0 +6.056540e-13
31 +0 +0 +0 -3.310794e-13
32 +0 +0 +0 -9.177658e-14
33 +0 +0 +0 -2.177644e-13
34 +0 +0 +0 -2.260254e-13
35 +0 +0 +0 -2.122731e-13
36 +0 +0 +0 +1.742310e-13
37 +0 +0 +0 -7.475440e-14
38 +0 +0 +0 -6.692964e-14
39 +0 +0 +0 -2.650006e-14
40 +0 +0 +0 -4.677685e-14
41 +0 +0 +0 -9.018195e-15
42 +0 +0 +0 +1.982372e-13
43 +0 +0 +0 +2.587468e-13
44 +0 +0 +0 +2.339833e-13
45 +0 +0 +0 +1.126009e-13
46 +0 +0 +0 +6.657895e-14
47 +0 +0 +0 -8.784435e-16
48 +0 +0 +0 -6.470344e-14
49 +0 +0 +0 -2.831270e-14
50 +0 +0 +0 +5.511804e-15
51 +0 +0 +0 -1.900223e-13
52 +0 +0 +0 -1.212393e-13
53 +0 +0 +0 -1.405524e-13
54 +0 +0 +0 -5.762865e-14
55 +0 +0 +0 -1.042995e-13
56 +0 +0 +0 +5.618732e-14
57 +0 +0 +0 -3.715143e-14
58 +0 +0 +0 -7.370065e-14
59 +0 +0 +0 -7.209652e-14
60 +0 +0 +0 -3.774474e-14
61 +0 +0 +0 -7.323761e-14
62 +0 +0 +0 +3.580677e-15
63 +0 +0 +0 +1.803046e-14
