0 +0 +0 +0 +1.372913e-08
1 +0 +0 +0 +2.410482e-08
2 +0 +0 +0 +1.345068e-08
3 +0 +0 +0 +7.719192e-09
4 +0 +0 +0 +4.794122e-09
5 +0 +0 +0 +3.037231e-09
6 +0 +0 +0 +1.959234e-09
7 +0 +0 +0 +1.309355e-09
8 +0 +0 +0 +8.467370e-10
9 +0 +0 +0 +5.654735e-10
10 +0 +0 +0 +3.789566e-10
11 +0 +0 +0 +2.528036e-10
12 +0 +0 +0 +1.716520e-10
13 +0 +0 +0 +1.187718e-10
14 +0 +0 +0 +8.066150e-11
15 +0 +0 +0 +6.018276e-11
16 +0 +0 +0 +4.172789e-11
17 +0 +0 +0 +2.905807e-11
18 +0 +0 +0 +2.044375e-11
19 +0 +0 +0 +1.316320e-11
20 +0 +0 +0 +8.906717e-12
21 +0 +0 +0 +5.704304e-12
22 +0 +0 +0 +3.123678e-12
23 +0 +0 +0 +1.937654e-12
24 +0 +0 +0 +2.353064e-12
25 +0 +0 +0 +1.989204e-12
26 +0 +0 +0 +6.532900e-13
27 +0 +0 +0 +2.020655e-12
28 +0 +0 +0 +1.954006e-12
29 +0 +0 +0 +1.675015e-12
30 +0 +0 +0 +1.906455e-12
31 +0 +0 +0 +9.712570e-13
32 +0 +0 +0 +1.059687e-12
33 +0 +0 +0 +7.551885e-13
34 +0 +0 +0 +4.901388e-13
35 +0 +0 +0 -3.355192e-13
36 +0 +0 +0 -1.207761e-13
37 +0 +0 +0 -1.833827e-13
38 +0 +0 +0 -3.197702e-13
39 +0 +0 +0 -3.549970e-13
40 +0 +0 +0 -1.471119e-13
41 +0 +0 +0 -2.591305e-14
42 +0 +0 +0 -1.820690e-13
43 +0 +0 +0 -2.718939e-13
44 +0 +0 +0 -1.217927e-13
45 +0 +0 +0 -7.846662e-14
46 +0 +0 +0 -3.531094e-14
47 +0 +0 +0 -1.563478e-13
48 +0 +0 +0 -1.210777e-14
49 +0 +0 +0 +2.537846e-14
50 +0 +0 +0 -3.626539e-14
51 +0 +0 +0 -7.078049e-14
52 +0 +0 +0 +4.216812e-15
53 +0 +0 +0 +3.406461e-14
54 +0 +0 +0 +7.670677e-14
55 +0 +0 +0 +1.214382e-13
56 +0 +0 +0 -2.974124e-14
57 +0 +0 +0 -1.431190e-14
58 +0 +0 +0 -4.574844e-15
59 +0 +0 +0 -6.614456e-14
60 +0 +0 +0 -1.385999e-13
61 +0 +0 +0 +1.064714e-14
62 +0 +0 +0 -4.502804e-15
63 +0 +0 +0 -8.130449e-14
