0 +0 +0 +0 +1.377077e-08
1 +0 +0 +0 +2.398005e-08
2 +0 +0 +0 +1.320101e-08
3 +0 +0 +0 +7.905762e-09
4 +0 +0 +0 +4.963235e-09
5 +0 +0 +0 +3.125098e-09
6 +0 +0 +0 +2.025671e-09
7 +0 +0 +0 +1.315676e-09
8 +0 +0 +0 +8.700415e-10
9 +0 +0 +0 +5.714202e-10
10 +0 +0 +0 +3.818410e-10
11 +0 +0 +0 +2.591297e-10
12 +0 +0 +0 +1.678204e-10
13 +0 +0 +0 +1.098992e-10
14 +0 +0 +0 +7.375317e-11
15 +0 +0 +0 +4.916561e-11
16 +0 +0 +0 +3.482684e-11
17 +0 +0 +0 +2.268135e-11
18 +0 +0 +0 +1.701869e-11
19 +0 +0 +0 +8.862767e-12
20 +0 +0 +0 +6.893985e-12
21 +0 +0 +0 +2.695601e-12
22 +0 +0 +0 +5.953684e-13
23 +0 +0 +0 -8.141179e-13
24 +0 +0 +0 -2.423583e-12
25 +0 +0 +0 -2.040767e-12
26 +0 +0 +0 -2.096103e-12
27 +0 +0 +0 -1.029184e-12
28 +0 +0 +0 -2.171054e-13
29 +0 +0 +0 -1.724320e-13
30 +0 +0 +0 -8.631924e-13
31 +0 +0 +0 -6.251105e-13
32 +0 +0 +0 -1.127828e-12
33 +0 +0 +0 -1.110936e-12
34 +0 +0 +0 -6.333497e-13
35 +0 +0 +0 -1.158252e-12
36 +0 +0 +0 -9.640467e-13
37 +0 +0 +0 -6.191502e-13
38 +0 +0 +0 -3.465562e-13
39 +0 +0 +0 -1.984982e-13
40 +0 +0 +0 -4.628049e-13
41 +0 +0 +0 -6.012616e-13
42 +0 +0 +0 -5.561206e-13
43 +0 +0 +0 -5.186615e-13
44 +0 +0 +0 -5.969473e-13
45 +0 +0 +0 -7.462158e-13
46 +0 +0 +0 -7.536548e-13
47 +0 +0 +0 -5.412788e-13
48 +0 +0 +0 -4.222384e-13
49 +0 +0 +0 -3.906672e-13
50 +0 +0 +0 -3.815571e-13
51 +0 +0 +0 -3.046645e-13
52 +0 +0 +0 -2.009097e-13
53 +0 +0 +0 -1.468255e-13
54 +0 +0 +0 -1.855351e-13
55 +0 +0 +0 -1.896798e-13
56 +0 +0 +0 -9.874346e-14
57 +0 +0 +0 -9.112424e-14
58 +0 +0 +0 +2.952499e-14
59 +0 +0 +0 +3.951442e-14
60 +0 +0 +0 +8.807323e-14
61 +0 +0 +0 +1.358075e-13
62 +0 +0 +0 +3.826462e-14
63 +0 +0 +0 -2.416327e-14
