0 +0 +0 +0 +1.305399e-08
1 +0 +0 +0 +2.393142e-08
2 +0 +0 +0 +1.330191e-08
3 +0 +0 +0 +8.004995e-09
4 +0 +0 +0 +5.024125e-09
5 +0 +0 +0 +3.152248e-09
6 +0 +0 +0 +2.085557e-09
7 +0 +0 +0 +1.350663e-09
8 +0 +0 +0 +8.890863e-10
9 +0 +0 +0 +5.956997e-10
10 +0 +0 +0 +3.950116e-10
11 +0 +0 +0 +2.777925e-10
12 +0 +0 +0 +1.811552e-10
13 +0 +0 +0 +1.195568e-10
14 +0 +0 +0 +8.809704e-11
15 +0 +0 +0 +6.239159e-11
16 +0 +0 +0 +4.716479e-11
17 +0 +0 +0 +3.259492e-11
18 +0 +0 +0 +2.458211e-11
19 +0 +0 +0 +1.959413e-11
20 +0 +0 +0 +1.468102e-11
21 +0 +0 +0 +1.114254e-11
22 +0 +0 +0 +6.771144e-12
23 +0 +0 +0 +3.152485e-12
24 +0 +0 +0 +2.086141e-12
25 +0 +0 +0 +1.658197e-12
26 +0 +0 +0 +1.574873e-12
27 +0 +0 +0 +1.280319e-12
28 +0 +0 +0 +9.320239e-13
29 +0 +0 +0 +8.649522e-13
30 +0 +0 +0 +6.274229e-13
31 +0 +0 +0 +9.036116e-13
32 +0 +0 +0 +8.472919e-13
33 +0 +0 +0 +5.477598e-15
34 +0 +0 +0 +1.684822e-14
35 +0 +0 +0 -4.139121e-13
36 +0 +0 +0 -5.547180e-13
37 +0 +0 +0 -7.731130e-13
38 +0 +0 +0 -3.931631e-13
39 +0 +0 +0 -6.194275e-13
40 +0 +0 +0 -2.154949e-13
41 +0 +0 +0 +1.491985e-13
42 +0 +0 +0 +1.009476e-13
43 +0 +0 +0 -8.857710e-14
44 +0 +0 +0 +1.347116e-13
45 +0 +0 +0 +4.946757e-14
46 +0 +0 +0 +1.643901e-13
47 +0 +0 +0 +3.908432e-13
48 +0 +0 +0 +2.266554e-13
49 +0 +0 +0 +3.009566e-13
50 +0 +0 +0 +3.194509e-13
51 +0 +0 +0 +3.402958e-13
52 +0 +0 +0 +1.640788e-13
53 +0 +0 +0 +1.324702e-13
54 +0 +0 +0 +1.104761e-13
55 +0 +0 +0 +6.302460e-14
56 +0 +0 +0 +1.104292e-14
57 +0 +0 +0 +5.964049e-14
58 +0 +0 +0 +5.932915e-14
59 +0 +0 +0 +2.445803e-14
60 +0 +0 +0 -6.460206e-14
61 +0 +0 +0 -1.452650e-13
62 +0 +0 +0 -1.569640e-13
63 +0 +0 +0 -1.591088e-13
