0 +0 +0 +0 +1.297355e-08
1 +0 +0 +0 +2.489132e-08
2 +0 +0 +0 +1.399282e-08
3 +0 +0 +0 +8.091658e-09
4 +0 +0 +0 +4.898749e-09
5 +0 +0 +0 +3.151839e-09
6 +0 +0 +0 +2.073847e-09
7 +0 +0 +0 +1.335572e-09
8 +0 +0 +0 +8.843607e-10
9 +0 +0 +0 +6.018291e-10
10 +0 +0 +0 +4.066803e-10
11 +0 +0 +0 +2.711716e-10
12 +0 +0 +0 +1.841076e-10
13 +0 +0 +0 +1.233480e-10
14 +0 +0 +0 +8.690569e-11
15 +0 +0 +0 +5.630142e-11
16 +0 +0 +0 +3.864088e-11
17 +0 +0 +0 +2.660861e-11
18 +0 +0 +0 +1.892511e-11
19 +0 +0 +0 +1.268877e-11
20 +0 +0 +0 +8.818738e-12
21 +0 +0 +0 +7.585518e-12
22 +0 +0 +0 +4.111518e-12
23 +0 +0 +0 +3.985888e-12
24 +0 +0 +0 +1.511048e-12
25 +0 +0 +0 +2.104389e-12
26 +0 +0 +0 +1.814573e-12
27 +0 +0 +0 +1.847576e-12
28 +0 +0 +0 +1.428772e-12
29 +0 +0 +0 +5.052347e-13
30 +0 +0 +0 +4.970318e-13
31 +0 +0 +0 -3.062271e-13
32 +0 +0 +0 -2.278841e-13
33 +0 +0 +0 -7.566436e-13
34 +0 +0 +0 -9.274939e-13
35 +0 +0 +0 -7.409457e-13
36 +0 +0 +0 -5.258885e-13
37 +0 +0 +0 -4.192747e-13
38 +0 +0 +0 -1.468016e-13
39 +0 +0 +0 +2.271917e-13
40 +0 +0 +0 +7.151276e-14
41 +0 +0 +0 +5.435972e-14
42 +0 +0 +0 -7.481261e-15
43 +0 +0 +0 -4.790801e-14
44 +0 +0 +0 +4.082788e-16
45 +0 +0 +0 +2.069367e-14
46 +0 +0 +0 +1.427902e-13
47 +0 +0 +0 +2.356400e-13
48 +0 +0 +0 +1.614547e-13
49 +0 +0 +0 +1.106139e-13
50 +0 +0 +0 +1.403252e-13
51 +0 +0 +0 +1.359907e-13
52 +0 +0 +0 +1.112552e-13
53 +0 +0 +0 +1.568062e-13
54 +0 +0 +0 +1.406849e-13
55 +0 +0 +0 +2.208199e-13
56 +0 +0 +0 +2.416771e-13
57 +0 +0 +0 +1.530997e-13
58 +0 +0 +0 +1.001765e-13
59 +0 +0 +0 -3.717823e-14
60 +0 +0 +0 +4.554426e-14
61 +0 +0 +0 +6.623611e-14
62 +0 +0 +0 +2.890793e-14
63 +0 +0 +0 +5.363769e-14
