0 +0 +0 +0 +1.335429e-08
1 +0 +0 +0 +2.387477e-08
2 +0 +0 +0 +1.323694e-08
3 +0 +0 +0 +7.747947e-09
4 +0 +0 +0 +4.791863e-09
5 +0 +0 +0 +3.064279e-09
6 +0 +0 +0 +1.961111e-09
7 +0 +0 +0 +1.309843e-09
8 +0 +0 +0 +8.736879e-10
9 +0 +0 +0 +5.766149e-10
10 +0 +0 +0 +3.755243e-10
11 +0 +0 +0 +2.528097e-10
12 +0 +0 +0 +1.661268e-10
13 +0 +0 +0 +1.116720e-10
14 +0 +0 +0 +7.502348e-11
15 +0 +0 +0 +5.546710e-11
16 +0 +0 +0 +3.889802e-11
17 +0 +0 +0 +2.706469e-11
18 +0 +0 +0 +1.892224e-11
19 +0 +0 +0 +1.227176e-11
20 +0 +0 +0 +7.783756e-12
21 +0 +0 +0 +6.098755e-12
22 +0 +0 +0 +3.808906e-12
23 +0 +0 +0 +1.641351e-12
24 +0 +0 +0 +1.020936e-12
25 +0 +0 +0 +1.254755e-12
26 +0 +0 +0 +1.296792e-12
27 +0 +0 +0 +4.754016e-13
28 +0 +0 +0 -3.442153e-13
29 +0 +0 +0 -3.646675e-13
30 +0 +0 +0 -4.150929e-13
31 +0 +0 +0 +1.505630e-13
32 +0 +0 +0 -6.750082e-14
33 +0 +0 +0 -6.970194e-14
34 +0 +0 +0 +2.224727e-13
35 +0 +0 +0 +3.392251e-13
36 +0 +0 +0 +4.472962e-13
37 +0 +0 +0 +1.196101e-13
38 +0 +0 +0 +1.053836e-13
39 +0 +0 +0 -3.764841e-14
40 +0 +0 +0 +1.418169e-13
41 +0 +0 +0 +1.437366e-13
42 +0 +0 +0 +2.935678e-13
43 +0 +0 +0 +6.150279e-14
44 +0 +0 +0 +1.705658e-13
45 +0 +0 +0 +5.898428e-14
46 +0 +0 +0 +1.652830e-13
47 +0 +0 +0 +1.648555e-13
48 +0 +0 +0 +1.312228e-13
49 +0 +0 +0 +5.591653e-14
50 +0 +0 +0 -1.310939e-14
51 +0 +0 +0 -1.616425e-13
52 +0 +0 +0 -1.982123e-13
53 +0 +0 +0 -1.806027e-13
54 +0 +0 +0 -1.254684e-13
55 +0 +0 +0 -1.861205e-14
56 +0 +0 +0 +3.006408e-14
57 +0 +0 +0 +3.304034e-14
58 +0 +0 +0 +1.022741e-13
59 +0 +0 +0 +5.450776e-14
60 +0 +0 +0 +1.020899e-13
61 +0 +0 +0 +4.060691e-14
62 +0 +0 +0 -5.821742e-14
63 +0 +0 +0 -1.277876e-13
