0 +0 +0 +0 +1.286526e-08
1 +0 +0 +0 +2.403600e-08
2 +0 +0 +0 +1.307041e-08
3 +0 +0 +0 +7.895020e-09
4 +0 +0 +0 +4.966826e-09
5 +0 +0 +0 +3.152068e-09
6 +0 +0 +0 +2.036552e-09
7 +0 +0 +0 +1.361178e-09
8 +0 +0 +0 +9.188535e-10
9 +0 +0 +0 +5.976396e-10
10 +0 +0 +0 +3.882971e-10
11 +0 +0 +0 +2.649175e-10
12 +0 +0 +0 +1.789797e-10
13 +0 +0 +0 +1.258142e-10
14 +0 +0 +0 +7.892903e-11
15 +0 +0 +0 +5.656310e-11
16 +0 +0 +0 +3.718180e-11
17 +0 +0 +0 +2.360614e-11
18 +0 +0 +0 +1.964210e-11
19 +0 +0 +0 +1.436937e-11
20 +0 +0 +0 +1.034109e-11
21 +0 +0 +0 +6.173500e-12
22 +0 +0 +0 +5.319187e-12
23 +0 +0 +0 +3.315300e-12
24 +0 +0 +0 +1.709849e-12
25 +0 +0 +0 +6.229032e-13
26 +0 +0 +0 +1.046677e-12
27 +0 +0 +0 +1.009874e-12
28 +0 +0 +0 +7.079208e-13
29 +0 +0 +0 +4.034846e-13
30 +0 +0 +0 +3.438130e-13
31 +0 +0 +0 +1.407841e-13
32 +0 +0 +0 -7.073947e-14
33 +0 +0 +0 +8.466427e-14
34 +0 +0 +0 -1.162727e-13
35 +0 +0 +0 -5.242566e-13
36 +0 +0 +0 -5.895233e-13
37 +0 +0 +0 -2.283152e-13
38 +0 +0 +0 -7.290158e-14
39 +0 +0 +0 +4.206362e-14
40 +0 +0 +0 +3.228418e-13
41 +0 +0 +0 +2.933056e-13
42 +0 +0 +0 +2.452356e-13
43 +0 +0 +0 +1.447452e-13
44 +0 +0 +0 +5.592691e-15
45 +0 +0 +0 +7.583514e-14
46 +0 +0 +0 +1.338894e-13
47 +0 +0 +0 +1.720150e-13
48 +0 +0 +0 +1.683874e-13
49 +0 +0 +0 +1.594733e-13
50 +0 +0 +0 +1.027161e-13
51 +0 +0 +0 +6.742756e-14
52 +0 +0 +0 +8.728453e-14
53 +0 +0 +0 +1.954046e-13
54 +0 +0 +0 +1.320912e-13
55 +0 +0 +0 +8.200445e-14
56 +0 +0 +0 +7.622853e-14
57 +0 +0 +0 +4.484449e-14
58 +0 +0 +0 +1.036093e-13
59 +0 +0 +0 +1.721010e-14
60 +0 +0 +0 +3.089517e-14
61 +0 +0 +0 +2.072108e-14
62 +0 +0 +0 -5.197813e-14
63 +0 +0 +0 -2.850035e-14
