0 +0 +0 +0 +1.395928e-08
1 +0 +0 +0 +2.530061e-08
2 +0 +0 +0 +1.423736e-08
3 +0 +0 +0 +8.132617e-09
4 +0 +0 +0 +4.965320e-09
5 +0 +0 +0 +3.176937e-09
6 +0 +0 +0 +2.012374e-09
7 +0 +0 +0 +1.328614e-09
8 +0 +0 +0 +8.651519e-10
9 +0 +0 +0 +5.834074e-10
10 +0 +0 +0 +3.997613e-10
11 +0 +0 +0 +2.670535e-10
12 +0 +0 +0 +1.781694e-10
13 +0 +0 +0 +1.229231e-10
14 +0 +0 +0 +8.208050e-11
15 +0 +0 +0 +4.980389e-11
16 +0 +0 +0 +3.507044e-11
17 +0 +0 +0 +2.242554e-11
18 +0 +0 +0 +1.498779e-11
19 +0 +0 +0 +1.166704e-11
20 +0 +0 +0 +5.904524e-12
21 +0 +0 +0 +4.887025e-12
22 +0 +0 +0 +5.731568e-12
23 +0 +0 +0 +3.510780e-12
24 +0 +0 +0 +2.030141e-12
25 +0 +0 +0 +3.162294e-12
26 +0 +0 +0 +2.484198e-12
27 +0 +0 +0 +2.301064e-12
28 +0 +0 +0 +1.548396e-12
29 +0 +0 +0 +1.038779e-12
30 +0 +0 +0 +1.642970e-12
31 +0 +0 +0 +2.061581e-12
32 +0 +0 +0 +1.931624e-12
33 +0 +0 +0 +1.779407e-12
34 +0 +0 +0 +1.278616e-12
35 +0 +0 +0 +7.044192e-13
36 +0 +0 +0 +2.853036e-13
37 +0 +0 +0 +3.513262e-13
38 +0 +0 +0 +2.094017e-13
39 +0 +0 +0 +3.508228e-13
40 +0 +0 +0 +4.283834e-13
41 +0 +0 +0 +8.813432e-16
42 +0 +0 +0 -7.397872e-14
43 +0 +0 +0 +3.149091e-14
44 +0 +0 +0 +1.317217e-13
45 +0 +0 +0 +2.786926e-13
46 +0 +0 +0 -4.450775e-14
47 +0 +0 +0 -1.072139e-13
48 +0 +0 +0 -1.200801e-13
49 +0 +0 +0 -1.966265e-13
50 +0 +0 +0 -1.512388e-13
51 +0 +0 +0 -3.467886e-13
52 +0 +0 +0 -2.144142e-13
53 +0 +0 +0 -2.209064e-13
54 +0 +0 +0 -1.987167e-13
55 +0 +0 +0 -1.400792e-13
56 +0 +0 +0 -1.523271e-13
57 +0 +0 +0 -2.023013e-13
58 +0 +0 +0 -1.763847e-13
59 +0 +0 +0 -5.132632e-14
60 +0 +0 +0 -1.383482e-13
61 +0 +0 +0 -1.116668e-13
62 +0 +0 +0 -1.169120e-13
63 +0 +0 +0 -1.243344e-13
