0 +0 +0 +0 +1.403877e-08
1 +0 +0 +0 +2.460948e-08
2 +0 +0 +0 +1.372903e-08
3 +0 +0 +0 +8.098086e-09
4 +0 +0 +0 +5.110947e-09
5 +0 +0 +0 +3.207861e-09
6 +0 +0 +0 +2.092212e-09
7 +0 +0 +0 +1.361260e-09
8 +0 +0 +0 +8.906864e-10
9 +0 +0 +0 +6.114492e-10
10 +0 +0 +0 +4.038007e-10
11 +0 +0 +0 +2.859263e-10
12 +0 +0 +0 +2.069700e-10
13 +0 +0 +0 +1.373719e-10
14 +0 +0 +0 +9.839784e-11
15 +0 +0 +0 +6.568462e-11
16 +0 +0 +0 +4.462798e-11
17 +0 +0 +0 +3.262514e-11
18 +0 +0 +0 +2.071053e-11
19 +0 +0 +0 +1.564375e-11
20 +0 +0 +0 +1.205584e-11
21 +0 +0 +0 +6.118751e-12
22 +0 +0 +0 +4.211946e-12
23 +0 +0 +0 +2.214075e-12
24 +0 +0 +0 +7.559605e-13
25 +0 +0 +0 -1.956480e-13
26 +0 +0 +0 +5.535925e-13
27 +0 +0 +0 +5.413627e-13
28 +0 +0 +0 +8.045526e-13
29 +0 +0 +0 +6.033393e-13
30 +0 +0 +0 +1.760784e-13
31 +0 +0 +0 +3.127681e-14
32 +0 +0 +0 +3.322965e-13
33 +0 +0 +0 +6.518267e-13
34 +0 +0 +0 +6.307164e-13
35 +0 +0 +0 +5.948562e-13
36 +0 +0 +0 +2.890807e-13
37 +0 +0 +0 -9.066090e-14
38 +0 +0 +0 -1.874549e-13
39 +0 +0 +0 -2.549385e-13
40 +0 +0 +0 -1.287995e-13
41 +0 +0 +0 -3.366423e-13
42 +0 +0 +0 -4.134839e-13
43 +0 +0 +0 -2.024653e-13
44 +0 +0 +0 -5.470624e-14
45 +0 +0 +0 -2.243325e-13
46 +0 +0 +0 -2.828464e-13
47 +0 +0 +0 -4.841055e-13
48 +0 +0 +0 -2.582058e-13
49 +0 +0 +0 -3.728450e-13
50 +0 +0 +0 -3.668484e-13
51 +0 +0 +0 -3.359685e-13
52 +0 +0 +0 -2.924766e-13
53 +0 +0 +0 -2.232522e-13
54 +0 +0 +0 -2.130690e-13
55 +0 +0 +0 -1.531286e-13
56 +0 +0 +0 -1.148443e-13
57 +0 +0 +0 -1.070966e-13
58 +0 +0 +0 -8.658604e-14
59 +0 +0 +0 -1.170139e-13
60 +0 +0 +0 -1.477727e-13
61 +0 +0 +0 -1.919183e-13
62 +0 +0 +0 -1.572853e-13
63 +0 +0 +0 -3.287681e-14
