0 +0 +0 +0 +1.329221e-08
1 +0 +0 +0 +2.501312e-08
2 +0 +0 +0 +1.400824e-08
3 +0 +0 +0 +8.212709e-09
4 +0 +0 +0 +5.062820e-09
5 +0 +0 +0 +3.253612e-09
6 +0 +0 +0 +2.056692e-09
7 +0 +0 +0 +1.359621e-09
8 +0 +0 +0 +8.986385e-10
9 +0 +0 +0 +6.041426e-10
10 +0 +0 +0 +3.947113e-10
11 +0 +0 +0 +2.531962e-10
12 +0 +0 +0 +1.688614e-10
13 +0 +0 +0 +1.118051e-10
14 +0 +0 +0 +7.485666e-11
15 +0 +0 +0 +5.271924e-11
16 +0 +0 +0 +3.291255e-11
17 +0 +0 +0 +2.235709e-11
18 +0 +0 +0 +1.624978e-11
19 +0 +0 +0 +1.018319e-11
20 +0 +0 +0 +9.037873e-12
21 +0 +0 +0 +3.631660e-12
22 +0 +0 +0 +1.132153e-12
23 +0 +0 +0 +1.186256e-13
24 +0 +0 +0 +5.387471e-13
25 +0 +0 +0 +2.085266e-12
26 +0 +0 +0 +1.161398e-12
27 +0 +0 +0 +1.401371e-12
28 +0 +0 +0 +2.059360e-13
29 +0 +0 +0 +7.712389e-13
30 +0 +0 +0 +7.017475e-13
31 +0 +0 +0 +3.001444e-13
32 +0 +0 +0 +4.844344e-13
33 +0 +0 +0 +6.039219e-13
34 +0 +0 +0 +7.956048e-13
35 +0 +0 +0 +4.461515e-13
36 +0 +0 +0 -8.771813e-14
37 +0 +0 +0 +2.025827e-13
38 +0 +0 +0 +7.394676e-14
39 +0 +0 +0 -2.460244e-14
40 +0 +0 +0 +4.502556e-14
41 +0 +0 +0 -1.065556e-13
42 +0 +0 +0 +1.322345e-13
43 +0 +0 +0 +1.965170e-13
44 +0 +0 +0 -5.706536e-15
45 +0 +0 +0 +3.334380e-14
46 +0 +0 +0 +2.018738e-13
47 +0 +0 +0 +2.929707e-13
48 +0 +0 +0 +1.555229e-13
49 +0 +0 +0 -8.167881e-15
50 +0 +0 +0 -1.682048e-14
51 +0 +0 +0 -1.082678e-13
52 +0 +0 +0 -3.768592e-14
53 +0 +0 +0 +4.796397e-14
54 +0 +0 +0 +1.065463e-13
55 +0 +0 +0 +9.401610e-14
56 +0 +0 +0 +1.104603e-13
57 +0 +0 +0 +1.630963e-13
58 +0 +0 +0 +1.776423e-13
59 +0 +0 +0 +1.359203e-13
60 +0 +0 +0 +8.976005e-14
61 +0 +0 +0 +7.900468e-14
62 +0 +0 +0 +5.792358e-14
63 +0 +0 +0 +4.265209e-14
